Mass [kg]        Velocity [m s-1]    Theta [rad]    CO2 [frac]    
2.0258752653e-08 1.1615466931e+04 1.0191179055e+00 7.2000000000e-01 
2.6706570554e-11 1.2196241829e+04 9.4120748409e-01 7.2000000000e-01 
2.3499999999e-07 1.2763261740e+04 5.3257680095e-01 7.2000000000e-01 
2.0213377552e-09 1.1881139322e+04 6.4669363536e-01 7.2000000000e-01 
1.0627978088e-11 2.0000000000e+04 9.9575723700e-01 7.2000000000e-01 
1.3846104851e-10 1.3819485882e+04 1.0543652810e+00 7.2000000000e-01 
2.3500000000e-07 2.0000000000e+04 3.1232604633e-01 7.2000000000e-01 
5.8711850768e-11 1.5399850763e+04 5.6288662231e-01 7.2000000000e-01 
5.1715332101e-09 1.3351116039e+04 3.8624159161e-01 7.2000000000e-01 
1.9955036326e-11 1.2022991232e+04 5.3807993810e-01 7.2000000000e-01 
7.4158786335e-08 1.5439066885e+04 1.2466952376e+00 7.2000000000e-01 
1.0504067352e-08 1.5651607038e+04 1.1199405553e+00 7.2000000000e-01 
2.0520293760e-09 1.1941731198e+04 1.0254386296e+00 7.2000000000e-01 
2.3499999999e-07 1.1809507903e+04 3.1622910182e-01 7.2000000000e-01 
2.4882501256e-11 1.8591219519e+04 1.0115243947e+00 7.2000000000e-01 
3.1185879295e-11 1.1562544447e+04 1.0709500771e+00 7.2000000000e-01 
1.0440953586e-08 1.5190447943e+04 6.8482831296e-01 7.2000000000e-01 
9.6244813184e-09 1.3830851778e+04 8.0789846166e-01 7.2000000000e-01 
2.3500000000e-07 1.7778422833e+04 5.0266208412e-01 7.2000000000e-01 
2.5800783041e-11 1.4372072413e+04 1.0081927506e+00 7.2000000000e-01 
8.8523451809e-10 1.1311342903e+04 6.1629600908e-01 7.2000000000e-01 
2.3500000000e-07 1.2805485643e+04 7.0974979447e-01 7.2000000000e-01 
2.3499999999e-07 1.2739955790e+04 7.1141903958e-01 7.2000000000e-01 
1.4109546718e-07 1.4533984857e+04 3.9213808914e-01 7.2000000000e-01 
5.6710317057e-09 1.1613785838e+04 1.2826869610e+00 7.2000000000e-01 
2.3499999999e-07 1.3828021507e+04 1.1076606771e+00 7.2000000000e-01 
4.6793812755e-09 1.4907592529e+04 4.8956561749e-01 7.2000000000e-01 
7.8299254620e-11 1.2472574269e+04 3.7586969219e-01 7.2000000000e-01 
2.9541369503e-11 1.5178501886e+04 8.2987043699e-01 7.2000000000e-01 
2.8366490110e-09 1.1481536049e+04 5.1944719837e-01 7.2000000000e-01 
3.3143422303e-09 1.1377683386e+04 3.3027251418e-01 7.2000000000e-01 
5.5126012608e-10 1.5045675275e+04 5.3439069781e-01 7.2000000000e-01 
4.2490330882e-08 1.4730219754e+04 6.7228285352e-01 7.2000000000e-01 
1.6594410615e-08 1.6127092556e+04 6.6010037673e-01 7.2000000000e-01 
2.3499999999e-07 1.2231335026e+04 1.3202708678e+00 7.2000000000e-01 
5.7122942025e-10 1.5419618796e+04 4.1291276994e-01 7.2000000000e-01 
1.1543150066e-09 1.3990811098e+04 4.3298869277e-01 7.2000000000e-01 
2.3499999999e-07 1.3003789047e+04 8.4600670278e-01 7.2000000000e-01 
1.8556427986e-10 1.2487416299e+04 1.1506541697e+00 7.2000000000e-01 
6.9822269915e-09 1.4091792617e+04 1.0234061367e+00 7.2000000000e-01 
4.2375006580e-08 1.3031122145e+04 2.4588031944e-01 7.2000000000e-01 
7.6099498090e-10 1.1880857683e+04 6.2820904836e-01 7.2000000000e-01 
2.4112810872e-08 1.2921937168e+04 1.0531792134e+00 7.2000000000e-01 
1.0397925411e-08 1.1570644237e+04 3.8585870079e-01 7.2000000000e-01 
2.0331557351e-07 1.2912241395e+04 7.2892550208e-01 7.2000000000e-01 
9.2684465721e-09 2.0000000000e+04 1.5183753615e+00 7.2000000000e-01 
6.9646279925e-10 1.1297622149e+04 1.4013350119e+00 7.2000000000e-01 
3.3037874332e-08 1.3533091563e+04 3.1796687558e-01 7.2000000000e-01 
5.2811932354e-10 1.1454067525e+04 1.3241200187e+00 7.2000000000e-01 
5.0625873295e-10 1.1520118933e+04 1.3577756341e+00 7.2000000000e-01 
9.3730865618e-11 1.1794810631e+04 9.0482525885e-01 7.2000000000e-01 
1.9925139754e-10 1.6106365543e+04 3.9931876757e-01 7.2000000000e-01 
2.3499999999e-07 2.0000000000e+04 1.1391204804e+00 7.2000000000e-01 
7.1165258369e-10 1.4473792491e+04 8.8076313675e-01 7.2000000000e-01 
4.3898109861e-10 1.3044661675e+04 1.0779466023e+00 7.2000000000e-01 
2.3500000000e-07 1.4199583659e+04 4.8260393651e-01 7.2000000000e-01 
5.6490187193e-08 1.3688083428e+04 4.4977710400e-01 7.2000000000e-01 
1.9158020970e-10 1.7780065203e+04 3.4385543603e-01 7.2000000000e-01 
4.3133764931e-09 1.4595995210e+04 1.1372000400e+00 7.2000000000e-01 
1.1175628466e-07 1.1377676966e+04 6.4465680075e-01 7.2000000000e-01 
2.2084455762e-09 1.2653999623e+04 2.6466129611e-01 7.2000000000e-01 
1.9296534263e-09 1.2671949288e+04 1.3929731109e+00 7.2000000000e-01 
1.5197515572e-09 1.1605389005e+04 6.9424061903e-01 7.2000000000e-01 
1.1311481128e-09 1.2215584926e+04 1.3794839902e+00 7.2000000000e-01 
8.7670473858e-10 1.2725578407e+04 2.2704354885e-01 7.2000000000e-01 
5.7355296540e-10 1.5868753470e+04 1.0354541302e+00 7.2000000000e-01 
1.1510673234e-11 1.8067151406e+04 1.1248841142e+00 7.2000000000e-01 
3.0923853958e-11 1.4619312106e+04 4.5950469218e-01 7.2000000000e-01 
2.0569879440e-08 1.3285806484e+04 9.8321097589e-01 7.2000000000e-01 
2.3499999999e-07 1.2604038984e+04 6.1548935851e-01 7.2000000000e-01 
2.3403309180e-08 1.4722322095e+04 5.4669928838e-01 7.2000000000e-01 
1.7567941517e-09 1.7406793709e+04 1.3806062649e+00 7.2000000000e-01 
1.3845050623e-07 1.2120806064e+04 1.0408449785e+00 7.2000000000e-01 
2.3500000000e-07 2.0000000000e+04 8.8764339550e-01 7.2000000000e-01 
2.3500000000e-07 1.3204571143e+04 9.5733695500e-01 7.2000000000e-01 
2.3500000000e-07 1.7646928484e+04 9.5251867504e-01 7.2000000000e-01 
1.0560515179e-08 1.1432216698e+04 7.4527327956e-01 7.2000000000e-01 
2.7232389283e-08 1.1349032557e+04 5.8496633144e-01 7.2000000000e-01 
6.8705016605e-10 1.2646340107e+04 3.6366713506e-01 7.2000000000e-01 
3.7280003429e-08 1.1388142190e+04 1.1326770028e+00 7.2000000000e-01 
2.3500000000e-07 1.2176067836e+04 7.5588162060e-01 7.2000000000e-01 
2.3269908077e-11 1.1569432998e+04 4.5406207995e-01 7.2000000000e-01 
5.8098693232e-13 1.3449002001e+04 1.6625048806e-01 7.2000000000e-01 
2.2439821164e-07 1.1472524418e+04 1.1098949613e+00 7.2000000000e-01 
2.3500000000e-07 1.6051137993e+04 1.2484181728e+00 7.2000000000e-01 
1.3718537921e-07 1.1843368945e+04 1.1646542507e+00 7.2000000000e-01 
2.3500000000e-07 1.2895876043e+04 2.6258633119e-01 7.2000000000e-01 
4.0832115484e-08 1.7745169226e+04 3.9109670519e-01 7.2000000000e-01 
1.5988829416e-10 1.3615938380e+04 1.0712789876e+00 7.2000000000e-01 
2.3500000000e-07 1.2878518268e+04 3.8833350045e-01 7.2000000000e-01 
6.4894974054e-11 1.3109554501e+04 5.7471009626e-01 7.2000000000e-01 
6.4936996538e-08 1.2504902529e+04 7.5554577993e-01 7.2000000000e-01 
2.0906995301e-11 1.4842250342e+04 8.1611061936e-01 7.2000000000e-01 
3.2310446917e-09 1.6578778991e+04 9.1792578671e-01 7.2000000000e-01 
2.0442633024e-09 1.1813250359e+04 1.3135935574e+00 7.2000000000e-01 
3.7665866278e-09 1.7835091994e+04 8.8146174921e-01 7.2000000000e-01 
2.6181971268e-11 2.0000000000e+04 2.7694747470e-01 7.2000000000e-01 
8.5981608251e-09 1.3912100409e+04 5.1620389810e-01 7.2000000000e-01 
2.3499999999e-07 1.1436642849e+04 6.3390250759e-01 7.2000000000e-01 
2.3499999999e-07 1.1928821293e+04 9.6204393351e-01 7.2000000000e-01 
2.3500000000e-07 1.6238587533e+04 8.9742816972e-01 7.2000000000e-01 
1.7116707068e-09 1.2008103767e+04 8.6340122591e-01 7.2000000000e-01 
2.1258811702e-07 1.6068978850e+04 8.5874089284e-01 7.2000000000e-01 
2.9038232910e-08 1.3885902128e+04 8.3193106494e-01 7.2000000000e-01 
2.5286803976e-08 1.1617987840e+04 4.5443924017e-01 7.2000000000e-01 
8.5983864285e-08 1.5600122296e+04 9.6453903695e-01 7.2000000000e-01 
2.7628170606e-10 1.4218049286e+04 7.9437633443e-01 7.2000000000e-01 
1.4634625399e-07 1.2285885719e+04 5.8120204267e-01 7.2000000000e-01 
7.1607618735e-11 1.3379123942e+04 9.5575746131e-01 7.2000000000e-01 
1.1641953840e-10 1.3340171631e+04 4.9631494503e-01 7.2000000000e-01 
2.3499999999e-07 1.2143450133e+04 3.6666415022e-01 7.2000000000e-01 
2.4236683054e-12 1.1578174254e+04 1.2729924087e+00 7.2000000000e-01 
1.1623453608e-07 1.9300404109e+04 9.5870174567e-01 7.2000000000e-01 
2.4790194218e-10 1.2330127572e+04 1.1302048750e+00 7.2000000000e-01 
8.6638652714e-10 2.0000000000e+04 1.2506764500e+00 7.2000000000e-01 
4.6753527639e-09 1.9536795966e+04 2.1756734386e-01 7.2000000000e-01 
1.1124097563e-08 1.4419270203e+04 8.9697612303e-01 7.2000000000e-01 
2.3500000000e-07 2.0000000000e+04 1.0204900993e+00 7.2000000000e-01 
3.5324609183e-10 1.4898323646e+04 7.8564420145e-01 7.2000000000e-01 
1.8474231851e-09 1.1297285850e+04 1.1575909108e+00 7.2000000000e-01 
1.4854588907e-08 1.4088044229e+04 5.5178194008e-01 7.2000000000e-01 
4.7968867812e-08 1.4638720525e+04 5.0413290643e-01 7.2000000000e-01 
2.7904560064e-09 1.2818168241e+04 1.1388631997e+00 7.2000000000e-01 
6.6727841994e-10 1.7681973631e+04 6.9641579730e-01 7.2000000000e-01 
4.1602134219e-10 1.5977941663e+04 8.5359107459e-01 7.2000000000e-01 
5.5529416055e-08 1.2149160150e+04 1.3855231652e+00 7.2000000000e-01 
2.3499999999e-07 2.0000000000e+04 5.2827203952e-01 7.2000000000e-01 
8.6964121376e-10 1.1223733934e+04 6.4995315075e-01 7.2000000000e-01 
2.3500000000e-07 1.5704424638e+04 7.2727280862e-01 7.2000000000e-01 
1.3226916589e-09 1.1331367490e+04 5.2245107229e-01 7.2000000000e-01 
3.1253271313e-09 1.1816287967e+04 8.5417701557e-01 7.2000000000e-01 
2.0201003244e-10 1.1474751549e+04 1.2693883762e+00 7.2000000000e-01 
2.3499999999e-07 1.1701068354e+04 1.3234653844e+00 7.2000000000e-01 
7.1040437013e-10 1.4673704807e+04 7.0502339569e-01 7.2000000000e-01 
2.2939726376e-12 1.5826955040e+04 1.0333411641e+00 7.2000000000e-01 
2.4193391674e-08 2.0000000000e+04 8.3335764824e-01 7.2000000000e-01 
1.7035184421e-07 1.1392252594e+04 8.8563751174e-01 7.2000000000e-01 
2.3500000000e-07 1.3314879639e+04 1.0444597015e+00 7.2000000000e-01 
1.8765758246e-11 1.8914898208e+04 1.1120974449e+00 7.2000000000e-01 
1.3585822672e-10 1.3149297110e+04 8.5786184841e-01 7.2000000000e-01 
5.6904095079e-11 1.7056998586e+04 4.3465750539e-01 7.2000000000e-01 
3.1480476703e-08 1.2445334581e+04 1.0577247097e+00 7.2000000000e-01 
2.3500000000e-07 1.1487653579e+04 3.2071014418e-01 7.2000000000e-01 
2.3499999999e-07 1.2842782025e+04 4.4059911188e-01 7.2000000000e-01 
2.6851891829e-09 1.7663698827e+04 3.1965642341e-01 7.2000000000e-01 
4.3281555928e-12 1.2777945671e+04 6.2464859102e-01 7.2000000000e-01 
1.0863979996e-09 1.1255608583e+04 5.3317633456e-01 7.2000000000e-01 
1.0110603547e-09 2.0000000000e+04 1.0442576736e+00 7.2000000000e-01 
1.3509186097e-08 1.5518043909e+04 3.0928046059e-01 7.2000000000e-01 
2.3499999999e-07 1.3590483435e+04 6.2095081018e-01 7.2000000000e-01 
2.3500000000e-07 2.0000000000e+04 1.4590948996e+00 7.2000000000e-01 
2.3549386830e-10 1.1940882365e+04 1.3162996629e+00 7.2000000000e-01 
1.7730100241e-10 1.9122011018e+04 6.7003514292e-01 7.2000000000e-01 
2.3500000000e-07 1.2797691685e+04 9.7565455322e-01 7.2000000000e-01 
2.6969675754e-08 1.1668356528e+04 1.1426439935e+00 7.2000000000e-01 
2.3500000000e-07 1.5941053766e+04 1.2859185094e+00 7.2000000000e-01 
7.2725293739e-08 1.1444889953e+04 4.5849008715e-01 7.2000000000e-01 
1.1690414031e-09 1.2567236184e+04 6.8293532783e-01 7.2000000000e-01 
1.1625789025e-08 1.1432404599e+04 1.4671809296e+00 7.2000000000e-01 
9.3083307030e-12 1.1380892800e+04 6.4161933165e-01 7.2000000000e-01 
2.4144829606e-10 1.6427979020e+04 1.3358339795e+00 7.2000000000e-01 
4.6766642362e-09 1.1925327937e+04 6.0886892576e-01 7.2000000000e-01 
9.5819482141e-10 1.2109454596e+04 2.7440810190e-01 7.2000000000e-01 
1.6162154381e-08 1.2348389715e+04 6.2607951380e-01 7.2000000000e-01 
2.1113164216e-10 2.0000000000e+04 5.4005235219e-01 7.2000000000e-01 
2.7204842984e-09 1.1545744669e+04 6.4981063747e-01 7.2000000000e-01 
1.7938404072e-11 1.1337405197e+04 1.0118366371e+00 7.2000000000e-01 
9.4457308078e-09 1.3378076924e+04 1.2389378182e-01 7.2000000000e-01 
2.3499999999e-07 1.2303929196e+04 8.1328850351e-01 7.2000000000e-01 
2.3500000000e-07 1.1947250760e+04 1.1758124943e+00 7.2000000000e-01 
2.3500000000e-07 1.1516003931e+04 7.7407151840e-02 7.2000000000e-01 
7.2973343795e-09 1.9831576614e+04 1.2705389529e+00 7.2000000000e-01 
4.3043037869e-11 1.1471177861e+04 1.2196914424e+00 7.2000000000e-01 
2.3499999999e-07 1.1223604565e+04 1.0256885241e+00 7.2000000000e-01 
2.6259308632e-09 1.1555257741e+04 1.0333521428e+00 7.2000000000e-01 
1.7068341884e-08 1.1814769864e+04 1.4082859208e+00 7.2000000000e-01 
2.1415295344e-10 1.5173058219e+04 9.5189335899e-02 7.2000000000e-01 
1.3510009819e-10 1.6075098895e+04 4.1121149232e-01 7.2000000000e-01 
2.3499999999e-07 1.7169477006e+04 3.4702838080e-01 7.2000000000e-01 
6.6381741399e-09 1.1231894189e+04 9.1267535019e-01 7.2000000000e-01 
2.3500000000e-07 1.1603770553e+04 8.2052850233e-01 7.2000000000e-01 
2.3500000000e-07 1.4106054047e+04 7.5043222765e-01 7.2000000000e-01 
3.5928337480e-09 1.2454132253e+04 4.6962443606e-01 7.2000000000e-01 
1.7448376874e-07 2.0000000000e+04 1.0793094088e+00 7.2000000000e-01 
2.3093148028e-08 1.2111389128e+04 7.5759004388e-01 7.2000000000e-01 
9.5414119196e-10 1.2719926040e+04 1.2750077328e+00 7.2000000000e-01 
5.2354239224e-08 1.3445692252e+04 8.1013740227e-01 7.2000000000e-01 
2.3499999999e-07 1.9316610711e+04 1.2454493248e+00 7.2000000000e-01 
2.3500000000e-07 2.0000000000e+04 9.3689156493e-01 7.2000000000e-01 
2.7730655268e-09 1.1702125329e+04 6.4284496000e-01 7.2000000000e-01 
3.7782829038e-08 2.0000000000e+04 7.2267560402e-01 7.2000000000e-01 
5.4195595077e-09 1.1909288095e+04 5.3644998183e-01 7.2000000000e-01 
2.3694676212e-09 1.4968368056e+04 4.0514539684e-01 7.2000000000e-01 
8.8161433086e-11 1.5462266188e+04 4.5666511360e-01 7.2000000000e-01 
1.3920730124e-07 1.1396057616e+04 5.0650633143e-01 7.2000000000e-01 
3.2583080067e-10 1.1908332924e+04 9.8496011939e-01 7.2000000000e-01 
1.1126583432e-07 1.2764414129e+04 1.2395991543e+00 7.2000000000e-01 
1.5679556133e-07 1.1517748846e+04 6.1311886209e-01 7.2000000000e-01 
1.3945006427e-11 1.1227075581e+04 7.5195345962e-01 7.2000000000e-01 
1.1073836816e-07 1.1995975136e+04 7.6528359831e-01 7.2000000000e-01 
