Radius [m]       Fe Area [frac]    Max Temp [k]    
1.0081596193e-04 1.8967527547e-01 2.3286626124e+03 
9.6880352845e-06 1.0000000000e+00 1.5363811477e+03 
1.0062090914e-04 2.0303699433e-01 2.5695841316e+03 
4.8013917644e-05 2.1706716825e-01 2.2344172079e+03 
7.1295875438e-06 1.0000000000e+00 1.5157234594e+03 
1.8765131831e-05 4.5679431629e-01 1.8324741341e+03 
6.8424988814e-06 3.8290148632e-01 2.6900050979e+03 
1.4484988331e-05 3.1900633980e-01 2.1105332375e+03 
4.4285285978e-05 2.9304065508e-01 2.4273939964e+03 
8.7740164668e-06 1.0000000000e+00 1.6359750299e+03 
7.5555201502e-05 3.6624139974e-01 2.3931762688e+03 
4.5605841007e-05 3.8053320615e-01 2.3655583109e+03 
4.8364590177e-05 3.0268502484e-01 2.0522651497e+03 
1.2468485414e-04 1.6534989649e-01 2.5837103727e+03 
1.0853876635e-05 3.5399626498e-01 2.0063707693e+03 
1.0207019911e-05 1.0000000000e+00 1.4171860704e+03 
3.3193626558e-05 3.4308181537e-01 2.4309734491e+03 
5.1213433820e-05 3.1354899672e-01 2.4175779146e+03 
1.8349391657e-05 3.3753620372e-01 2.6427406969e+03 
1.0054233430e-05 6.6086064047e-01 1.6792367908e+03 
3.6745153875e-05 2.8776850308e-01 2.0610434053e+03 
1.0549450961e-04 2.1335667166e-01 2.5531623752e+03 
1.0747655596e-04 2.1186767280e-01 2.5530739742e+03 
5.2376844809e-05 2.5930361085e-01 2.5555339661e+03 
6.5429483114e-05 4.2526399677e-01 1.8635234952e+03 
1.0569022906e-04 2.7782884602e-01 2.4821553139e+03 
3.0070257558e-05 3.4212014677e-01 2.4169665338e+03 
1.5818140389e-05 4.0146746002e-01 1.9024093949e+03 
1.1332379779e-05 4.2394593910e-01 1.8763140652e+03 
5.3763090325e-05 1.9040982274e-01 2.2668744570e+03 
5.6036035766e-05 1.7586237972e-01 2.3073668380e+03 
2.3990799142e-05 3.7128749889e-01 2.3557727873e+03 
4.5170690177e-05 3.0076080706e-01 2.4851809761e+03 
2.5831325554e-05 3.5892175864e-01 2.4508984033e+03 
2.1886254484e-04 2.4020759216e-01 2.3617998463e+03 
2.0998752746e-05 3.7930437118e-01 2.3550267746e+03 
3.1592000755e-05 3.3624686520e-01 2.3748690041e+03 
1.0667968353e-04 2.2765903530e-01 2.5352488400e+03 
1.9033375473e-05 7.4496290729e-01 1.6595957784e+03 
5.5741008131e-05 3.3872453894e-01 2.3756763836e+03 
6.5234799064e-05 2.3920624517e-01 2.5136559134e+03 
3.4926990664e-05 2.7327191666e-01 2.1038000486e+03 
8.8194375243e-05 2.8916004524e-01 2.4045813080e+03 
7.3127505937e-05 2.2610729489e-01 2.4378126415e+03 
1.0061314551e-04 2.2070434477e-01 2.5448041155e+03 
6.8119810920e-05 1.0000000000e+00 3.2029527208e+02 
2.8745464840e-05 1.0000000000e+00 1.2770493995e+03 
5.5172350046e-05 2.6017367714e-01 2.4999647399e+03 
2.6209319976e-05 1.0000000000e+00 1.4632138285e+03 
2.5845265725e-05 1.0000000000e+00 1.3893332148e+03 
1.5459678049e-05 6.6150712414e-01 1.6794569392e+03 
1.6583182638e-05 4.0079856460e-01 2.3386782426e+03 
1.3252631803e-05 4.4392611324e-01 2.5598015777e+03 
3.2023763910e-05 3.0260129759e-01 2.2567785191e+03 
2.8077506525e-05 4.0297831159e-01 1.9041164385e+03 
6.4809275183e-05 2.4175181942e-01 2.5722343571e+03 
5.9169224833e-05 2.5760020288e-01 2.5145022045e+03 
1.0594099352e-05 4.4069314420e-01 2.3258277591e+03 
5.5071575893e-05 3.4843389766e-01 2.3252184631e+03 
1.2853560381e-04 1.8326494390e-01 2.5282136075e+03 
4.4032604714e-05 2.8689838868e-01 2.3930939542e+03 
4.0356838169e-05 1.0000000000e+00 1.5144823965e+03 
4.4165589608e-05 2.4508661152e-01 2.1475788759e+03 
3.3782897454e-05 1.0000000000e+00 1.4731828698e+03 
3.4968869974e-05 2.4583962149e-01 2.2943418393e+03 
2.9161729783e-05 3.3988388993e-01 2.2498815456e+03 
7.3221046305e-06 1.0000000000e+00 1.3868012510e+03 
1.1693267186e-05 3.7088524096e-01 1.9660228508e+03 
7.4326655769e-05 2.9589422125e-01 2.4180689998e+03 
1.0772510353e-04 2.0275678382e-01 2.5628968605e+03 
3.9536888846e-05 3.0764890537e-01 2.4728743908e+03 
4.4270785298e-05 4.1892848368e-01 1.8784955474e+03 
1.3956184820e-04 2.3036161955e-01 2.4780884637e+03 
9.2195528053e-06 4.1463215906e-01 2.6374437449e+03 
1.0861587034e-04 2.4289978678e-01 2.5161500977e+03 
2.5331824367e-05 3.6556743056e-01 2.5211022146e+03 
8.0290821443e-05 1.8099509483e-01 2.3581424414e+03 
9.6414529839e-05 2.0615230781e-01 2.4630639442e+03 
3.3033571935e-05 2.4321260187e-01 2.2382232922e+03 
1.2605340290e-04 1.7881055353e-01 2.2949422335e+03 
1.2719962867e-04 1.9804080158e-01 2.5492641449e+03 
9.2389113477e-06 1.0000000000e+00 1.6292812627e+03 
2.7059923904e-06 1.0000000000e+00 1.1033174552e+03 
1.8676510842e-04 2.0789741521e-01 2.4728466912e+03 
7.0917559917e-05 3.6541786277e-01 2.4335166570e+03 
1.6708122951e-04 2.3783882856e-01 2.4340050459e+03 
9.2101532426e-05 1.9792272219e-01 2.5843991111e+03 
1.4490100328e-05 3.7351169742e-01 2.5101023993e+03 
1.9614672826e-05 4.6769194008e-01 1.8196540619e+03 
9.4308405750e-05 2.0097272646e-01 2.5788405537e+03 
1.4818802234e-05 4.0848711409e-01 1.8968214756e+03 
9.2914480313e-05 2.3372404134e-01 2.4964314052e+03 
9.9107001441e-06 4.8031629363e-01 1.8016470538e+03 
2.4427397328e-05 4.0375524868e-01 2.3625137919e+03 
4.3409909879e-05 6.4289897154e-01 1.6864998476e+03 
1.6175716174e-05 4.3232858607e-01 2.3744584420e+03 
6.1463425922e-06 4.7824607653e-01 2.2984810053e+03 
4.2887313396e-05 3.0329925987e-01 2.4390458622e+03 
1.4641901721e-04 1.6598985292e-01 2.5621327366e+03 
1.5129084878e-04 2.0616471794e-01 2.5176923738e+03 
4.0182172535e-05 3.2215230998e-01 2.5272063475e+03 
4.5762728889e-05 2.5853454828e-01 2.1378655169e+03 
4.0831473715e-05 3.1569040211e-01 2.5287221957e+03 
5.9738930097e-05 2.9425600926e-01 2.4538723369e+03 
8.7111196635e-05 2.1212681027e-01 2.4772170411e+03 
4.6313075952e-05 3.3313122621e-01 2.4740485431e+03 
2.4385061365e-05 2.9749585043e-01 2.1421061683e+03 
1.0625981835e-04 2.0217484486e-01 2.5472013680e+03 
1.4767475979e-05 5.1536997226e-01 1.7675322826e+03 
1.8392736032e-05 3.3193721492e-01 2.0293411464e+03 
1.1509469984e-04 1.7688173606e-01 2.5809276927e+03 
4.3560766337e-06 1.0000000000e+00 9.0213359909e+02 
1.2562116557e-05 4.2097317329e-01 2.5176622628e+03 
2.1711647691e-05 6.0594257052e-01 1.7038103980e+03 
2.1845995375e-05 4.7665586466e-01 2.2947063912e+03 
6.0407570429e-06 4.5301418653e-01 2.4369997176e+03 
4.8029071602e-05 3.3230068527e-01 2.4103754825e+03 
1.0780388494e-05 4.2876828516e-01 2.6023181861e+03 
2.5346372987e-05 3.1079550101e-01 2.2446643576e+03 
4.4772074088e-05 4.4147195458e-01 1.8412973745e+03 
4.4674853342e-05 2.9876393798e-01 2.4559043608e+03 
4.4204802635e-05 2.8904777202e-01 2.5038767308e+03 
5.3426851360e-05 2.9455304504e-01 2.0921500949e+03 
1.3528032798e-05 4.3672312078e-01 2.3351112851e+03 
2.3850946271e-05 3.9678137471e-01 2.3232858279e+03 
1.4272472820e-04 3.6536323288e-01 1.9555776294e+03 
7.3103133715e-06 3.9011640514e-01 2.6732968390e+03 
3.6425724860e-05 3.0112632594e-01 2.0362158811e+03 
4.3296896582e-05 2.9542450897e-01 2.5500725957e+03 
4.2303481458e-05 2.3805566751e-01 2.1469027018e+03 
5.5855080161e-05 2.2471946704e-01 2.2044378209e+03 
1.9026449786e-05 1.0000000000e+00 1.4394955065e+03 
2.2993056578e-04 1.9583489685e-01 2.3069545586e+03 
2.9139130479e-05 3.6178166813e-01 2.3466417892e+03 
4.2769464622e-06 1.0000000000e+00 1.2238104328e+03 
7.5885599769e-06 4.5602493031e-01 2.5190074120e+03 
1.5380886695e-04 1.8939825060e-01 2.5139706461e+03 
1.1358045360e-04 2.5480729619e-01 2.4986052478e+03 
8.6176000593e-06 1.0000000000e+00 1.4513717597e+03 
1.8952640195e-05 4.0916994771e-01 1.8954996136e+03 
1.2844183813e-05 3.9705760887e-01 2.2771483811e+03 
1.0199973828e-04 2.7069881711e-01 2.4125360081e+03 
1.3535668227e-04 1.5502256776e-01 2.5839405357e+03 
9.6255262463e-05 2.0166994119e-01 2.5758577755e+03 
1.1715659872e-05 4.1729016676e-01 2.4070298807e+03 
5.2836553638e-06 1.0000000000e+00 1.4831910495e+03 
3.9554648429e-05 2.5932817398e-01 2.1069008200e+03 
1.0940427127e-05 4.8648288392e-01 2.3090952322e+03 
2.6951155779e-05 3.3532728947e-01 2.4649250334e+03 
8.1445048093e-05 2.3081498911e-01 2.5610119460e+03 
2.0012149456e-04 1.0000000000e+00 4.5532590600e+02 
2.0024854395e-05 1.0000000000e+00 1.4201754760e+03 
8.9213684275e-06 4.6823033579e-01 2.3120890484e+03 
1.2285035378e-04 2.3332411826e-01 2.5145090698e+03 
1.1314122521e-04 1.9670589908e-01 2.2762626513e+03 
8.2367109663e-05 3.7127129809e-01 2.4152427309e+03 
1.1085598052e-04 1.8662371179e-01 2.5251869503e+03 
3.9633433118e-05 2.4341074346e-01 2.2240538532e+03 
7.3464680818e-05 1.0000000000e+00 4.3957006444e+02 
6.8210349828e-06 1.0000000000e+00 1.4490696532e+03 
2.0193530755e-05 1.0000000000e+00 1.3081554049e+03 
6.0362500891e-05 2.1486819143e-01 2.3526440885e+03 
3.7267965663e-05 2.2458538606e-01 2.2371058786e+03 
7.1928156836e-05 2.5026831281e-01 2.4509103386e+03 
6.1419281129e-06 4.8730655573e-01 2.3140541614e+03 
5.3330097323e-05 2.0350787886e-01 2.2336570168e+03 
8.4890030007e-06 1.0000000000e+00 1.3691333817e+03 
4.6263474643e-05 2.7846810723e-01 2.4583114177e+03 
1.2637255497e-04 2.0556835243e-01 2.5416053528e+03 
1.8321122070e-04 2.3221456340e-01 2.4587522827e+03 
1.3182741349e-04 1.5166060381e-01 2.5902862907e+03 
2.1953410214e-05 4.8426415874e-01 2.3094833867e+03 
1.1364993186e-05 1.0000000000e+00 1.3172915497e+03 
1.8520495929e-04 1.8979667526e-01 2.4959994326e+03 
5.2524977415e-05 3.0663688252e-01 2.0358339165e+03 
8.3861461557e-05 9.0433683496e-01 1.6504337810e+03 
1.9240946277e-05 3.7643557806e-01 2.3391455324e+03 
1.6446703672e-05 3.9908311542e-01 2.3202523792e+03 
2.2266038290e-05 3.1803467466e-01 2.6432529090e+03 
7.2416548231e-05 2.0314298251e-01 2.2065356550e+03 
1.5091632874e-04 1.8469294439e-01 2.5404109421e+03 
7.3607170044e-05 2.5207273849e-01 2.5461967616e+03 
5.1720972249e-05 2.7627668476e-01 2.4014191820e+03 
1.1607160057e-05 4.4122945156e-01 2.5724236471e+03 
8.5032062948e-05 2.4325796656e-01 2.4485296413e+03 
3.4642190978e-05 5.4774725987e-01 1.7414470608e+03 
7.2390746461e-05 2.6897207853e-01 2.4797845072e+03 
2.3050174437e-05 4.4567610630e-01 2.4421505669e+03 
9.7033763199e-06 4.1910119188e-01 2.6255729204e+03 
5.3258570674e-05 2.0329217860e-01 2.2557143013e+03 
7.0097846218e-06 4.4173835156e-01 2.5616609108e+03 
6.1935192655e-05 2.2790952566e-01 2.3848005365e+03 
2.6731138116e-05 3.5253926794e-01 2.3973973829e+03 
1.6157362486e-05 3.1527319594e-01 2.2036463245e+03 
1.2873118215e-04 1.7203135577e-01 2.5504696632e+03 
2.4873318046e-05 4.6821036479e-01 1.8122830775e+03 
1.4947334469e-04 2.8326348861e-01 2.4067381900e+03 
1.3169813419e-04 1.7763291811e-01 2.5471814727e+03 
7.8048936291e-06 1.0000000000e+00 1.4487411143e+03 
1.1623844490e-04 2.0888065462e-01 2.5169845096e+03 
