Radius [m]       Fe Area [frac]    Max Temp [k]    
1.5933366588e-05 8.3712227963e-01 1.6996143500e+03 
4.0076253176e-05 9.2200083424e-01 2.2567157537e+03 
5.9781380599e-05 9.2245808744e-01 2.3350102297e+03 
2.3038140393e-06 1.0000000000e+00 1.0799945272e+03 
9.0279539474e-06 8.6703372919e-01 2.1673151589e+03 
2.5292505206e-05 7.4723830442e-01 1.8194153251e+03 
8.3337106859e-05 9.3980573556e-01 2.3485970101e+03 
4.6086900342e-05 9.3978505479e-01 2.3592608865e+03 
3.2967774785e-05 7.7928964687e-01 1.9136851093e+03 
1.2539489070e-05 7.7367094771e-01 1.8912944810e+03 
4.2119378416e-06 1.0000000000e+00 1.0177186509e+03 
1.6895020805e-05 8.6129017191e-01 2.1560411556e+03 
2.5026828925e-05 9.2344336524e-01 2.3347622658e+03 
6.7124790725e-05 9.4447949676e-01 2.4115617372e+03 
3.7925011841e-05 9.2715870311e-01 2.3129252428e+03 
1.3034150833e-05 8.1877566970e-01 1.7644079943e+03 
5.4095662623e-05 9.2477540679e-01 2.2465011387e+03 
4.3381537059e-05 9.1776280111e-01 2.2186806037e+03 
1.9878919827e-05 1.0000000000e+00 1.3026031602e+03 
6.6062145880e-06 1.0000000000e+00 1.3111529035e+03 
1.5820145411e-05 1.0000000000e+00 1.0870263712e+03 
6.1022316066e-05 9.2876703384e-01 2.2792886196e+03 
5.2169806450e-06 8.8895716435e-01 2.3929359478e+03 
1.0903113142e-04 8.9208416655e-01 2.1882928308e+03 
5.3671560189e-05 8.8805012136e-01 2.1862261521e+03 
1.8716742341e-05 7.9555867383e-01 1.9494422859e+03 
9.6805455571e-05 9.4350328652e-01 2.3698249871e+03 
4.8904507253e-05 9.2461903917e-01 2.2845692429e+03 
8.6521795034e-06 8.8589946905e-01 2.2998665747e+03 
1.5505645150e-05 7.9182410347e-01 1.9088192736e+03 
7.5186734567e-05 9.4416663872e-01 2.3941701281e+03 
1.0948623207e-05 8.8328008913e-01 1.6705219155e+03 
5.4135706485e-05 9.3190664424e-01 2.3109528122e+03 
1.0505899370e-05 8.5700614361e-01 2.1414113015e+03 
2.7250883934e-05 9.4325752051e-01 2.5214787248e+03 
5.1964933843e-06 8.6730020854e-01 2.2160021480e+03 
5.6959309245e-05 9.2323855352e-01 2.2911460680e+03 
2.4370132987e-05 1.0000000000e+00 4.8726915716e+02 
2.4169810183e-05 8.2108320581e-01 2.0592539290e+03 
6.6056608033e-05 9.4226224201e-01 2.3815234065e+03 
2.3173709208e-05 7.5919914366e-01 1.8466987300e+03 
3.6347032261e-05 9.2011985621e-01 2.2833938380e+03 
4.3402511205e-06 8.7406963143e-01 2.2567466666e+03 
8.2111068659e-06 1.0000000000e+00 5.2517262493e+02 
6.9494120180e-05 9.3968199827e-01 2.3568847850e+03 
3.6155030064e-05 1.0000000000e+00 3.1836846964e+02 
5.6822532886e-05 9.4468504353e-01 2.4201842415e+03 
2.8193352355e-06 1.0000000000e+00 1.4810355739e+03 
9.1980932688e-05 8.9922132442e-01 2.2213127024e+03 
3.4973420581e-06 1.0000000000e+00 1.2287345033e+03 
3.8403372977e-05 8.9796820072e-01 2.1956746723e+03 
1.0219965669e-05 1.0000000000e+00 1.3442749628e+03 
4.7472922229e-05 9.3047326343e-01 2.2926385359e+03 
1.6202743577e-05 7.9759755364e-01 1.8325865225e+03 
3.4369261594e-05 9.2690525181e-01 2.3817948359e+03 
1.6844359394e-05 8.7727650715e-01 2.1731245256e+03 
7.4015980522e-06 7.7010052791e-01 2.0203146606e+03 
3.0790259713e-05 1.0000000000e+00 1.5107079485e+03 
6.1507009285e-05 9.2640324019e-01 2.2536994306e+03 
3.9156277136e-05 9.1612813192e-01 2.2242879672e+03 
1.8959308962e-05 1.0000000000e+00 3.0000000000e+02 
3.5372109291e-06 8.9813818980e-01 2.4331138582e+03 
5.2980267072e-05 9.3681052189e-01 2.3086214153e+03 
1.9890885154e-05 8.0012847639e-01 1.9993677547e+03 
1.4181476589e-05 8.7412733478e-01 2.1752231621e+03 
2.2276549748e-05 7.9334275708e-01 1.9474714676e+03 
3.2860705181e-05 8.9069965608e-01 2.1894832383e+03 
8.3992426090e-05 9.4392801182e-01 2.3857118855e+03 
5.8169988496e-05 9.4295884837e-01 2.3968795639e+03 
3.1082998712e-05 9.2782297832e-01 2.4630603737e+03 
5.7693048084e-06 8.7867118934e-01 2.2642402442e+03 
4.6528116235e-05 1.0000000000e+00 1.6481973079e+03 
9.7523060740e-06 8.6539818459e-01 2.2049996643e+03 
7.4660658531e-05 9.4361276007e-01 2.3769308658e+03 
2.3528179298e-05 7.9350954541e-01 2.0110895566e+03 
7.3236716427e-05 9.4390600424e-01 2.3877666476e+03 
4.1505759139e-05 9.1351626752e-01 2.2368438016e+03 
2.0012149456e-04 1.0000000000e+00 3.0000000000e+02 
4.1380816747e-05 9.0333592647e-01 2.2003732628e+03 
3.0773168339e-05 7.9238007289e-01 1.8301909616e+03 
5.6458420813e-05 9.4373241056e-01 2.4058421802e+03 
2.1749080525e-05 1.0000000000e+00 1.6401733958e+03 
7.4932877391e-05 9.4134914107e-01 2.3421705819e+03 
1.4539360730e-05 1.0000000000e+00 1.4663588075e+03 
2.2112801100e-05 9.3339145183e-01 2.4980059838e+03 
6.7968314416e-05 9.4371213018e-01 2.3908270902e+03 
9.5188274829e-06 8.4240546737e-01 2.1342387573e+03 
5.2102172391e-06 1.0000000000e+00 1.5274324085e+03 
4.1577531459e-05 9.2596129746e-01 2.2994477161e+03 
1.4124135628e-05 7.7110972298e-01 1.9268392956e+03 
1.7785909811e-05 8.0546622218e-01 2.0414823647e+03 
7.5509168152e-05 9.2506975309e-01 2.3197429635e+03 
7.8271041320e-06 7.2995637220e-01 1.8239236186e+03 
2.5352739057e-05 9.0677629883e-01 2.2430392341e+03 
8.6497047918e-05 9.4301907896e-01 2.3648056468e+03 
1.2730820939e-05 8.7683457720e-01 2.2744341825e+03 
1.0509630382e-04 8.9313848405e-01 2.1912981043e+03 
5.7970397082e-05 9.2417943763e-01 2.3416399624e+03 
1.9452592252e-05 7.8861639136e-01 1.9097776055e+03 
5.4544286438e-05 8.9758660763e-01 2.1944542032e+03 
1.6618141066e-05 7.9821858970e-01 1.8617532658e+03 
1.1155682913e-04 9.4162116246e-01 2.3346991539e+03 
1.1501485924e-05 9.1329833582e-01 2.4750968415e+03 
3.2110012634e-05 8.9474597196e-01 2.1917591875e+03 
3.7793609307e-06 8.8048477736e-01 2.2948353147e+03 
2.9304394412e-05 9.3337620278e-01 2.3796135110e+03 
3.3543530704e-05 8.9916496663e-01 2.2089277472e+03 
6.4761166791e-05 9.3557096664e-01 2.3005079102e+03 
1.8860196068e-05 8.7458578830e-01 1.6767845899e+03 
6.1946934546e-06 8.5788504932e-01 2.1518945644e+03 
4.1038028164e-06 1.0000000000e+00 1.2707074366e+03 
3.7077331691e-05 8.3193285505e-01 2.0851818121e+03 
5.0857529106e-05 9.4284875743e-01 2.4079933365e+03 
5.7731853679e-05 9.2502453804e-01 2.2581294357e+03 
8.9962354800e-05 9.0149682762e-01 2.1993627174e+03 
2.7467537325e-05 9.3282045759e-01 2.4205852170e+03 
1.3599852844e-05 9.0282417587e-01 2.3170341856e+03 
8.9495127222e-05 9.3711321257e-01 2.3074527803e+03 
3.6107273452e-06 8.9378643394e-01 2.4144797496e+03 
3.2563922206e-06 1.0000000000e+00 1.1874110081e+03 
5.2545912926e-05 9.3857048301e-01 2.3223657543e+03 
6.6319233795e-06 7.7064698370e-01 2.0268627212e+03 
1.5395793037e-05 9.2254167885e-01 2.4880044982e+03 
2.6487809937e-05 8.7717474717e-01 2.1473301345e+03 
4.4001868718e-05 9.0169543807e-01 2.1997693224e+03 
1.0584316938e-05 8.6565582592e-01 2.1609744603e+03 
5.0236562783e-05 9.3036140504e-01 2.3591026571e+03 
2.6842231888e-05 8.9385874697e-01 2.1974577246e+03 
2.4248997595e-05 8.0598192864e-01 1.7867960053e+03 
4.5255899271e-05 7.9096448672e-01 1.9184129263e+03 
9.2728336916e-05 9.4302364943e-01 2.3974445944e+03 
3.8201663376e-05 9.1852646516e-01 2.2543134503e+03 
1.7988589486e-05 9.3727869150e-01 2.5223776517e+03 
2.2847126213e-05 9.1127526001e-01 2.2760254132e+03 
4.0682709185e-05 9.1826102778e-01 2.3070541121e+03 
4.6444965545e-05 9.1293359083e-01 2.2505719697e+03 
5.6175654831e-05 7.9134100830e-01 1.9738633743e+03 
1.1370446434e-05 1.0000000000e+00 1.5508065081e+03 
2.7615064780e-05 8.8649210453e-01 2.1854685030e+03 
2.0255225797e-05 9.1824584613e-01 2.3589105793e+03 
2.2148656741e-05 8.9791256350e-01 2.2244245681e+03 
5.0599550961e-06 1.0000000000e+00 1.3120521064e+03 
8.7350759628e-05 9.4377547034e-01 2.3901397234e+03 
1.5183073704e-04 9.1819728866e-01 2.2218573561e+03 
4.8887303940e-06 9.0596091397e-01 2.4600748245e+03 
1.2429726251e-05 1.0000000000e+00 1.5915780105e+03 
1.0245647898e-05 8.7379959375e-01 2.1683416147e+03 
1.8725242725e-05 9.2005939530e-01 2.4715560021e+03 
3.8634493381e-05 8.9388737496e-01 2.1911504606e+03 
2.2699510987e-05 9.0437503626e-01 2.2956628777e+03 
3.9651008106e-05 7.8514223029e-01 1.9450229434e+03 
3.4815980657e-05 8.0319308168e-01 1.7988918449e+03 
1.6647224288e-05 9.0250079412e-01 2.2691300672e+03 
7.7102688760e-06 9.1693527759e-01 2.4983660725e+03 
3.7361213728e-05 9.0875391271e-01 2.2101585058e+03 
6.2068118301e-05 8.9168806596e-01 2.2280177156e+03 
9.7178169156e-05 9.3871513872e-01 2.3212933616e+03 
4.3196050367e-06 1.0000000000e+00 1.5584638613e+03 
2.0012149213e-04 1.0000000000e+00 1.1556711288e+03 
1.2023907004e-05 1.0000000000e+00 1.5628225900e+03 
7.0026317254e-05 8.1948257854e-01 1.7680096747e+03 
3.1943917897e-05 9.0424077486e-01 2.1997040472e+03 
1.4819647726e-05 7.8454319550e-01 1.9994342674e+03 
1.0578176544e-05 1.0000000000e+00 1.4195572110e+03 
7.8474235298e-05 1.0000000000e+00 1.2509384127e+03 
3.4766391584e-05 8.7377026300e-01 2.1680743741e+03 
4.1397516492e-05 8.3068585799e-01 2.0812420285e+03 
7.7756371976e-05 9.4400768748e-01 2.4029343870e+03 
4.5972428833e-05 9.3587428239e-01 2.3589391203e+03 
3.7121452593e-06 8.9309316611e-01 2.4132174904e+03 
2.3111545518e-05 9.1460865284e-01 2.3435006200e+03 
2.9267968791e-05 9.1679724814e-01 2.3504665599e+03 
7.7439918373e-05 9.3762001561e-01 2.3405183012e+03 
1.6482840312e-05 8.5877099045e-01 2.1667977241e+03 
6.2546538533e-06 1.0000000000e+00 1.5238869741e+03 
6.0645380485e-05 9.3807783540e-01 2.3229816617e+03 
2.9582060852e-05 7.7284734919e-01 1.9543182860e+03 
1.1658944827e-04 9.3609579120e-01 2.2915647826e+03 
3.4242623319e-05 8.9022031582e-01 2.1672225367e+03 
2.6374605410e-05 8.9098637087e-01 2.1879410225e+03 
7.8119326846e-05 7.7865177084e-01 1.8996265869e+03 
4.4218724508e-06 9.2079750109e-01 2.5591011590e+03 
3.2278860614e-05 9.2984405828e-01 2.4678665083e+03 
2.7730812971e-05 8.5856340405e-01 2.1361186364e+03 
3.7180852835e-05 9.1304789176e-01 2.2213394728e+03 
3.3374726949e-05 8.9302984314e-01 2.1874952524e+03 
3.2625611389e-05 7.9933229415e-01 1.9767662463e+03 
9.8247134655e-05 9.4344961148e-01 2.3718951688e+03 
4.1980373408e-06 1.0000000000e+00 1.0774069802e+03 
1.8789922943e-05 8.1506385095e-01 1.7806531879e+03 
1.2975976101e-05 8.7404654476e-01 2.1705501613e+03 
7.1412760490e-06 9.0672141591e-01 2.4498942771e+03 
1.4525526382e-04 8.9684668203e-01 2.1920490910e+03 
4.0004916546e-05 9.1561837014e-01 2.3152868113e+03 
3.1100502568e-05 9.2146043481e-01 2.2884857303e+03 
3.4335273955e-05 9.2323644172e-01 2.3197476589e+03 
7.9333062313e-05 9.4322997874e-01 2.3588301981e+03 
2.4708692842e-05 9.2312915484e-01 2.4656082365e+03 
4.1781812523e-05 9.1650483040e-01 2.2286182461e+03 
5.9755433637e-06 8.6979839554e-01 2.2016074491e+03 
