Mass [kg]        Velocity [m s-1]    Theta [rad]    CO2 [ frac]    
3.3059379425e-11 1.2069610498e+04 8.4110284582e-01 5.2000000000e-01 
2.0566213508e-07 1.2238307845e+04 5.0851956259e-01 5.2000000000e-01 
1.0241862091e-11 1.1709975477e+04 8.7552325703e-01 5.2000000000e-01 
7.1798144821e-08 1.3941232710e+04 5.4335311215e-01 5.2000000000e-01 
2.3499999999e-07 1.1854340259e+04 9.7602568979e-01 5.2000000000e-01 
1.1730835090e-09 1.6577793978e+04 5.5639396230e-01 5.2000000000e-01 
2.3500000000e-07 1.3506947186e+04 1.3818409031e+00 5.2000000000e-01 
5.0269531664e-08 1.2566672559e+04 9.6456566715e-01 5.2000000000e-01 
6.3585594858e-08 1.3847476723e+04 1.0702003337e+00 5.2000000000e-01 
4.1256070922e-10 1.3000460704e+04 5.0437820146e-01 5.2000000000e-01 
8.0238020713e-10 1.1362991684e+04 1.0450506757e+00 5.2000000000e-01 
7.7273915512e-10 1.1420766732e+04 6.8739158230e-01 5.2000000000e-01 
4.6368917463e-11 1.1591524614e+04 1.3615886870e+00 5.2000000000e-01 
2.2341671624e-09 1.7172970672e+04 5.7357252742e-01 5.2000000000e-01 
7.0206321686e-09 1.4145679242e+04 2.5143504569e-01 5.2000000000e-01 
1.2733372458e-11 1.1905180669e+04 3.1077000222e-01 5.2000000000e-01 
7.5514885360e-11 1.3263082333e+04 1.2089046122e+00 5.2000000000e-01 
1.4497404988e-11 1.3448264273e+04 8.0625563563e-01 5.2000000000e-01 
3.8430238834e-10 1.2201024451e+04 3.2022112602e-01 5.2000000000e-01 
2.3999008297e-10 1.2309497726e+04 1.0407130127e+00 5.2000000000e-01 
2.3499999999e-07 1.6130944107e+04 1.1096281889e+00 5.2000000000e-01 
1.0015664557e-08 1.1964986380e+04 6.1437895040e-01 5.2000000000e-01 
2.3499999999e-07 1.1248694941e+04 6.6831925529e-01 5.2000000000e-01 
8.7173104782e-10 1.1789793990e+04 1.3723679993e+00 5.2000000000e-01 
9.1481443884e-11 1.3572678608e+04 1.1321943320e+00 5.2000000000e-01 
6.4785995712e-10 1.2311965583e+04 7.8986339697e-01 5.2000000000e-01 
3.6002805046e-09 1.4341368253e+04 1.7063101414e-01 5.2000000000e-01 
4.7533464548e-11 1.5795507652e+04 9.3472958913e-01 5.2000000000e-01 
2.0018668257e-09 1.2326159292e+04 1.3901794419e-01 5.2000000000e-01 
2.3889141594e-09 1.2998136982e+04 5.1781049958e-01 5.2000000000e-01 
1.3095159897e-09 1.5598955059e+04 5.4707257915e-01 5.2000000000e-01 
1.0248956641e-09 1.2980360133e+04 6.2563708085e-01 5.2000000000e-01 
1.0990462923e-10 1.1372632309e+04 6.8999152988e-01 5.2000000000e-01 
8.3969630489e-10 1.2222415721e+04 1.0689702337e+00 5.2000000000e-01 
4.1108466667e-10 1.7859594621e+04 6.6456494294e-01 5.2000000000e-01 
2.4000556240e-10 1.2607461489e+04 9.0475117047e-01 5.2000000000e-01 
2.0604998958e-09 2.0000000000e+04 4.2338843862e-01 5.2000000000e-01 
9.0798821452e-09 1.6712477948e+04 8.4122532537e-01 5.2000000000e-01 
8.4834979641e-12 1.4505808724e+04 5.0325011962e-01 5.2000000000e-01 
1.7361771864e-11 1.3353517860e+04 5.6329451389e-01 5.2000000000e-01 
5.9338063268e-10 1.3184389929e+04 8.8634380135e-01 5.2000000000e-01 
1.6457035629e-11 1.6709865963e+04 8.2750369383e-01 5.2000000000e-01 
3.4552009466e-09 2.0000000000e+04 8.0748619668e-01 5.2000000000e-01 
2.2361669518e-10 1.3184285566e+04 1.0418720076e+00 5.2000000000e-01 
2.3500000000e-07 1.3251849418e+04 6.1092149650e-01 5.2000000000e-01 
9.9961211995e-10 1.3862690570e+04 7.1565237886e-01 5.2000000000e-01 
2.3499999999e-07 1.2251609664e+04 4.4650178987e-01 5.2000000000e-01 
1.4139142183e-09 1.5293104817e+04 7.2059391211e-01 5.2000000000e-01 
1.3315700701e-08 1.2447763560e+04 9.0049877394e-01 5.2000000000e-01 
2.0755279213e-09 1.2864598180e+04 1.1294585249e+00 5.2000000000e-01 
4.0470543699e-08 1.5105845792e+04 1.4577283785e-01 5.2000000000e-01 
4.8609362553e-09 1.4894489989e+04 6.0396552772e-01 5.2000000000e-01 
1.9374314185e-10 1.1913092615e+04 4.9838746108e-01 5.2000000000e-01 
6.1604901321e-09 1.1757212223e+04 9.9069182900e-01 5.2000000000e-01 
3.0869106045e-10 1.2194182758e+04 1.2952366735e+00 5.2000000000e-01 
1.4745493162e-08 1.6710183725e+04 2.9362361546e-01 5.2000000000e-01 
1.3509818150e-10 1.2320618948e+04 8.0226203077e-01 5.2000000000e-01 
3.9115855468e-08 1.4386977511e+04 7.1037627917e-01 5.2000000000e-01 
2.3499999999e-07 1.5424108468e+04 6.4154901379e-01 5.2000000000e-01 
7.8831289047e-13 1.1375374856e+04 1.0022319110e+00 5.2000000000e-01 
1.0351247711e-09 1.2834205911e+04 6.5793135599e-01 5.2000000000e-01 
1.3299099166e-09 1.1333205684e+04 6.1903705789e-01 5.2000000000e-01 
4.3478116309e-09 1.2263216018e+04 4.9610836618e-01 5.2000000000e-01 
7.6905934881e-09 2.0000000000e+04 2.3876333816e-01 5.2000000000e-01 
2.3499999999e-07 2.0000000000e+04 1.0227558500e+00 5.2000000000e-01 
4.9633281580e-10 1.1375974409e+04 7.2664993814e-01 5.2000000000e-01 
2.3499999999e-07 1.6585924190e+04 5.4138345562e-01 5.2000000000e-01 
4.6826238904e-13 1.1767143721e+04 3.4407440107e-01 5.2000000000e-01 
4.6242925037e-10 1.5540171185e+04 3.0661119973e-01 5.2000000000e-01 
5.1159892327e-08 1.2933917053e+04 1.0896426478e+00 5.2000000000e-01 
2.3500000000e-07 1.2890414148e+04 1.4495147180e+00 5.2000000000e-01 
2.1565549246e-09 1.4363517605e+04 1.1795192521e+00 5.2000000000e-01 
2.0974220281e-09 1.1863749824e+04 4.4407244579e-01 5.2000000000e-01 
4.8389794579e-10 2.0000000000e+04 1.1054425524e+00 5.2000000000e-01 
3.7858078875e-09 1.2625368634e+04 1.0158324468e+00 5.2000000000e-01 
5.2033771960e-09 1.1325852463e+04 1.0344222080e+00 5.2000000000e-01 
8.8482258882e-09 1.9417577187e+04 9.3055783173e-01 5.2000000000e-01 
4.7989351073e-08 1.1265550469e+04 3.8639224306e-01 5.2000000000e-01 
4.9517918908e-09 1.3990810588e+04 3.0301796204e-01 5.2000000000e-01 
2.3730360440e-10 1.2958029720e+04 1.2140323510e+00 5.2000000000e-01 
1.1946476726e-10 1.2209046076e+04 1.1083510505e+00 5.2000000000e-01 
1.0333362377e-10 1.2178846899e+04 1.3332182939e+00 5.2000000000e-01 
1.3136480784e-10 1.4175398663e+04 6.7756571876e-01 5.2000000000e-01 
9.6628481249e-11 1.2286178622e+04 3.7516059636e-01 5.2000000000e-01 
2.3499999999e-07 1.2453677582e+04 1.2025325854e+00 5.2000000000e-01 
8.0838221849e-12 1.5151865482e+04 2.6400589956e-01 5.2000000000e-01 
2.3499999999e-07 1.2735704029e+04 9.4592810042e-01 5.2000000000e-01 
2.3500000000e-07 1.3316204341e+04 1.1252724604e+00 5.2000000000e-01 
2.8040027770e-10 2.0000000000e+04 8.8991400242e-01 5.2000000000e-01 
2.9345803676e-10 1.1953668150e+04 1.4957741456e+00 5.2000000000e-01 
2.3500000000e-07 1.6665423100e+04 1.0237662458e+00 5.2000000000e-01 
1.6098454190e-10 1.1657551904e+04 1.3425941992e-01 5.2000000000e-01 
8.5363065421e-12 1.1669562427e+04 9.6663747453e-01 5.2000000000e-01 
6.3084687666e-10 1.2608694037e+04 1.2937249769e+00 5.2000000000e-01 
5.9276542595e-10 1.1320403366e+04 4.6891682793e-01 5.2000000000e-01 
3.5951151339e-09 1.1240898997e+04 1.1993933171e+00 5.2000000000e-01 
2.3499999999e-07 1.2395689085e+04 1.1418351138e+00 5.2000000000e-01 
7.7831740315e-10 2.0000000000e+04 8.9436883469e-01 5.2000000000e-01 
2.0160792040e-10 1.2007362575e+04 4.8346892307e-01 5.2000000000e-01 
4.0489996281e-09 1.2401716899e+04 3.9975091468e-01 5.2000000000e-01 
1.7419183925e-10 1.6651432842e+04 4.3911455822e-01 5.2000000000e-01 
1.1963924574e-10 1.4210694944e+04 7.2442880436e-01 5.2000000000e-01 
2.3499999999e-07 1.1669104502e+04 8.6452452126e-01 5.2000000000e-01 
7.9188636950e-11 1.2448794488e+04 1.0114052268e+00 5.2000000000e-01 
7.2316983423e-08 1.1338719849e+04 2.1602234133e-01 5.2000000000e-01 
1.6643825516e-11 1.6487823824e+04 8.0607272132e-01 5.2000000000e-01 
3.2912157639e-09 1.5528234932e+04 1.1631401518e+00 5.2000000000e-01 
1.1593520401e-08 1.2789045759e+04 7.7771839062e-01 5.2000000000e-01 
1.6588620808e-08 2.0000000000e+04 8.0485175141e-01 5.2000000000e-01 
4.9918702373e-09 1.2045791882e+04 1.0526452234e+00 5.2000000000e-01 
2.3500000000e-07 1.7555739221e+04 9.6983724960e-01 5.2000000000e-01 
3.5803733020e-08 1.4922474738e+04 1.1123777553e+00 5.2000000000e-01 
5.6116041852e-09 1.1476905288e+04 6.0041491056e-01 5.2000000000e-01 
1.0462793402e-08 1.1303310640e+04 3.4252048919e-01 5.2000000000e-01 
2.3499999999e-07 1.1401621610e+04 7.0221507921e-01 5.2000000000e-01 
1.2443193694e-09 1.1997371695e+04 9.3251221700e-01 5.2000000000e-01 
2.1736852888e-10 1.1335878658e+04 1.6276321715e-01 5.2000000000e-01 
6.2148328727e-10 1.2476892869e+04 7.7667499356e-01 5.2000000000e-01 
5.4743591798e-11 2.0000000000e+04 1.1538055525e+00 5.2000000000e-01 
2.3499999999e-07 1.5012205688e+04 1.2259648056e+00 5.2000000000e-01 
2.1033390983e-09 1.4806160341e+04 7.6683728542e-01 5.2000000000e-01 
2.3500000000e-07 1.2032529156e+04 8.0583920687e-01 5.2000000000e-01 
1.5966640442e-09 1.7146563255e+04 1.3384005697e+00 5.2000000000e-01 
5.8094374709e-09 1.3954642008e+04 1.3383692875e+00 5.2000000000e-01 
1.4191724897e-07 1.3784922101e+04 8.8269843657e-02 5.2000000000e-01 
2.3500000000e-07 1.2287752882e+04 4.4315539846e-01 5.2000000000e-01 
1.9140023859e-08 1.3787421898e+04 5.1726712977e-01 5.2000000000e-01 
1.4648872487e-08 1.4407894040e+04 9.2317733707e-01 5.2000000000e-01 
2.3499999999e-07 1.6557908792e+04 1.0343953525e+00 5.2000000000e-01 
2.3500000000e-07 1.5974285498e+04 4.1256882377e-01 5.2000000000e-01 
1.0250037212e-09 1.5436648677e+04 8.7554463296e-01 5.2000000000e-01 
6.5646365710e-12 1.6386266085e+04 9.7687614488e-01 5.2000000000e-01 
2.3499999999e-07 1.7097666403e+04 7.5579518314e-01 5.2000000000e-01 
1.0675525344e-08 1.6999617699e+04 7.3316083495e-01 5.2000000000e-01 
9.3362464493e-10 1.7261355243e+04 9.0119308422e-01 5.2000000000e-01 
2.9601545137e-08 1.4308920228e+04 9.1654272151e-01 5.2000000000e-01 
7.3873983682e-11 1.8529274450e+04 7.4380160378e-01 5.2000000000e-01 
2.3499999999e-07 2.0000000000e+04 1.2974983766e+00 5.2000000000e-01 
4.9483852773e-09 1.4966444146e+04 1.3309714704e+00 5.2000000000e-01 
2.5434783529e-10 1.6969894687e+04 7.8900869869e-01 5.2000000000e-01 
2.3500000000e-07 1.1502342464e+04 5.2877793969e-01 5.2000000000e-01 
7.9159632488e-09 1.1554475155e+04 3.7088239225e-01 5.2000000000e-01 
1.0332928211e-10 1.3439092211e+04 1.0318159482e+00 5.2000000000e-01 
1.5047888365e-09 1.4007507260e+04 1.2682464957e+00 5.2000000000e-01 
4.7670919340e-11 1.2038373656e+04 1.0078766850e+00 5.2000000000e-01 
9.8798389918e-08 1.3601969914e+04 9.3608097984e-01 5.2000000000e-01 
6.1466321037e-10 2.0000000000e+04 9.0121324071e-01 5.2000000000e-01 
1.1732410378e-07 2.0000000000e+04 1.1121645413e+00 5.2000000000e-01 
4.5673140759e-09 1.2273484319e+04 1.1794497674e+00 5.2000000000e-01 
1.4256911895e-10 1.5988043275e+04 1.9679567196e-01 5.2000000000e-01 
4.5195412525e-11 1.5760201716e+04 1.2829461307e+00 5.2000000000e-01 
1.3710985852e-08 1.1442216187e+04 1.2382428405e-01 5.2000000000e-01 
2.3500000000e-07 1.9668110460e+04 1.4599506267e+00 5.2000000000e-01 
7.9455610203e-08 1.9707038945e+04 3.4852529108e-01 5.2000000000e-01 
8.5135547257e-08 1.6401564775e+04 1.8924384233e-01 5.2000000000e-01 
1.2554188917e-08 1.1247262741e+04 3.6322179283e-01 5.2000000000e-01 
2.3499999999e-07 1.1272469715e+04 7.8231475898e-01 5.2000000000e-01 
7.4063175188e-08 1.5963150271e+04 8.4754551207e-01 5.2000000000e-01 
2.3930281131e-10 1.1496608701e+04 1.7902720515e-01 5.2000000000e-01 
3.6624542015e-11 1.4644093695e+04 7.8379232615e-01 5.2000000000e-01 
1.8319289734e-09 1.3100854874e+04 4.5603383345e-01 5.2000000000e-01 
2.3500000000e-07 1.8406822481e+04 9.1652062316e-01 5.2000000000e-01 
3.5880719212e-09 1.7617631016e+04 9.3283214660e-01 5.2000000000e-01 
2.3499999999e-07 1.2864450040e+04 6.4857319672e-01 5.2000000000e-01 
7.1445749571e-09 1.3977832785e+04 1.2942617291e-01 5.2000000000e-01 
1.4905086279e-09 1.3693932465e+04 7.1342618550e-01 5.2000000000e-01 
3.5014324944e-08 1.4925269509e+04 1.1364180725e+00 5.2000000000e-01 
6.8394009423e-11 1.2516037389e+04 9.4030603852e-01 5.2000000000e-01 
3.1864324722e-10 1.3497294132e+04 3.0415130938e-01 5.2000000000e-01 
9.4414557112e-09 2.0000000000e+04 6.5358544872e-01 5.2000000000e-01 
8.0871602832e-08 1.3935045218e+04 8.3032039238e-01 5.2000000000e-01 
2.3499999999e-07 1.5347364840e+04 1.3891116462e+00 5.2000000000e-01 
2.4890312179e-10 1.1690017240e+04 5.0664224952e-01 5.2000000000e-01 
5.4237307081e-09 1.1388739289e+04 8.8856923775e-01 5.2000000000e-01 
2.5862452798e-09 1.2380475534e+04 7.5705752997e-01 5.2000000000e-01 
1.1242411784e-07 1.4376563759e+04 1.2720229172e+00 5.2000000000e-01 
2.3499999999e-07 1.6945435037e+04 9.9193726933e-01 5.2000000000e-01 
2.4291574881e-08 1.2115784056e+04 1.1436084712e+00 5.2000000000e-01 
2.3500000000e-07 2.0000000000e+04 2.3569146685e-01 5.2000000000e-01 
1.2092371242e-09 1.2027881386e+04 6.5636081417e-01 5.2000000000e-01 
2.3500000000e-07 1.2344967784e+04 9.7996196497e-01 5.2000000000e-01 
2.3500000000e-07 1.1871180471e+04 8.2981232331e-01 5.2000000000e-01 
9.1569464919e-10 1.2050551683e+04 7.6981055909e-01 5.2000000000e-01 
4.2528266789e-09 1.3065864076e+04 1.0880002883e+00 5.2000000000e-01 
2.4663114529e-10 1.1747542674e+04 9.1577892426e-01 5.2000000000e-01 
1.0685804724e-09 1.1234830746e+04 1.5497317528e+00 5.2000000000e-01 
2.3500000000e-07 1.4926923146e+04 6.2192768225e-01 5.2000000000e-01 
9.8982351816e-11 1.1593559033e+04 9.5623565334e-01 5.2000000000e-01 
4.4283662030e-09 1.2344749882e+04 1.2347162922e+00 5.2000000000e-01 
1.1430916683e-07 1.2331002670e+04 1.1845433777e+00 5.2000000000e-01 
1.4755780399e-08 1.1614953266e+04 4.1601208180e-01 5.2000000000e-01 
4.8524093601e-11 1.4757828817e+04 1.2172833719e+00 5.2000000000e-01 
1.7716431540e-10 1.3312748380e+04 6.1640953756e-01 5.2000000000e-01 
2.3499999999e-07 1.1474693947e+04 4.2438131443e-01 5.2000000000e-01 
3.2338793438e-08 1.2218172848e+04 1.4577330210e+00 5.2000000000e-01 
1.0268455767e-10 1.1782121687e+04 6.7573065136e-01 5.2000000000e-01 
1.7671893859e-08 1.4235230285e+04 1.2299905620e+00 5.2000000000e-01 
4.5933014745e-11 1.2622196161e+04 2.6698620448e-01 5.2000000000e-01 
9.3627080664e-08 1.4984615804e+04 1.1372334823e+00 5.2000000000e-01 
2.5531045664e-08 1.2381108610e+04 8.0971524952e-01 5.2000000000e-01 
