Mass [kg]        Velocity [m s-1]    Theta [rad]    CO2 [frac]    
1.4775883232e-09 1.2152835246e+04 9.9225815905e-01 5.2000000000e-01 
7.4725079272e-11 1.3146412753e+04 8.1641448944e-01 5.2000000000e-01 
2.3500000000e-07 1.2051415622e+04 1.2144250272e+00 5.2000000000e-01 
1.2265524698e-10 1.2567012898e+04 1.3513386411e+00 5.2000000000e-01 
2.3500000000e-07 1.5372263319e+04 5.0870570526e-01 5.2000000000e-01 
5.0199658710e-08 1.6075494682e+04 4.0465085054e-01 5.2000000000e-01 
3.5706932636e-08 1.1705470188e+04 3.9919890578e-01 5.2000000000e-01 
4.7931689891e-09 1.9904724105e+04 1.2168867400e+00 5.2000000000e-01 
1.7670096962e-08 1.5442248801e+04 1.4701782513e+00 5.2000000000e-01 
1.2312072474e-08 1.5739016494e+04 7.3168420352e-01 5.2000000000e-01 
1.3393399292e-08 1.6251435070e+04 4.2417205515e-01 5.2000000000e-01 
1.0103713568e-11 1.7489941727e+04 1.1592368396e+00 5.2000000000e-01 
3.6818082472e-08 2.0000000000e+04 9.4910617460e-01 5.2000000000e-01 
1.3168366834e-07 1.2554574727e+04 4.5753013391e-01 5.2000000000e-01 
2.3500000000e-07 1.2252975708e+04 5.8394062972e-01 5.2000000000e-01 
7.1367089672e-09 1.5162827553e+04 3.3475834664e-01 5.2000000000e-01 
4.6750956534e-10 1.1438425137e+04 5.3524384421e-01 5.2000000000e-01 
9.2057230254e-11 1.8810091149e+04 2.9683828062e-01 5.2000000000e-01 
2.3500000000e-07 2.0000000000e+04 1.5157450835e+00 5.2000000000e-01 
2.3500000000e-07 1.1653617087e+04 8.5584313243e-01 5.2000000000e-01 
1.3489093731e-08 1.2862604473e+04 1.0896919065e+00 5.2000000000e-01 
2.2617019531e-09 1.3451499066e+04 5.2057547556e-01 5.2000000000e-01 
1.4728929449e-10 1.1730961167e+04 1.4698403939e+00 5.2000000000e-01 
1.4053221360e-11 1.5745595871e+04 2.9047377247e-01 5.2000000000e-01 
1.9821998572e-10 1.2725170689e+04 7.5698047452e-01 5.2000000000e-01 
4.3016171815e-11 2.0000000000e+04 5.3627478865e-01 5.2000000000e-01 
9.1787760655e-09 1.6288794567e+04 2.1295503874e-01 5.2000000000e-01 
4.6804447143e-09 1.1289432489e+04 6.2396501614e-01 5.2000000000e-01 
2.3166053417e-11 1.3199743996e+04 6.9910279277e-01 5.2000000000e-01 
2.3499999999e-07 1.6716593554e+04 1.2681840008e+00 5.2000000000e-01 
2.3500000000e-07 1.3192634855e+04 3.6874656642e-01 5.2000000000e-01 
6.8923903651e-10 1.4224685793e+04 4.7923091460e-01 5.2000000000e-01 
7.8436556449e-11 1.1686000713e+04 6.2839797148e-01 5.2000000000e-01 
2.3500000000e-07 1.2258174565e+04 8.0059614322e-01 5.2000000000e-01 
2.3500000000e-07 1.4588690595e+04 1.1718050410e+00 5.2000000000e-01 
2.8412952388e-08 1.2901641305e+04 1.2350177045e+00 5.2000000000e-01 
2.3500000000e-07 1.4683650999e+04 9.3700631685e-01 5.2000000000e-01 
2.5061994982e-09 2.0000000000e+04 9.3901042156e-01 5.2000000000e-01 
2.3500000000e-07 1.2280160887e+04 9.3588751106e-01 5.2000000000e-01 
1.3249943706e-08 1.6796726343e+04 4.0243056332e-01 5.2000000000e-01 
5.1708899214e-08 1.1820577061e+04 6.9319826689e-01 5.2000000000e-01 
2.3499999999e-07 1.7929563582e+04 9.3115719761e-01 5.2000000000e-01 
2.3500000000e-07 1.2086786903e+04 1.0722987835e+00 5.2000000000e-01 
1.2704339073e-08 1.1369074214e+04 7.7868504040e-01 5.2000000000e-01 
1.4470191304e-07 1.1958032384e+04 2.0903007906e-01 5.2000000000e-01 
7.4358227613e-09 1.2261845465e+04 9.1643007911e-01 5.2000000000e-01 
1.0275525102e-08 1.8276329146e+04 3.9062590548e-01 5.2000000000e-01 
2.3499999999e-07 1.7529365483e+04 5.7251912471e-01 5.2000000000e-01 
5.1582694664e-09 1.7168477130e+04 5.4081657817e-01 5.2000000000e-01 
1.6194037951e-07 2.0000000000e+04 5.6407082882e-01 5.2000000000e-01 
1.6937952961e-08 1.3729562701e+04 1.4048278853e+00 5.2000000000e-01 
2.3500000000e-07 1.8760300397e+04 1.4439882390e+00 5.2000000000e-01 
9.7407022183e-10 1.4351603102e+04 6.4193747130e-01 5.2000000000e-01 
5.6521841473e-09 1.4511021036e+04 4.8146548532e-01 5.2000000000e-01 
9.4612477022e-12 2.0000000000e+04 9.9234677227e-01 5.2000000000e-01 
6.9772594728e-10 1.5978593171e+04 1.1734033137e+00 5.2000000000e-01 
2.3500000000e-07 1.9218587591e+04 1.3156594019e+00 5.2000000000e-01 
2.3500000000e-07 1.3178794772e+04 1.1876911335e+00 5.2000000000e-01 
5.4890696259e-09 1.1460298928e+04 3.6492106738e-01 5.2000000000e-01 
3.9178647312e-11 1.1610296639e+04 4.1834000596e-02 5.2000000000e-01 
5.0765589835e-08 1.1545269526e+04 8.6982608086e-01 5.2000000000e-01 
2.3500000000e-07 1.3881088618e+04 7.7148002950e-01 5.2000000000e-01 
7.2570866813e-08 1.1748556700e+04 6.1998678399e-01 5.2000000000e-01 
1.3022171168e-07 1.3581499846e+04 1.1311226361e+00 5.2000000000e-01 
1.6262222915e-12 1.3163886336e+04 5.9707634240e-01 5.2000000000e-01 
1.5201621725e-09 1.1610156346e+04 8.0864522649e-01 5.2000000000e-01 
2.3500000000e-07 1.4206757944e+04 1.4174363007e+00 5.2000000000e-01 
2.3499999999e-07 1.5016389331e+04 5.2447683214e-01 5.2000000000e-01 
2.7369940280e-09 1.7019365615e+04 1.2676628648e+00 5.2000000000e-01 
1.3320969490e-09 1.3208412506e+04 9.1606328709e-01 5.2000000000e-01 
1.7452684396e-09 1.3911316938e+04 1.4188325169e+00 5.2000000000e-01 
1.3514351215e-09 1.1560515753e+04 9.6263044030e-01 5.2000000000e-01 
6.6787705219e-10 1.1738318229e+04 1.4261956626e+00 5.2000000000e-01 
5.8879498389e-10 1.2432743972e+04 9.1775031335e-01 5.2000000000e-01 
6.6256461127e-10 1.2873403574e+04 7.8882445274e-01 5.2000000000e-01 
8.2343910546e-10 1.3450987725e+04 7.5508706012e-01 5.2000000000e-01 
2.3499999999e-07 1.4171919355e+04 1.2849474691e+00 5.2000000000e-01 
5.7240519765e-08 1.2887641190e+04 6.6529569392e-01 5.2000000000e-01 
8.4462608516e-10 1.4213257651e+04 6.4657664365e-01 5.2000000000e-01 
2.3500000000e-07 1.1943062029e+04 7.6143904843e-01 5.2000000000e-01 
8.4258065780e-10 1.3788513539e+04 1.0733939908e+00 5.2000000000e-01 
2.3499999999e-07 1.2148308488e+04 1.0524304067e+00 5.2000000000e-01 
7.0240435252e-08 1.4418194003e+04 4.6244951208e-01 5.2000000000e-01 
1.0871546752e-10 1.2394816836e+04 5.3517572000e-01 5.2000000000e-01 
6.5132886376e-10 1.6390921036e+04 2.8806649256e-01 5.2000000000e-01 
1.2769011385e-09 2.0000000000e+04 9.6060821586e-01 5.2000000000e-01 
3.2785260152e-10 1.1901910601e+04 1.0065209320e+00 5.2000000000e-01 
5.5974612617e-08 1.2176326649e+04 5.5313988322e-01 5.2000000000e-01 
2.3500000000e-07 1.2812349021e+04 9.1144949089e-01 5.2000000000e-01 
6.0388600882e-11 1.2732528658e+04 1.2806976099e-01 5.2000000000e-01 
4.3390892882e-10 1.5103347058e+04 8.7780642398e-01 5.2000000000e-01 
4.5318613646e-10 1.1784561789e+04 8.0842342048e-01 5.2000000000e-01 
4.8923295846e-10 1.6303783897e+04 1.0078961511e+00 5.2000000000e-01 
4.3820765016e-08 1.1875514633e+04 9.3623625298e-01 5.2000000000e-01 
6.8208121778e-08 1.2590338706e+04 8.9033656374e-01 5.2000000000e-01 
8.4802491971e-09 1.2758130786e+04 6.7891602203e-01 5.2000000000e-01 
2.2749545199e-11 1.1669120194e+04 3.6191734184e-01 5.2000000000e-01 
2.3500000000e-07 1.1503248225e+04 6.7901816608e-01 5.2000000000e-01 
2.3500000000e-07 1.2502301963e+04 5.2553956416e-01 5.2000000000e-01 
2.3500000000e-07 1.2196794541e+04 2.7982100071e-01 5.2000000000e-01 
1.1602112841e-10 1.3388823863e+04 8.5025455403e-01 5.2000000000e-01 
9.1289138488e-11 1.5602057378e+04 2.3231619818e-01 5.2000000000e-01 
7.1659277822e-08 2.0000000000e+04 3.7891633229e-01 5.2000000000e-01 
7.9120109571e-10 1.2210457116e+04 6.1547184595e-01 5.2000000000e-01 
2.3500000000e-07 1.1899564479e+04 9.4080903685e-01 5.2000000000e-01 
6.5481123840e-10 1.6735978863e+04 1.3016970878e+00 5.2000000000e-01 
2.2453384659e-09 1.1218841909e+04 1.1419331318e+00 5.2000000000e-01 
1.0991068015e-07 1.2056739231e+04 1.2603032714e+00 5.2000000000e-01 
1.7180360592e-07 1.1617351710e+04 5.4098566555e-01 5.2000000000e-01 
1.1267654478e-09 1.1557101375e+04 7.9725418105e-01 5.2000000000e-01 
8.7045094819e-11 1.1406668785e+04 6.8453917052e-01 5.2000000000e-01 
6.5816166793e-11 1.9734728897e+04 6.3408533695e-01 5.2000000000e-01 
2.2701603361e-07 1.3018396600e+04 2.4046952984e-01 5.2000000000e-01 
5.4986659315e-11 1.2564386553e+04 1.2690385255e+00 5.2000000000e-01 
2.3500000000e-07 1.2120186912e+04 5.2922206862e-01 5.2000000000e-01 
1.1736305973e-07 1.4346336364e+04 1.0887288267e+00 5.2000000000e-01 
2.0514155526e-09 1.2601932567e+04 2.4897422992e-01 5.2000000000e-01 
1.4429664041e-10 1.2252646520e+04 1.3491064629e+00 5.2000000000e-01 
2.6992634415e-12 1.2945099444e+04 4.7115630878e-01 5.2000000000e-01 
1.1648071223e-07 1.7441551650e+04 6.5287618540e-01 5.2000000000e-01 
2.7146448713e-11 1.5033360198e+04 2.8887767034e-01 5.2000000000e-01 
1.7733697967e-08 1.1283564156e+04 6.9944337721e-01 5.2000000000e-01 
1.8998636338e-08 2.0000000000e+04 9.5832693796e-01 5.2000000000e-01 
9.7060476788e-11 2.0000000000e+04 1.4782265512e+00 5.2000000000e-01 
4.1689554815e-08 1.5795212121e+04 1.2051957311e+00 5.2000000000e-01 
5.6982709294e-11 1.1950549004e+04 8.2159648020e-01 5.2000000000e-01 
1.0097689118e-08 1.1998525160e+04 1.0323032885e+00 5.2000000000e-01 
4.2251997083e-09 1.3393228675e+04 1.1835289413e+00 5.2000000000e-01 
8.0111165835e-10 1.1691644818e+04 1.3009170377e+00 5.2000000000e-01 
2.6093782959e-08 1.2123794327e+04 1.4887927521e+00 5.2000000000e-01 
1.9962129532e-10 1.6106186416e+04 1.0346574627e+00 5.2000000000e-01 
6.5219405447e-11 1.5014416014e+04 1.2350067673e+00 5.2000000000e-01 
2.3500000000e-07 1.2893588642e+04 6.0573522830e-01 5.2000000000e-01 
7.0346514210e-08 1.1757800067e+04 8.6550366193e-01 5.2000000000e-01 
4.9841529417e-09 1.3937499833e+04 1.1272512524e+00 5.2000000000e-01 
2.2072895602e-10 1.4376982405e+04 1.1324742574e+00 5.2000000000e-01 
7.3557647935e-11 1.3387326726e+04 1.0720131555e+00 5.2000000000e-01 
2.3499999999e-07 1.2337917984e+04 3.7331731850e-01 5.2000000000e-01 
4.2388832536e-09 1.3492710188e+04 8.7474238107e-01 5.2000000000e-01 
2.3499999999e-07 2.0000000000e+04 7.5377651868e-01 5.2000000000e-01 
3.6199468684e-09 1.1258232655e+04 1.5063132054e+00 5.2000000000e-01 
2.3500000000e-07 2.0000000000e+04 7.4092182130e-01 5.2000000000e-01 
3.0019078228e-09 1.2388497558e+04 1.0127327357e+00 5.2000000000e-01 
9.5107937895e-10 1.9218239142e+04 2.8486691339e-01 5.2000000000e-01 
2.3499999999e-07 1.5169391307e+04 5.2487230858e-01 5.2000000000e-01 
2.3500000000e-07 1.7436689317e+04 1.1697057161e-01 5.2000000000e-01 
1.7783161562e-10 1.1429542558e+04 1.2846537275e+00 5.2000000000e-01 
2.3675612473e-12 1.2298368276e+04 4.0626897471e-01 5.2000000000e-01 
5.2672300208e-09 1.4307586475e+04 8.1711704397e-01 5.2000000000e-01 
2.2789353129e-09 1.2848924537e+04 1.1985256042e+00 5.2000000000e-01 
2.3500000000e-07 1.1618929194e+04 4.0101252528e-01 5.2000000000e-01 
1.1031967823e-07 1.4037764172e+04 5.0806557330e-01 5.2000000000e-01 
1.4154726599e-07 1.4672210623e+04 9.0557592270e-01 5.2000000000e-01 
2.7113038279e-08 1.3310338376e+04 9.6116523795e-01 5.2000000000e-01 
5.1972766734e-09 1.3126323998e+04 1.3059979881e+00 5.2000000000e-01 
5.0097584031e-08 1.7949423565e+04 3.9404913159e-01 5.2000000000e-01 
9.4767457413e-09 1.1890225376e+04 8.4119980029e-01 5.2000000000e-01 
2.3499999999e-07 1.2710904769e+04 7.9813707413e-01 5.2000000000e-01 
2.0832119354e-11 1.2566433978e+04 1.4942940785e+00 5.2000000000e-01 
3.7875887547e-09 1.4629740609e+04 1.2125348664e+00 5.2000000000e-01 
4.6239540983e-08 2.0000000000e+04 1.0269866818e+00 5.2000000000e-01 
1.5030592419e-07 1.8807440027e+04 1.0545762417e-01 5.2000000000e-01 
4.9619655553e-09 1.6898063125e+04 1.3346002476e+00 5.2000000000e-01 
2.3500000000e-07 2.0000000000e+04 6.1131755377e-01 5.2000000000e-01 
2.3499999999e-07 1.7784459556e+04 9.5898098719e-01 5.2000000000e-01 
1.8095709105e-10 2.0000000000e+04 5.3827753378e-01 5.2000000000e-01 
6.5266107055e-10 1.3789359256e+04 2.8928629418e-01 5.2000000000e-01 
1.6547997655e-10 1.1894146848e+04 8.2715952764e-01 5.2000000000e-01 
5.6067656407e-08 1.3658170548e+04 7.1811291555e-01 5.2000000000e-01 
2.4610432919e-08 1.5085935489e+04 1.9023154033e-01 5.2000000000e-01 
3.3651122472e-08 1.1672235211e+04 6.6397556211e-01 5.2000000000e-01 
3.8430575682e-09 1.3994235517e+04 7.3113686983e-01 5.2000000000e-01 
1.3094880612e-08 1.4546378268e+04 1.0007618506e+00 5.2000000000e-01 
4.5184869119e-12 1.5839261520e+04 6.5384399570e-01 5.2000000000e-01 
2.8441544812e-09 1.2663888628e+04 1.0382058455e+00 5.2000000000e-01 
1.6513979142e-08 1.1243321275e+04 8.2136958687e-01 5.2000000000e-01 
2.3500000000e-07 1.3815812072e+04 6.1130374391e-01 5.2000000000e-01 
3.3815851572e-10 1.2015739337e+04 6.3696185059e-01 5.2000000000e-01 
2.3500000000e-07 2.0000000000e+04 4.8335423743e-01 5.2000000000e-01 
2.3500000000e-07 1.3817660531e+04 1.2200947370e+00 5.2000000000e-01 
5.8301426412e-10 2.0000000000e+04 3.3370498375e-01 5.2000000000e-01 
2.2664720338e-10 1.4192410426e+04 1.0689767195e+00 5.2000000000e-01 
2.3499999999e-07 1.1617979363e+04 5.7048192783e-01 5.2000000000e-01 
1.0789557315e-09 1.4536041643e+04 4.3023232616e-01 5.2000000000e-01 
6.6623063997e-09 2.0000000000e+04 1.0755477351e+00 5.2000000000e-01 
4.0651169406e-08 1.4513838834e+04 8.8294102863e-01 5.2000000000e-01 
1.3914001985e-08 1.1223280411e+04 9.3056228275e-01 5.2000000000e-01 
5.2894843069e-09 1.5924348390e+04 5.4668967430e-01 5.2000000000e-01 
3.0077341962e-08 1.4779624222e+04 8.1245378169e-01 5.2000000000e-01 
4.1980017654e-12 1.2772317948e+04 5.9126787878e-01 5.2000000000e-01 
1.8418662973e-09 1.6027419999e+04 4.3300971321e-01 5.2000000000e-01 
3.3670855560e-09 1.2881260241e+04 5.4807912051e-01 5.2000000000e-01 
2.8717608348e-11 1.2285965770e+04 2.3786188730e-01 5.2000000000e-01 
6.4191391855e-08 1.6824754958e+04 9.4052010415e-01 5.2000000000e-01 
2.4819328138e-09 1.3877963643e+04 1.0033465342e+00 5.2000000000e-01 
1.8879085351e-10 1.1515263315e+04 1.0032462144e+00 5.2000000000e-01 
2.9348801785e-09 1.1354482976e+04 1.0872648986e-01 5.2000000000e-01 
4.8652033438e-09 1.2279756529e+04 9.3362936451e-02 5.2000000000e-01 
2.2627398804e-07 1.4081841030e+04 9.4843459020e-01 5.2000000000e-01 
3.3246813432e-10 1.1293471322e+04 6.8628432715e-01 5.2000000000e-01 
