Radius [m]       Fe Area [frac]    Max Temp [k]    
1.7487554366e-04 3.0790039324e-01 2.5222080746e+03 
1.7138797842e-05 5.0905424333e-02 2.1914896349e+03 
2.3204133629e-05 0.0000000000e+00 1.8587112262e+03 
9.5345412336e-06 3.6511306802e-01 2.5970583409e+03 
5.4807822878e-05 1.7811377914e-01 2.3481054953e+03 
4.3535767879e-05 3.1193031868e-01 2.4367917751e+03 
6.2214878200e-06 3.1654412339e-01 2.3441135641e+03 
2.0082466622e-05 2.9823869075e-01 2.3406190162e+03 
1.0644242179e-04 3.1409244252e-01 2.4459383073e+03 
7.3582506615e-06 3.3845948812e-01 1.4978372314e+03 
6.6348178639e-06 3.3629930211e-01 2.3886459353e+03 
1.4993496861e-04 3.1788645657e-01 2.5828160839e+03 
7.4654293100e-05 3.3174658335e-01 2.5404479947e+03 
8.8301086510e-05 3.1644019840e-01 2.5274370386e+03 
5.3670035547e-05 3.3420750079e-01 2.5128076092e+03 
3.8717530764e-05 3.2418865045e-01 2.4067012897e+03 
1.2472845375e-05 3.6337021974e-01 2.5379641285e+03 
6.2393495145e-06 3.7436940078e-01 1.1752240794e+03 
5.4642149462e-05 3.2846658162e-01 2.5083320204e+03 
9.6477173318e-05 1.3647403091e-01 2.2042394577e+03 
1.2650826819e-05 2.5773780595e-01 2.3161867265e+03 
4.5740356151e-05 2.1903784904e-01 2.3731703709e+03 
1.5690603768e-04 1.6480419118e-01 2.3280431517e+03 
9.4905369429e-05 1.0708365448e-01 2.1463064859e+03 
1.4246852047e-04 3.2050674104e-01 2.5943170509e+03 
5.3357890246e-05 1.4916476772e-01 2.2938892120e+03 
1.4315072170e-05 4.1376718547e-02 2.1940916699e+03 
2.0012149456e-04 1.0000000000e+00 4.5583138937e+02 
8.4668638881e-05 1.9488828968e-01 2.3910071534e+03 
7.7164752820e-05 1.5221048989e-01 2.3003343779e+03 
5.2281427534e-05 3.3383493654e-01 2.4469833921e+03 
1.6102212784e-04 1.4055131510e-01 2.2494016736e+03 
3.4799700692e-05 3.5066115467e-01 2.5385105543e+03 
4.8233517972e-05 1.2586743579e-01 2.2220909414e+03 
5.2879640932e-05 3.4892334100e-01 2.5255010371e+03 
9.3163897375e-05 1.4246250164e-01 2.2698936509e+03 
2.3183363411e-05 1.1207898872e-01 2.0667094822e+03 
4.6414378681e-05 1.4708653657e-01 2.1947931200e+03 
9.7992042580e-05 3.3712414410e-01 2.4404061566e+03 
4.0511481184e-06 3.4978558586e-01 1.1974606069e+03 
7.0591283224e-06 3.5407984095e-01 1.4581845663e+03 
5.9221084897e-06 3.5137954794e-01 2.4475856748e+03 
1.0262783474e-05 2.1533995376e-01 1.5769926230e+03 
9.4747739610e-05 2.0419251500e-01 1.9632497605e+03 
4.7122393057e-06 2.9329305676e-01 1.4219883636e+03 
3.7236390890e-05 1.8214132017e-01 1.9034895396e+03 
3.3379435175e-05 1.2832060843e-01 2.2445878730e+03 
5.3140581883e-05 2.8061653214e-01 1.6671327246e+03 
1.3797782140e-05 1.6896323562e-01 1.8548417036e+03 
1.2967009351e-04 3.1621225935e-01 2.5344630682e+03 
6.5840497698e-05 1.7504486843e-01 1.8931247289e+03 
1.6931834500e-04 3.0776861947e-01 2.4829383765e+03 
2.9245299128e-05 3.5742876732e-01 2.4946756871e+03 
7.3349592985e-05 3.0817205048e-01 2.4307266637e+03 
5.1477479104e-06 2.8960244137e-01 1.4423656963e+03 
8.0057516198e-05 1.0000000000e+00 3.0699756399e+02 
4.9651318782e-05 3.4406610975e-01 2.4784420600e+03 
1.0105702894e-05 3.0553958674e-01 2.3427219360e+03 
5.8213274842e-05 1.7770675682e-01 2.3384602353e+03 
4.8367933957e-05 3.3108457688e-01 2.4354264431e+03 
1.6274974936e-04 3.1348333989e-01 2.4599369254e+03 
6.5235988657e-05 1.8045795623e-01 2.3207843918e+03 
5.9655986018e-05 4.5012945005e-01 1.0914428115e+03 
2.6429395078e-05 3.3794439695e-01 2.4417737524e+03 
3.9083146458e-05 3.1796745981e-01 2.4350687817e+03 
1.5140800641e-04 3.1745996460e-01 2.5693855221e+03 
5.2461337316e-05 3.4810728384e-01 2.5994400618e+03 
1.1895137053e-04 3.2848963718e-01 2.5512889820e+03 
9.8264010776e-05 1.4889311491e-01 2.0275155447e+03 
8.8707143698e-05 2.3511517295e-01 1.8599960182e+03 
1.4596427217e-05 1.0040507484e-01 2.2202699980e+03 
2.0095793198e-05 3.5726088839e-01 2.5267785044e+03 
1.6045520775e-05 1.5889681556e-01 1.5292204113e+03 
1.4356553813e-05 1.0329516733e-01 1.8477344779e+03 
9.0091965091e-05 3.1973909343e-01 2.5441069081e+03 
1.6021794478e-05 1.6232254424e-01 2.2658562585e+03 
1.4159042314e-05 3.5445341739e-01 2.4824779475e+03 
3.8543641127e-05 1.5284779098e-01 2.1501044208e+03 
2.9488224081e-05 3.5627123786e-01 2.5810312666e+03 
1.1122678397e-05 3.2571871923e-01 1.5567399198e+03 
1.1816931799e-05 3.5581143347e-01 2.4801225716e+03 
2.5260365178e-05 3.3357510355e-01 2.4261086375e+03 
5.0192869075e-05 3.4557901841e-01 2.5376128394e+03 
2.1157259425e-05 2.0711685875e-01 1.8648683504e+03 
2.9975247184e-05 1.1664678123e-01 2.2117873365e+03 
1.1546051300e-05 3.2405403940e-01 1.3278307863e+03 
4.4029907975e-05 3.4414544482e-01 2.5069907647e+03 
4.2492519395e-05 3.1274930764e-01 2.4367446727e+03 
1.0768620206e-04 3.2136222275e-01 2.5454042019e+03 
1.7369457375e-05 3.1677057326e-01 2.3828344923e+03 
1.2505805573e-04 3.0435510976e-01 2.5099631624e+03 
1.5597857460e-04 3.1884838263e-01 2.4047793710e+03 
7.7977710089e-05 2.7340929582e-01 2.3991879584e+03 
1.4649086297e-05 3.2201897307e-01 1.5263736330e+03 
5.0479376902e-05 1.4582805923e-01 2.2892332963e+03 
4.3164514337e-05 1.5644369056e-01 2.1382303438e+03 
5.9107449506e-05 3.1942304465e-01 2.4074398185e+03 
1.9978891533e-05 3.6203542002e-01 2.6823521433e+03 
3.8625999634e-05 3.2666718222e-01 1.5852263400e+03 
1.1641583673e-05 2.1969616402e-01 1.4675154578e+03 
3.4056121028e-05 2.4349734017e-01 1.8267412779e+03 
1.3225050192e-05 3.2300504403e-01 2.3672225899e+03 
5.5724732909e-05 1.3375162686e-01 2.2297314778e+03 
4.6294607457e-05 3.4144954886e-01 2.5035097665e+03 
1.1410914061e-04 3.2949004210e-01 2.6112446408e+03 
7.0283919361e-06 3.7108453214e-01 2.7117619404e+03 
4.2532870259e-06 4.0002420558e-01 1.1545038231e+03 
9.7140312431e-06 3.6804558613e-01 2.6325991075e+03 
3.5545223645e-05 3.3199812410e-01 2.4353921512e+03 
4.6039836579e-05 2.6773328199e-01 1.7341211838e+03 
4.3554871864e-05 3.2581785934e-01 2.4239361131e+03 
1.4215295640e-05 3.4095967007e-01 2.4147386685e+03 
5.4187840200e-05 3.4656486779e-01 2.5078720588e+03 
1.7136264210e-05 3.3026618757e-01 2.3720020891e+03 
7.6839539779e-06 3.7005764627e-01 2.6929016002e+03 
1.8764334486e-05 3.0786482083e-01 1.5255594878e+03 
4.7506484612e-05 3.4997744801e-01 2.5988390484e+03 
1.0457215757e-04 1.7146937343e-01 2.3543335956e+03 
4.8612373963e-05 1.4621543258e-01 2.2766216686e+03 
5.6866575839e-06 3.4565584485e-01 2.4229124521e+03 
9.0512045729e-06 3.5816215249e-01 1.4335304905e+03 
4.1669848497e-05 1.5886694460e-01 2.2813211248e+03 
7.9570825665e-05 1.5284856293e-01 2.3196378244e+03 
1.8567966610e-05 3.2806587211e-01 2.3802540419e+03 
9.5141063458e-05 3.3356436819e-01 2.5934071261e+03 
3.0142497708e-05 1.5247568474e-01 2.0938485903e+03 
2.7463211676e-05 1.4764721389e-01 2.0760955303e+03 
3.0924370390e-05 2.2609386350e-01 1.4471981049e+03 
1.0163147246e-05 2.6774627779e-01 1.5718871959e+03 
1.5281267173e-05 3.6175137006e-01 1.3288404992e+03 
2.7748790562e-05 1.8347764125e-01 2.0212017679e+03 
3.2309446548e-05 1.7565055393e-01 2.0274659948e+03 
3.7081923211e-05 1.5444158403e-01 2.1286411270e+03 
3.3490238743e-05 1.4151672567e-01 2.1557448169e+03 
6.5396248853e-06 3.6264484909e-01 2.5367981550e+03 
4.8006319114e-05 1.7129088357e-01 2.0879667994e+03 
2.2799180208e-04 1.5020064058e-01 2.2988631491e+03 
1.8071327234e-05 1.3359414353e-01 2.2510973192e+03 
1.7302081698e-05 3.2795361048e-01 1.5231267633e+03 
1.2056978401e-04 3.2804331648e-01 2.5859126724e+03 
1.6210248237e-05 1.0387900031e-01 2.0288800255e+03 
1.2039467629e-04 1.2293416380e-01 2.1681827247e+03 
5.9176169515e-05 1.4068555698e-01 2.1892087209e+03 
9.2101747815e-05 3.3628642303e-01 2.5615611020e+03 
5.4552741787e-05 2.4797745210e-01 2.4168075873e+03 
2.4659903827e-05 1.7815860993e-01 2.2994597065e+03 
7.7079329795e-06 3.4374922760e-01 2.4143257899e+03 
7.0953138734e-05 0.0000000000e+00 1.8051452651e+03 
3.8923888257e-05 1.0000000000e+00 9.5740650346e+02 
2.3608945980e-05 3.3198998766e-01 2.3958421069e+03 
5.5342478498e-06 3.3561967034e-01 2.3863491041e+03 
4.6159354982e-05 3.3723135642e-01 2.4288933255e+03 
1.4325870330e-04 3.0748250988e-01 2.4905605300e+03 
8.4174991806e-05 2.2863667083e-01 2.4053117024e+03 
6.8874140202e-05 3.3374308713e-01 2.5543834096e+03 
1.1328694332e-04 1.7512066828e-01 2.3696865526e+03 
1.4725538297e-05 3.2561122115e-01 2.3603134887e+03 
3.7935629575e-05 3.3566088601e-01 2.4406093690e+03 
6.5894629649e-06 3.5821346283e-01 2.4946032061e+03 
2.6953404280e-05 1.4001305526e-01 2.0366913026e+03 
1.2970076859e-04 3.2503279210e-01 2.5594950166e+03 
6.1207846885e-05 3.1875798281e-01 2.4858082839e+03 
1.0716826273e-04 2.9774191462e-01 2.4873365186e+03 
8.9246519903e-05 3.3743448472e-01 2.5961299149e+03 
6.0922813839e-06 0.0000000000e+00 1.9542640901e+03 
1.1557598203e-05 3.1776901830e-01 2.3444829519e+03 
1.0089350745e-04 1.4405418324e-01 2.2842466536e+03 
2.4713893456e-04 1.5329381021e-01 1.9370582041e+03 
1.5025142988e-04 3.1796208174e-01 2.5689379319e+03 
9.6554533924e-05 3.3048895791e-01 2.4878847081e+03 
6.0605115841e-05 3.4566482251e-01 2.5930222674e+03 
3.8615706834e-05 3.3247302477e-01 2.4446109032e+03 
7.3599085232e-05 1.4448696466e-01 2.2891051226e+03 
3.7626424468e-05 1.3064642444e-01 2.2402572382e+03 
2.8080836029e-05 2.5400278152e-01 1.8027097187e+03 
3.4926299090e-05 3.3893659446e-01 2.4732613612e+03 
9.8473735142e-05 3.3496726999e-01 2.5337885468e+03 
6.3168095580e-05 1.3873975891e-01 2.2176452774e+03 
1.6228749492e-04 3.1090509496e-01 2.5304421331e+03 
4.1436485371e-05 2.7671870664e-01 2.4026759866e+03 
3.1682028011e-05 1.1734441039e-01 2.2091024842e+03 
7.4618688144e-05 1.3837955677e-01 2.2627973717e+03 
7.0424760857e-05 2.0889998865e-01 1.8707492318e+03 
7.1001819268e-06 3.6678073517e-01 2.6349686454e+03 
7.8983622055e-06 3.7016180950e-01 2.6866853425e+03 
3.6187121766e-05 1.7079891604e-01 2.0706300358e+03 
1.4468858956e-05 3.1756659412e-01 2.3738112972e+03 
1.1304046017e-04 3.2496749495e-01 2.5872234312e+03 
1.3638776622e-04 3.1120419629e-01 2.5429180513e+03 
1.1501344222e-05 7.6752221588e-02 1.9505242187e+03 
1.5822877548e-05 9.3702937814e-02 2.0267039069e+03 
1.1910432134e-05 3.0712440922e-01 2.3676384735e+03 
6.1417888972e-06 3.3770588341e-01 2.3931287404e+03 
3.0713134098e-05 2.6681263115e-01 1.7432524480e+03 
4.3725207166e-05 3.3827174707e-01 2.5214949991e+03 
5.8658506365e-06 3.6254209563e-01 2.5520675160e+03 
1.1771016227e-05 3.0797469089e-01 2.3564488129e+03 
1.4113291254e-04 3.2116445791e-01 2.5829100294e+03 
2.8166247904e-05 3.4485459898e-01 2.4964670617e+03 
2.6720680259e-05 3.1684964396e-01 2.4051846780e+03 
