Mass [kg]        Velocity [m s-1]    Theta [rad]    CO2 [ frac]    
2.3499999999e-07 1.2566432697e+04 9.1017845163e-01 4.2000000000e-01 
2.3500000000e-07 1.1582865696e+04 1.3932885073e+00 4.2000000000e-01 
2.3394782444e-09 1.4602175230e+04 7.1512574577e-01 4.2000000000e-01 
1.2329850359e-09 2.0000000000e+04 1.2922815665e+00 4.2000000000e-01 
2.3500000000e-07 1.1223387823e+04 7.7047739861e-01 4.2000000000e-01 
2.0570772462e-08 1.1797489587e+04 4.3346588121e-01 4.2000000000e-01 
5.8876155369e-11 1.1623267780e+04 3.8728382045e-01 4.2000000000e-01 
6.2188358902e-09 2.0000000000e+04 6.8186116760e-01 4.2000000000e-01 
1.0350473813e-07 1.1452837530e+04 4.2249817486e-01 4.2000000000e-01 
7.0377107155e-08 1.5645549651e+04 1.0715192508e+00 4.2000000000e-01 
1.6351579461e-07 1.2551680219e+04 9.0523177126e-01 4.2000000000e-01 
5.7824477539e-08 1.1887277566e+04 5.2418000487e-01 4.2000000000e-01 
7.2656368796e-09 1.2915798210e+04 3.3853287683e-01 4.2000000000e-01 
2.0771571219e-11 1.5701083363e+04 6.2996686766e-01 4.2000000000e-01 
7.5090304405e-10 1.3195543445e+04 6.2245011623e-01 4.2000000000e-01 
2.9200717503e-10 1.1680259075e+04 8.7985726750e-01 4.2000000000e-01 
2.0333984220e-09 1.4999649093e+04 2.6888925984e-01 4.2000000000e-01 
1.3031507314e-09 1.6734351174e+04 1.3727830581e+00 4.2000000000e-01 
6.0233685724e-09 1.2552491426e+04 8.3865958615e-01 4.2000000000e-01 
2.3500000000e-07 1.2915063727e+04 2.0257996229e-01 4.2000000000e-01 
1.7768723172e-12 1.2390245033e+04 8.1846917394e-01 4.2000000000e-01 
2.3984075678e-09 1.2428627673e+04 7.4329953027e-01 4.2000000000e-01 
6.5573654085e-11 1.5950049567e+04 7.7388465569e-01 4.2000000000e-01 
5.2048469363e-09 1.1205590010e+04 8.4070467223e-01 4.2000000000e-01 
1.5164666003e-09 1.4762792058e+04 7.5308644558e-01 4.2000000000e-01 
5.4909407358e-09 1.4350246824e+04 4.4463725339e-01 4.2000000000e-01 
3.4560816615e-10 1.4016235028e+04 4.4517162504e-01 4.2000000000e-01 
6.3361426296e-09 1.4140229155e+04 6.5604404188e-01 4.2000000000e-01 
1.1206293223e-07 1.1778968684e+04 1.2713080964e+00 4.2000000000e-01 
1.9359389794e-10 1.2969912751e+04 1.0477904749e+00 4.2000000000e-01 
7.1031395256e-08 1.6451229684e+04 8.9840717066e-01 4.2000000000e-01 
2.9876127312e-10 1.3044201000e+04 5.9227818523e-01 4.2000000000e-01 
8.7013675196e-09 1.2076520180e+04 5.9491861818e-01 4.2000000000e-01 
2.3499999999e-07 1.2398747272e+04 3.0406733250e-01 4.2000000000e-01 
1.0649754997e-11 1.1501389084e+04 4.1072597873e-01 4.2000000000e-01 
1.9405752718e-07 1.5078242080e+04 8.1146843494e-01 4.2000000000e-01 
3.6953545496e-09 1.2115784489e+04 1.5059878918e+00 4.2000000000e-01 
5.6290218747e-10 1.4487158006e+04 8.0027353681e-01 4.2000000000e-01 
1.4354490647e-07 1.4374190696e+04 1.3169456397e+00 4.2000000000e-01 
7.5059487077e-09 1.4862818797e+04 1.0895026935e+00 4.2000000000e-01 
1.8971143373e-09 1.2853621753e+04 2.9561723184e-01 4.2000000000e-01 
1.2884398113e-08 1.4728139068e+04 1.5082080631e-01 4.2000000000e-01 
4.6439408097e-10 1.2230044457e+04 1.2261134705e+00 4.2000000000e-01 
1.1251333933e-07 1.2347332733e+04 1.6826414347e-01 4.2000000000e-01 
1.8018976867e-11 1.1704934814e+04 4.5210630072e-01 4.2000000000e-01 
2.0782115334e-08 1.4324676247e+04 3.4676306522e-01 4.2000000000e-01 
4.3692316130e-10 1.1250176166e+04 2.3108469953e-01 4.2000000000e-01 
1.1365936215e-08 1.5485204140e+04 1.1423029220e+00 4.2000000000e-01 
1.6269488110e-09 1.1950327551e+04 1.4430670925e+00 4.2000000000e-01 
5.2695720108e-10 1.2908096600e+04 1.0093909310e+00 4.2000000000e-01 
6.0139445120e-09 1.2010932981e+04 1.1479340687e+00 4.2000000000e-01 
2.3499999999e-07 1.1814937703e+04 1.2750612781e+00 4.2000000000e-01 
8.8660254041e-11 1.1715546528e+04 8.7633791554e-01 4.2000000000e-01 
2.8519492537e-08 1.3813798934e+04 2.1617893567e-01 4.2000000000e-01 
9.7297563332e-08 1.2078196593e+04 7.9029499716e-01 4.2000000000e-01 
9.5932063679e-12 1.2942478449e+04 2.3412444390e-01 4.2000000000e-01 
2.3500000000e-07 1.3089506769e+04 6.1812839180e-01 4.2000000000e-01 
2.0225909305e-10 1.1570141527e+04 7.6864973878e-01 4.2000000000e-01 
5.7473235531e-09 1.3000041077e+04 1.0024575485e+00 4.2000000000e-01 
7.6197956812e-10 1.3424688321e+04 1.2081822076e+00 4.2000000000e-01 
2.7201139274e-10 1.1329636360e+04 9.3580042049e-01 4.2000000000e-01 
6.6309045369e-10 1.3767663501e+04 4.3782766499e-01 4.2000000000e-01 
5.0324965576e-09 1.6023876220e+04 3.9086931482e-01 4.2000000000e-01 
1.0790703380e-08 1.3408554710e+04 3.1083573822e-01 4.2000000000e-01 
1.6370236293e-10 1.2205243111e+04 6.3195605526e-01 4.2000000000e-01 
5.1903742099e-09 1.1573265032e+04 3.0038595264e-01 4.2000000000e-01 
1.4004212489e-08 1.2937745080e+04 1.1832744233e+00 4.2000000000e-01 
2.3500000000e-07 1.2838187335e+04 9.7752228759e-01 4.2000000000e-01 
1.4050122467e-09 1.3240455771e+04 1.0419979563e+00 4.2000000000e-01 
3.2631877038e-08 1.2002837613e+04 1.1864351145e+00 4.2000000000e-01 
3.2595658059e-08 1.4620230232e+04 8.5547844858e-01 4.2000000000e-01 
4.0978657212e-10 1.8683856735e+04 4.3102393803e-01 4.2000000000e-01 
2.3500000000e-07 1.2050224253e+04 9.8412432141e-01 4.2000000000e-01 
7.9743719790e-10 1.7717641485e+04 7.2115780950e-01 4.2000000000e-01 
2.3499999999e-07 1.6645554357e+04 1.3724103330e+00 4.2000000000e-01 
1.7097436900e-08 1.5066127787e+04 1.3380212954e+00 4.2000000000e-01 
8.4453519146e-09 1.2183262747e+04 1.2374832197e+00 4.2000000000e-01 
5.1744034077e-09 1.2288482270e+04 1.2530779408e+00 4.2000000000e-01 
2.3500000000e-07 1.6245409597e+04 1.0699966926e+00 4.2000000000e-01 
1.7055201757e-11 1.2518544956e+04 1.2368127042e+00 4.2000000000e-01 
1.3561112064e-08 1.9245046967e+04 9.3928674844e-01 4.2000000000e-01 
2.2549361594e-10 1.1469728397e+04 5.7261011296e-01 4.2000000000e-01 
5.2180352493e-09 1.1611613551e+04 1.2865335722e+00 4.2000000000e-01 
3.4530620804e-10 1.3125358302e+04 1.3674863888e+00 4.2000000000e-01 
2.3488974923e-10 2.0000000000e+04 1.0929977250e+00 4.2000000000e-01 
1.1590106025e-08 1.6890487318e+04 1.0695226763e+00 4.2000000000e-01 
1.1999637652e-08 1.6104528555e+04 9.9443989452e-01 4.2000000000e-01 
3.1484260462e-08 1.1689431958e+04 1.2071012235e+00 4.2000000000e-01 
2.1664298367e-09 1.1868136279e+04 1.1303653497e+00 4.2000000000e-01 
6.0178364778e-12 2.0000000000e+04 5.1274681462e-01 4.2000000000e-01 
2.4234646333e-08 1.4772075717e+04 4.5996304200e-01 4.2000000000e-01 
2.7384809889e-08 1.3211346777e+04 8.3560575675e-01 4.2000000000e-01 
5.4810881350e-12 1.1770939382e+04 1.4378644118e+00 4.2000000000e-01 
5.2599233619e-12 2.0000000000e+04 9.5279882127e-01 4.2000000000e-01 
5.9872486417e-09 1.2102952329e+04 1.2389394457e+00 4.2000000000e-01 
2.3500000000e-07 1.2547452736e+04 9.7566688120e-01 4.2000000000e-01 
2.9093404848e-08 1.6394167544e+04 9.9046276058e-01 4.2000000000e-01 
6.9044727487e-11 1.2858333081e+04 3.2686442382e-01 4.2000000000e-01 
2.4422031480e-08 1.2346569382e+04 9.1868551135e-01 4.2000000000e-01 
2.3500000000e-07 1.2256013575e+04 9.5798099551e-01 4.2000000000e-01 
6.5872766542e-08 1.7384468565e+04 4.1424306766e-01 4.2000000000e-01 
1.1294840265e-09 1.2691641352e+04 7.2935145267e-01 4.2000000000e-01 
5.7323893672e-09 1.1742223689e+04 1.2855604581e+00 4.2000000000e-01 
2.3499999999e-07 2.0000000000e+04 2.4427483206e-01 4.2000000000e-01 
9.9762811551e-10 1.4784806514e+04 8.3083021409e-01 4.2000000000e-01 
5.8260057826e-08 1.1861606576e+04 1.1043349006e+00 4.2000000000e-01 
1.2087164630e-08 1.5611132122e+04 4.6544604427e-01 4.2000000000e-01 
2.3499999999e-07 1.2442803977e+04 1.4689409029e+00 4.2000000000e-01 
5.4601646394e-11 1.2721712741e+04 1.2916795241e+00 4.2000000000e-01 
3.4174222156e-09 1.3094740949e+04 7.7834917509e-01 4.2000000000e-01 
1.1500033729e-07 1.1422065868e+04 6.2294645102e-01 4.2000000000e-01 
1.6317887623e-11 2.0000000000e+04 6.3221461421e-01 4.2000000000e-01 
1.2950350166e-11 1.1633607795e+04 9.0206164254e-01 4.2000000000e-01 
2.3500000000e-07 1.3357958685e+04 7.0629659013e-01 4.2000000000e-01 
1.0769281771e-07 1.1616270549e+04 6.6293018639e-01 4.2000000000e-01 
1.5992706471e-09 2.0000000000e+04 1.2394287355e+00 4.2000000000e-01 
2.3500000000e-07 1.3388865853e+04 9.5241388031e-01 4.2000000000e-01 
1.2556530989e-07 1.2337255556e+04 1.3549836809e+00 4.2000000000e-01 
5.8932807955e-09 1.1292146897e+04 4.6735548274e-01 4.2000000000e-01 
2.3500000000e-07 1.3465899032e+04 6.1489973000e-01 4.2000000000e-01 
4.7178229091e-11 1.7666229712e+04 6.9191740696e-01 4.2000000000e-01 
5.0862937297e-09 1.1954992314e+04 9.7130220620e-01 4.2000000000e-01 
2.8773857167e-10 1.2783426275e+04 1.0326421436e+00 4.2000000000e-01 
1.3928533799e-10 1.2058949048e+04 2.9678913032e-01 4.2000000000e-01 
2.3499999999e-07 2.0000000000e+04 7.4242981144e-01 4.2000000000e-01 
1.0517875865e-08 1.4385122663e+04 1.2246969157e+00 4.2000000000e-01 
1.1620747126e-10 1.1535403092e+04 8.8833074696e-01 4.2000000000e-01 
3.0668159104e-10 1.5154042491e+04 1.0483343596e+00 4.2000000000e-01 
1.6213708989e-09 1.1260543574e+04 8.8375115117e-01 4.2000000000e-01 
2.8884810211e-08 1.1678328963e+04 8.0368071128e-01 4.2000000000e-01 
4.7974491280e-10 1.7270023391e+04 9.9213236983e-01 4.2000000000e-01 
2.3268088436e-07 1.9018554394e+04 7.6643682855e-01 4.2000000000e-01 
3.0785558437e-10 1.1433670907e+04 2.8837041121e-01 4.2000000000e-01 
7.9529948703e-08 2.0000000000e+04 1.1962972499e+00 4.2000000000e-01 
1.0261409395e-08 1.4447863854e+04 4.5327222743e-01 4.2000000000e-01 
1.8659936207e-09 1.2505840244e+04 6.1160274789e-01 4.2000000000e-01 
6.3520455748e-10 1.3205903906e+04 4.9981856551e-01 4.2000000000e-01 
3.4999955205e-08 1.2882146249e+04 8.3058218264e-01 4.2000000000e-01 
1.9723032044e-08 1.1731654215e+04 1.2006882465e+00 4.2000000000e-01 
4.3750190499e-09 1.2447281209e+04 8.6930670783e-01 4.2000000000e-01 
4.9575520555e-09 1.2973175643e+04 5.8715772778e-01 4.2000000000e-01 
1.2335049555e-09 2.0000000000e+04 2.1565561105e-01 4.2000000000e-01 
1.7304762609e-09 1.3778994654e+04 1.1503930567e+00 4.2000000000e-01 
9.2643441472e-08 1.1390829569e+04 9.2135953213e-01 4.2000000000e-01 
2.3500000000e-07 1.1215567269e+04 3.9016757578e-01 4.2000000000e-01 
4.5391232800e-10 1.2020145120e+04 7.1669474745e-01 4.2000000000e-01 
6.4976891063e-08 1.1524571500e+04 2.4067133733e-01 4.2000000000e-01 
3.2065148258e-11 1.1902116565e+04 9.6112056482e-01 4.2000000000e-01 
2.8528332593e-08 1.1297286843e+04 1.3337266670e+00 4.2000000000e-01 
5.8848676669e-12 1.2028501606e+04 6.9599166082e-01 4.2000000000e-01 
5.1057672094e-09 1.6505108235e+04 8.4476314568e-01 4.2000000000e-01 
4.4382282303e-11 1.2590156169e+04 1.0429599817e+00 4.2000000000e-01 
3.8602438562e-09 2.0000000000e+04 9.5755494482e-01 4.2000000000e-01 
3.9868122913e-11 2.0000000000e+04 1.1862456448e+00 4.2000000000e-01 
3.6918384958e-09 1.1545360901e+04 9.6920089142e-01 4.2000000000e-01 
2.3499999999e-07 1.2873200189e+04 1.1104230342e+00 4.2000000000e-01 
1.4853356751e-10 1.2047554221e+04 5.8455947961e-01 4.2000000000e-01 
5.5711000045e-11 2.0000000000e+04 1.9634288765e-01 4.2000000000e-01 
1.9106717284e-09 1.7793324555e+04 1.3113279343e+00 4.2000000000e-01 
2.3499999999e-07 1.1332668187e+04 1.1509342123e+00 4.2000000000e-01 
2.3499999999e-07 1.1439121551e+04 3.3062801013e-01 4.2000000000e-01 
7.6829436335e-09 1.2392919321e+04 8.5615686963e-01 4.2000000000e-01 
7.5547136651e-09 1.1926391552e+04 7.7718701393e-01 4.2000000000e-01 
2.3500000000e-07 1.4509450426e+04 6.6367893693e-01 4.2000000000e-01 
1.9848907317e-09 1.3385666606e+04 1.0738135970e+00 4.2000000000e-01 
7.2246352876e-11 1.2722455634e+04 1.7364503781e-01 4.2000000000e-01 
6.9665130743e-10 1.3066047015e+04 1.0722122098e+00 4.2000000000e-01 
6.9302617943e-11 1.5108345338e+04 6.3143910736e-01 4.2000000000e-01 
1.0899807635e-09 1.2908260145e+04 6.3319853871e-01 4.2000000000e-01 
2.9689945625e-10 1.1485253601e+04 1.1840121200e+00 4.2000000000e-01 
5.1108077485e-10 1.5575975594e+04 6.6514828262e-01 4.2000000000e-01 
2.3180350374e-09 1.4023659587e+04 9.5717285846e-01 4.2000000000e-01 
2.3740056568e-10 1.1715332359e+04 5.6648118476e-01 4.2000000000e-01 
5.7116567406e-08 1.3205298126e+04 3.3604696451e-01 4.2000000000e-01 
5.3475678499e-08 1.3266832036e+04 8.2269575851e-01 4.2000000000e-01 
1.2551864344e-08 1.1300570079e+04 4.4805735753e-02 4.2000000000e-01 
1.6755470467e-10 1.2205765315e+04 1.1750750941e+00 4.2000000000e-01 
6.1285130001e-11 1.3329476363e+04 1.2028976601e+00 4.2000000000e-01 
3.2480286631e-08 1.6935218624e+04 4.1436428248e-01 4.2000000000e-01 
1.3146292779e-08 1.4821393549e+04 1.2351577507e+00 4.2000000000e-01 
7.7518813198e-11 1.4414449233e+04 6.1566178100e-01 4.2000000000e-01 
1.9995578723e-11 2.0000000000e+04 4.6010291386e-02 4.2000000000e-01 
2.3524267246e-09 1.4434111351e+04 6.5076731216e-01 4.2000000000e-01 
2.9955958711e-08 1.2093812680e+04 5.9248601586e-01 4.2000000000e-01 
1.0674390876e-09 1.4992229848e+04 6.4909226092e-01 4.2000000000e-01 
1.5906435764e-11 1.3991069158e+04 1.0347372611e+00 4.2000000000e-01 
7.1993735881e-10 2.0000000000e+04 1.2362238906e+00 4.2000000000e-01 
1.3301384998e-07 1.3179021925e+04 1.4337589812e+00 4.2000000000e-01 
1.2621755941e-09 1.1530360921e+04 4.8526657493e-01 4.2000000000e-01 
1.5929043918e-09 1.3970457924e+04 6.6933008007e-01 4.2000000000e-01 
1.3823265790e-09 1.8541529150e+04 6.7781903024e-01 4.2000000000e-01 
2.0411300081e-09 1.2003116344e+04 9.5692074960e-01 4.2000000000e-01 
2.3499999999e-07 1.1915632100e+04 4.3439328063e-01 4.2000000000e-01 
4.5676454834e-12 1.6901951478e+04 1.0887724424e+00 4.2000000000e-01 
2.3499999999e-07 1.1682182815e+04 7.5032108752e-01 4.2000000000e-01 
2.4678150657e-11 2.0000000000e+04 1.1366009924e+00 4.2000000000e-01 
2.2312221110e-11 2.0000000000e+04 6.0015092707e-01 4.2000000000e-01 
1.0396264494e-09 1.3981419285e+04 1.0561626028e+00 4.2000000000e-01 
2.3499999999e-07 1.4259953727e+04 3.8265284904e-01 4.2000000000e-01 
5.2774785117e-08 1.2203059643e+04 7.9943162858e-01 4.2000000000e-01 
