Mass [kg]        Velocity [m s-1]    Theta [rad]    CO2 [frac]    
2.3500000000e-07 1.2009765820e+04 3.6732819257e-01 5.7000000000e-01 
1.1409832906e-09 1.1645327871e+04 1.1567565043e+00 5.7000000000e-01 
1.4704107804e-07 1.7299182548e+04 1.0391828866e+00 5.7000000000e-01 
2.3500000000e-07 2.0000000000e+04 7.5147025512e-01 5.7000000000e-01 
2.3313142299e-08 1.1333047401e+04 6.8714966288e-01 5.7000000000e-01 
6.9322487989e-09 2.0000000000e+04 1.0278496068e+00 5.7000000000e-01 
3.5805447336e-11 1.3011527457e+04 7.8730588373e-01 5.7000000000e-01 
2.3499999999e-07 1.3231630966e+04 1.1103526086e+00 5.7000000000e-01 
1.2950807870e-07 1.1692609315e+04 8.6606311817e-01 5.7000000000e-01 
2.0051274108e-10 1.2344207946e+04 7.9451097045e-01 5.7000000000e-01 
5.7539709632e-13 2.0000000000e+04 8.4176382261e-01 5.7000000000e-01 
7.4040220740e-10 1.2531148286e+04 1.3665830392e+00 5.7000000000e-01 
3.5480116010e-09 2.0000000000e+04 1.0730869636e+00 5.7000000000e-01 
4.2266213932e-09 1.3834778185e+04 7.0614487218e-01 5.7000000000e-01 
6.1729561789e-10 1.2276905949e+04 6.8759512708e-01 5.7000000000e-01 
8.9573631220e-11 1.2882744826e+04 1.3469598676e+00 5.7000000000e-01 
1.3329039006e-07 1.2116526960e+04 9.2385926344e-01 5.7000000000e-01 
7.1900035551e-09 2.0000000000e+04 1.0323813117e+00 5.7000000000e-01 
3.7649825985e-09 1.3669516224e+04 4.7216387170e-01 5.7000000000e-01 
2.8356948485e-10 1.6047683819e+04 1.0684716104e+00 5.7000000000e-01 
2.0993049362e-10 1.1203728681e+04 9.8749072700e-01 5.7000000000e-01 
1.2422423942e-09 1.2279493621e+04 4.1727907154e-01 5.7000000000e-01 
1.7659935634e-07 1.3591493499e+04 1.3570893765e+00 5.7000000000e-01 
1.2795968227e-07 1.2091563550e+04 2.6820797744e-01 5.7000000000e-01 
1.3792083426e-10 1.2367414956e+04 7.6954151575e-01 5.7000000000e-01 
1.1134916124e-07 2.0000000000e+04 7.9523482535e-01 5.7000000000e-01 
1.0166713751e-08 1.1378453165e+04 7.4016759561e-01 5.7000000000e-01 
8.7492998274e-11 1.5716755283e+04 3.9800013260e-01 5.7000000000e-01 
8.6658378783e-09 1.3101979530e+04 2.1986102767e-01 5.7000000000e-01 
3.1355005143e-12 1.2446740514e+04 1.0719061900e+00 5.7000000000e-01 
1.8576445124e-10 1.1633846193e+04 1.1833453633e+00 5.7000000000e-01 
5.3354387237e-09 1.9315358189e+04 5.2835648143e-01 5.7000000000e-01 
2.7026638875e-08 2.0000000000e+04 4.5638591427e-01 5.7000000000e-01 
1.7194211375e-08 1.4633271584e+04 1.5325584650e+00 5.7000000000e-01 
4.5180880804e-09 1.2003205932e+04 1.1517870620e+00 5.7000000000e-01 
2.3499999999e-07 1.2758330124e+04 5.9165342026e-01 5.7000000000e-01 
2.6029412633e-09 1.5369928500e+04 7.4519476883e-01 5.7000000000e-01 
7.4845905110e-09 1.1625231298e+04 3.1218249276e-01 5.7000000000e-01 
2.3500000000e-07 1.6060923113e+04 1.2770275262e+00 5.7000000000e-01 
1.0286510688e-10 1.1891443187e+04 3.5185812142e-01 5.7000000000e-01 
4.0429558541e-08 1.2918098784e+04 1.0483291798e+00 5.7000000000e-01 
6.9061029144e-10 1.2270981117e+04 9.9545753358e-01 5.7000000000e-01 
3.5048156062e-10 2.0000000000e+04 7.3294067743e-01 5.7000000000e-01 
7.7474720373e-08 1.1327522691e+04 4.8945109742e-01 5.7000000000e-01 
3.4275850808e-10 1.1470152634e+04 1.1739420452e+00 5.7000000000e-01 
1.5149990781e-09 1.2691006371e+04 1.2010491019e+00 5.7000000000e-01 
2.0102384866e-07 1.1428103340e+04 6.3945865126e-01 5.7000000000e-01 
3.8658551494e-12 1.1562685098e+04 1.1323667177e+00 5.7000000000e-01 
5.9171069869e-08 1.1525149181e+04 6.0844795118e-01 5.7000000000e-01 
4.6004098368e-08 1.4143669398e+04 6.3238580527e-01 5.7000000000e-01 
6.7617260255e-13 1.1259138945e+04 7.3055152797e-01 5.7000000000e-01 
8.3249333512e-09 1.5706712467e+04 3.4183732478e-01 5.7000000000e-01 
2.5699939299e-11 1.1233631133e+04 4.2798652015e-01 5.7000000000e-01 
1.8818331872e-09 1.3100120625e+04 1.4195740985e+00 5.7000000000e-01 
7.4349698881e-10 1.1251917161e+04 7.5593251827e-01 5.7000000000e-01 
4.1507162705e-09 1.3263384428e+04 5.9250003830e-01 5.7000000000e-01 
7.7308123547e-08 1.2011655327e+04 9.4919799424e-01 5.7000000000e-01 
5.3498008240e-10 1.2703685752e+04 7.8583926422e-01 5.7000000000e-01 
1.1520671816e-08 1.2646796169e+04 8.1746708052e-01 5.7000000000e-01 
1.5864324696e-10 1.1733036677e+04 1.0226749208e+00 5.7000000000e-01 
4.2515391361e-08 1.1481475753e+04 1.3568101151e+00 5.7000000000e-01 
1.4950570631e-08 1.5605177839e+04 5.6801006792e-01 5.7000000000e-01 
1.4948628069e-09 1.7376464577e+04 3.5421562014e-01 5.7000000000e-01 
1.4703429836e-08 1.4198502983e+04 1.1100351869e+00 5.7000000000e-01 
5.7038119984e-10 1.3967928164e+04 1.1148810020e+00 5.7000000000e-01 
1.4887056400e-08 1.1733049423e+04 4.1798676220e-01 5.7000000000e-01 
1.7409033625e-12 1.2253650414e+04 4.7344617558e-02 5.7000000000e-01 
7.8880322539e-09 1.1606815985e+04 5.2372362353e-01 5.7000000000e-01 
1.2676154067e-09 2.0000000000e+04 8.0870146807e-01 5.7000000000e-01 
3.7252594056e-10 1.3281520381e+04 1.0732498606e+00 5.7000000000e-01 
7.9937164797e-11 1.5913665335e+04 9.7983870561e-01 5.7000000000e-01 
2.5371847037e-09 1.2291101505e+04 5.2449278253e-01 5.7000000000e-01 
3.1756226001e-09 1.1215784146e+04 2.3261705952e-01 5.7000000000e-01 
1.1913065733e-09 1.3235096624e+04 5.7648669964e-01 5.7000000000e-01 
1.7194893510e-07 1.4635971251e+04 8.2699221955e-01 5.7000000000e-01 
3.5889927571e-10 2.0000000000e+04 1.3219981914e+00 5.7000000000e-01 
1.3226341129e-08 1.4752667221e+04 9.9879185982e-01 5.7000000000e-01 
3.5495355558e-11 1.6635066625e+04 2.6897595911e-01 5.7000000000e-01 
1.3063477881e-09 1.3300736766e+04 9.3320621956e-01 5.7000000000e-01 
4.4308349488e-09 1.1715960231e+04 1.0378320762e+00 5.7000000000e-01 
8.8780660028e-12 2.0000000000e+04 1.0644910372e+00 5.7000000000e-01 
2.3245306129e-07 1.3089351226e+04 8.9146637775e-01 5.7000000000e-01 
5.1416972473e-09 1.2518255095e+04 5.5886210259e-01 5.7000000000e-01 
1.0871115170e-08 1.6344940684e+04 5.4021258584e-01 5.7000000000e-01 
9.4709247122e-12 1.2248426695e+04 4.4585111984e-01 5.7000000000e-01 
1.7263750340e-07 1.6167507288e+04 5.2064584712e-01 5.7000000000e-01 
6.5969553812e-11 1.2484818562e+04 3.9038455597e-01 5.7000000000e-01 
2.3499999999e-07 1.6097148657e+04 1.3611734372e+00 5.7000000000e-01 
6.4140082721e-09 2.0000000000e+04 7.2903859954e-01 5.7000000000e-01 
4.2698637758e-09 1.3529585217e+04 3.5817506389e-01 5.7000000000e-01 
3.7596710516e-10 1.1421158901e+04 7.3476240141e-01 5.7000000000e-01 
1.9959756108e-11 1.1312725493e+04 1.2555469877e+00 5.7000000000e-01 
6.3901256550e-09 1.3125314731e+04 1.2256642623e+00 5.7000000000e-01 
5.8666257737e-08 1.1797210369e+04 3.9063998526e-01 5.7000000000e-01 
2.4954804622e-08 1.3254683029e+04 5.3781763787e-01 5.7000000000e-01 
1.1444994429e-08 2.0000000000e+04 1.1508124258e+00 5.7000000000e-01 
1.6630100668e-08 1.3597175734e+04 6.8764653131e-01 5.7000000000e-01 
9.6869781457e-10 1.3214656468e+04 2.2340393560e-01 5.7000000000e-01 
3.0485864448e-11 1.3576885552e+04 1.3832163316e+00 5.7000000000e-01 
5.8153951511e-10 1.3420543730e+04 1.1039469546e+00 5.7000000000e-01 
3.8087348819e-12 1.4232193394e+04 1.3327046984e+00 5.7000000000e-01 
2.3500000000e-07 2.0000000000e+04 5.4519252685e-01 5.7000000000e-01 
2.7323973148e-10 1.8385223104e+04 8.3955440605e-01 5.7000000000e-01 
6.7215479887e-10 1.8082198108e+04 8.6627144160e-01 5.7000000000e-01 
2.6750666262e-10 1.1529295706e+04 7.5994052782e-01 5.7000000000e-01 
2.0608279161e-09 2.0000000000e+04 7.4947481374e-01 5.7000000000e-01 
3.2342310066e-11 1.1931863259e+04 1.4263085605e+00 5.7000000000e-01 
2.7827628849e-09 1.1300326943e+04 4.4890507183e-01 5.7000000000e-01 
2.3771501540e-08 1.2241096355e+04 9.7711461293e-01 5.7000000000e-01 
2.0952587442e-07 1.3029507349e+04 1.0017997880e+00 5.7000000000e-01 
4.5269854695e-11 1.5290598000e+04 1.0029888493e+00 5.7000000000e-01 
3.6817028623e-09 1.1990958932e+04 1.1995668436e+00 5.7000000000e-01 
1.6559134853e-07 1.1606023286e+04 7.5049885957e-01 5.7000000000e-01 
1.6328371755e-07 1.4530113647e+04 1.2273652200e+00 5.7000000000e-01 
2.3499999999e-07 1.1272586854e+04 4.0391185433e-01 5.7000000000e-01 
7.0500769963e-09 1.6825869045e+04 9.7136325569e-01 5.7000000000e-01 
3.9976907934e-11 1.1385483606e+04 1.3241550735e+00 5.7000000000e-01 
2.9290100045e-10 1.4513636556e+04 1.9853858981e-01 5.7000000000e-01 
2.3500000000e-07 1.4586771182e+04 9.2788845765e-01 5.7000000000e-01 
2.3499999999e-07 1.2892371361e+04 1.3286941665e+00 5.7000000000e-01 
1.5648965506e-08 1.1685241734e+04 8.1238546191e-01 5.7000000000e-01 
1.1024310443e-08 1.1637283276e+04 8.0551884883e-01 5.7000000000e-01 
6.4318414668e-10 1.2070199568e+04 3.7184043989e-01 5.7000000000e-01 
4.4577652506e-08 1.2776594308e+04 6.3998006970e-01 5.7000000000e-01 
1.0669092212e-08 1.1917572917e+04 8.3127714859e-01 5.7000000000e-01 
1.1086172738e-10 1.3381744561e+04 1.0330957654e+00 5.7000000000e-01 
2.6244922366e-08 2.0000000000e+04 4.3538782560e-01 5.7000000000e-01 
3.5258933418e-10 1.1571027070e+04 1.2782023885e+00 5.7000000000e-01 
3.1600663538e-12 1.2092662413e+04 4.1027527471e-01 5.7000000000e-01 
2.2859342283e-08 2.0000000000e+04 7.7048237250e-01 5.7000000000e-01 
4.7259359954e-10 1.3200029818e+04 8.0012597826e-01 5.7000000000e-01 
1.0795654491e-09 1.6645213024e+04 1.7433174274e-01 5.7000000000e-01 
1.6548944666e-09 1.3552240616e+04 5.0117903029e-01 5.7000000000e-01 
5.1872949219e-08 1.4669697510e+04 3.7293793261e-01 5.7000000000e-01 
5.1148257380e-10 1.2865939297e+04 8.8771609050e-01 5.7000000000e-01 
2.3213249726e-10 1.2501532495e+04 5.7671814567e-01 5.7000000000e-01 
1.3899841433e-07 1.3129414106e+04 9.6800799719e-01 5.7000000000e-01 
1.0339823139e-08 1.2742683644e+04 8.5521243445e-01 5.7000000000e-01 
5.1414939399e-10 1.4464203541e+04 1.2330793661e+00 5.7000000000e-01 
2.9334458270e-11 1.1549292029e+04 6.7093619706e-01 5.7000000000e-01 
3.3021760076e-09 1.2880974282e+04 1.3104536395e+00 5.7000000000e-01 
9.8707296028e-11 1.1291381906e+04 8.5109469468e-01 5.7000000000e-01 
3.6217616269e-10 1.2002055742e+04 7.3991379071e-01 5.7000000000e-01 
3.2381219382e-10 1.1377509794e+04 1.0460614027e+00 5.7000000000e-01 
9.0203225155e-10 1.2240618127e+04 9.0971145541e-01 5.7000000000e-01 
9.8754271088e-09 1.1239037787e+04 9.9753961782e-01 5.7000000000e-01 
5.5160169466e-10 1.1585934928e+04 8.4481874223e-01 5.7000000000e-01 
2.5096743260e-08 1.3735367290e+04 7.0338146091e-01 5.7000000000e-01 
2.2200902561e-07 1.1752586079e+04 9.5914593229e-01 5.7000000000e-01 
1.1119635945e-09 1.1548774446e+04 4.1949134137e-01 5.7000000000e-01 
2.3499999999e-07 1.7900638179e+04 5.1954296711e-01 5.7000000000e-01 
5.8080249368e-10 1.1902063109e+04 4.9246802155e-01 5.7000000000e-01 
2.3500000000e-07 1.6549269728e+04 8.0330051498e-01 5.7000000000e-01 
5.3385584639e-09 1.1325858844e+04 4.4106636288e-01 5.7000000000e-01 
1.4349412860e-10 1.3423364832e+04 1.0222775622e+00 5.7000000000e-01 
4.2582968865e-08 1.5610047655e+04 1.0480393282e+00 5.7000000000e-01 
2.3500000000e-07 1.3000596826e+04 1.0003592011e+00 5.7000000000e-01 
1.7445135368e-08 1.2451632511e+04 1.1911311946e+00 5.7000000000e-01 
1.0555151863e-09 1.1808606510e+04 9.5690336148e-01 5.7000000000e-01 
5.9478602827e-10 1.9034162983e+04 1.4354659326e+00 5.7000000000e-01 
4.3273580525e-09 1.7254317537e+04 4.6526042558e-01 5.7000000000e-01 
5.6052848401e-08 1.1812281315e+04 8.6008876776e-01 5.7000000000e-01 
1.3609985418e-10 1.2200919719e+04 1.1989582645e+00 5.7000000000e-01 
1.9786794598e-07 2.0000000000e+04 5.7092259146e-01 5.7000000000e-01 
7.3928266949e-09 1.1668676869e+04 9.4253534047e-01 5.7000000000e-01 
2.3500000000e-07 1.2319038964e+04 1.2436654742e+00 5.7000000000e-01 
2.3500000000e-07 1.3573278109e+04 1.1007700114e+00 5.7000000000e-01 
9.6626076827e-11 1.1391700773e+04 6.6014794960e-01 5.7000000000e-01 
8.0590268354e-09 1.5008808793e+04 9.5399748917e-01 5.7000000000e-01 
1.7252108725e-09 1.7819437667e+04 9.8024353379e-01 5.7000000000e-01 
1.6738217146e-08 1.2047930534e+04 3.0264538797e-01 5.7000000000e-01 
3.0206777828e-10 1.8463975119e+04 5.1050967843e-01 5.7000000000e-01 
3.9363558462e-09 1.3416767699e+04 6.7396384345e-01 5.7000000000e-01 
2.0948311180e-09 1.2883732661e+04 3.2259904595e-01 5.7000000000e-01 
1.4832161726e-07 1.6875607132e+04 9.2889177284e-01 5.7000000000e-01 
2.3499999999e-07 1.3525799189e+04 1.1507502234e+00 5.7000000000e-01 
2.1328424427e-09 1.3808239671e+04 1.1037709815e+00 5.7000000000e-01 
2.3221920413e-08 1.1356253840e+04 8.5702300228e-01 5.7000000000e-01 
2.3500000000e-07 1.2695816013e+04 7.3095383382e-01 5.7000000000e-01 
5.8680689669e-08 1.1834591373e+04 1.6131237443e-01 5.7000000000e-01 
1.9955843595e-09 2.0000000000e+04 6.8716777195e-01 5.7000000000e-01 
2.7650389646e-10 1.8867703343e+04 9.3451954225e-01 5.7000000000e-01 
2.3570390111e-09 2.0000000000e+04 1.3996921652e+00 5.7000000000e-01 
2.3499999999e-07 1.2729463865e+04 1.0543301245e+00 5.7000000000e-01 
1.5720979750e-10 1.1549004555e+04 7.6373372289e-01 5.7000000000e-01 
1.5683177286e-09 1.4302624231e+04 1.0846622548e+00 5.7000000000e-01 
2.3500000000e-07 1.9522260649e+04 9.7228952502e-01 5.7000000000e-01 
5.2937399357e-09 1.3539317549e+04 8.8367514099e-01 5.7000000000e-01 
5.7483853396e-09 1.2100926990e+04 7.9342490956e-01 5.7000000000e-01 
4.8456131562e-10 2.0000000000e+04 9.0358498630e-01 5.7000000000e-01 
2.3500000000e-07 1.2363525401e+04 8.5570786481e-01 5.7000000000e-01 
5.9045579854e-08 1.3528331032e+04 3.8883330812e-01 5.7000000000e-01 
4.4429501558e-10 1.2327912728e+04 1.0470705786e+00 5.7000000000e-01 
2.0566981274e-09 2.0000000000e+04 8.0894242899e-01 5.7000000000e-01 
4.3438058430e-09 1.4286918656e+04 1.2748118848e+00 5.7000000000e-01 
5.3315060905e-11 1.6792271713e+04 3.1770609065e-01 5.7000000000e-01 
4.9683630746e-09 1.2242772050e+04 3.3151746606e-01 5.7000000000e-01 
2.3499999999e-07 1.6203508489e+04 4.4703740541e-01 5.7000000000e-01 
2.9870634734e-10 1.4447913811e+04 8.6587967217e-01 5.7000000000e-01 
9.9879876952e-11 1.8176265987e+04 1.4950213403e+00 5.7000000000e-01 
