Radius [m]       Fe Area [frac]    Max Temp [k]    
1.1534873228e-04 2.6118854750e-01 2.5669309144e+03 
3.8605227666e-05 4.0756105007e-01 1.8123089207e+03 
3.0675739728e-05 3.7753694269e-01 2.4914763440e+03 
8.3276081443e-06 4.0259041089e-01 2.6473141064e+03 
9.6672127479e-05 2.4144998346e-01 2.4490009009e+03 
1.0595648836e-05 4.2659481645e-01 2.3953611428e+03 
1.1709610414e-05 5.1867088357e-01 1.7226152813e+03 
1.2403811557e-04 3.0180815905e-01 2.4808836321e+03 
1.3301802567e-04 2.6655716508e-01 2.5009229709e+03 
2.2151060541e-05 3.3771015570e-01 1.8949124634e+03 
2.6972150872e-06 1.0000000000e+00 1.4317780994e+03 
2.9330484184e-05 1.0000000000e+00 1.4860297586e+03 
1.1934551578e-05 4.2427353712e-01 2.3641816502e+03 
4.4493082171e-05 3.1927606437e-01 2.4167766432e+03 
3.3205896762e-05 2.1278143773e-01 2.0955146762e+03 
1.4509903034e-05 1.0000000000e+00 1.0686363935e+03 
1.2565992137e-04 2.7721080778e-01 2.4946460517e+03 
1.0681355384e-05 4.2670621102e-01 2.3957311932e+03 
4.1088344680e-05 3.1672430910e-01 2.4220518965e+03 
2.5102897715e-05 2.2198536547e-01 2.1307191949e+03 
2.0373512569e-05 6.3488404050e-01 1.6753762060e+03 
4.0846635014e-05 1.6661206287e-01 2.2653479495e+03 
1.9554664131e-04 2.5238808314e-01 2.3500071351e+03 
9.9414130790e-05 2.6809986679e-01 2.5475244694e+03 
1.9342041923e-05 3.6966019766e-01 1.8538844223e+03 
8.1757335558e-06 4.1049754222e-01 2.6079406134e+03 
8.0295800219e-05 1.5472169148e-01 2.3473532929e+03 
1.6344977606e-05 2.2636877162e-01 2.2335700132e+03 
4.9704721222e-05 3.0181808058e-01 2.4541553440e+03 
4.7464991667e-06 1.0000000000e+00 1.0267810915e+03 
1.8492357093e-05 1.0000000000e+00 1.5485006744e+03 
7.7800244030e-06 4.1453578422e-01 2.4419143611e+03 
6.0929523687e-06 4.1493262270e-01 2.5321374985e+03 
8.3701235905e-05 1.0000000000e+00 3.0000000000e+02 
6.4381816676e-05 2.3228301777e-01 2.0548546152e+03 
9.9536614903e-05 2.8082372221e-01 2.5541898633e+03 
2.9854107519e-05 3.4933232605e-01 2.3910935482e+03 
6.7287305370e-05 2.2997440992e-01 2.4244607265e+03 
7.9464527564e-05 3.6369056463e-01 2.4323870037e+03 
1.7655401370e-05 3.5108983521e-01 1.8779513188e+03 
9.6662804007e-05 2.9759374599e-01 2.4408979732e+03 
3.3874026453e-05 2.9799450373e-01 1.9494079126e+03 
7.7170073854e-06 4.1940581022e-01 2.3365227619e+03 
1.1369050752e-04 2.5760407569e-01 2.5164824308e+03 
2.2653061306e-05 1.0000000000e+00 1.6217430948e+03 
4.3647007588e-05 3.2454341590e-01 1.9120192225e+03 
1.3858371617e-04 2.5479305582e-01 2.5421931252e+03 
5.0896311448e-06 1.0000000000e+00 9.6673497547e+02 
1.0717031048e-04 2.6363555643e-01 2.4975205098e+03 
5.3131374141e-05 3.1841391713e-01 2.4925269204e+03 
2.8463631408e-06 1.0000000000e+00 9.4865493468e+02 
2.4665756324e-05 3.5504680087e-01 2.4544949075e+03 
9.5552025790e-06 1.0000000000e+00 1.6121484664e+03 
4.0036561081e-05 1.0000000000e+00 1.3496657534e+03 
3.4915747344e-05 2.8087099804e-01 1.9729904482e+03 
4.7750247318e-05 3.0635156720e-01 2.4286709998e+03 
1.1970315423e-04 2.7560829094e-01 2.4697187583e+03 
3.1600206974e-05 2.2105764171e-01 2.0814702148e+03 
7.0658199146e-05 2.9048160371e-01 2.4384893627e+03 
1.8473772099e-05 6.5113468433e-01 1.6702619182e+03 
1.3414431532e-04 2.8987001055e-01 1.9588640629e+03 
2.9227851923e-05 3.5159679392e-01 2.4625330162e+03 
1.3258238033e-05 3.8504487388e-01 2.4011584946e+03 
6.9010298420e-05 3.2538294700e-01 2.4062085475e+03 
3.1965752724e-05 2.6990846376e-01 1.9985452682e+03 
7.6345930294e-05 2.6840264193e-01 2.4680460687e+03 
3.9009864672e-06 1.0000000000e+00 1.4048979808e+03 
7.0481218858e-05 2.0050630379e-01 2.3969283320e+03 
7.9381050771e-06 4.2501032254e-01 2.3700868300e+03 
2.7289697072e-05 3.2995865537e-01 1.9061234109e+03 
1.6544899499e-05 2.7411246114e-01 1.9969408157e+03 
4.9899053131e-05 1.8675102568e-01 2.3334974640e+03 
5.6177124215e-05 1.3781296334e-01 2.2920253665e+03 
3.8354797477e-05 2.1140345292e-01 2.3203575720e+03 
6.1224380727e-05 3.2316732802e-01 2.5216431177e+03 
2.3044683323e-05 1.0000000000e+00 1.5290709733e+03 
5.1227094386e-05 3.3892695984e-01 2.4105916197e+03 
1.2199612054e-05 2.2938479714e-01 2.2002585501e+03 
4.1977607195e-05 1.8593240031e-01 2.1962870720e+03 
6.4231423730e-05 1.9573444529e-01 2.1248601994e+03 
6.7146301626e-06 1.0000000000e+00 1.5001745732e+03 
1.0489040594e-04 2.9319771993e-01 2.5203713956e+03 
5.6854638847e-05 2.8601810303e-01 2.4268432802e+03 
2.2246854355e-05 3.6596397970e-01 2.4554950415e+03 
6.8536117806e-06 1.0000000000e+00 1.5797305178e+03 
3.1782593057e-05 3.4340658121e-01 2.5575691672e+03 
1.5206175532e-05 3.5433656104e-01 1.8725195639e+03 
1.2285704201e-04 3.6319868144e-01 2.3779989369e+03 
7.0507241613e-06 4.2491486510e-01 2.4339157198e+03 
4.1789803012e-05 3.1255717927e-01 2.4279337465e+03 
2.7391378934e-05 3.3022396054e-01 1.9044331303e+03 
8.7967607042e-06 1.0000000000e+00 1.1805994890e+03 
7.2039648848e-05 2.0068984753e-01 2.1335444556e+03 
9.4927824751e-05 2.6847048718e-01 2.5134643762e+03 
5.9932655775e-05 3.0340494178e-01 2.4762114776e+03 
1.3997215466e-05 4.2732798925e-01 2.3850762029e+03 
5.5322262223e-05 3.1198030838e-01 2.4524280976e+03 
3.4896241807e-05 2.3413550747e-01 2.3498410210e+03 
1.0130649459e-05 1.0000000000e+00 1.0389191989e+03 
3.1993184422e-05 2.9460605616e-01 1.9567859337e+03 
5.0644392336e-06 1.0000000000e+00 1.0204242924e+03 
7.3814576653e-06 3.9763041676e-01 2.6754028150e+03 
1.4009369465e-05 3.8690844346e-01 2.3349758866e+03 
1.5470129818e-05 3.8997408061e-01 2.3419050991e+03 
2.4155872148e-05 3.6615238179e-01 1.8583725499e+03 
7.3023604228e-06 4.2633497129e-01 2.3924810609e+03 
1.0332247379e-05 1.0000000000e+00 8.6372186035e+02 
5.4319199559e-05 1.4441025200e-01 2.2553877626e+03 
9.6035153202e-05 2.7362013119e-01 2.4268097972e+03 
1.1440679177e-04 2.9556650914e-01 2.4988238210e+03 
1.3265625265e-05 3.8402274450e-01 1.8382913950e+03 
5.9381470537e-05 2.8656133624e-01 1.9668516664e+03 
1.3368431525e-04 2.6312171718e-01 2.5246103124e+03 
1.0252397130e-04 3.3440804208e-01 2.4379253976e+03 
1.3977503084e-04 2.4638596888e-01 2.5643717585e+03 
2.6626897649e-05 3.7582102543e-01 2.3983346964e+03 
1.1088533948e-05 1.0000000000e+00 1.1649207355e+03 
2.3357548043e-05 2.5211577882e-01 2.3176691920e+03 
6.9990844519e-05 3.2275896105e-01 2.5187301616e+03 
2.0826857736e-04 2.7517317012e-01 2.3971675814e+03 
8.7954497087e-05 2.0890855537e-01 2.4011372140e+03 
8.1218756893e-05 1.7374949068e-01 2.3602681832e+03 
3.3647202564e-05 1.8267888406e-01 2.1612455481e+03 
7.6816137251e-05 2.9188124040e-01 2.4884595106e+03 
7.8815159374e-05 1.9654868882e-01 2.3740669831e+03 
1.7476939934e-05 4.5002077032e-01 1.7736086034e+03 
6.0290785393e-06 4.1547276042e-01 2.5333008246e+03 
2.2903621954e-05 1.0000000000e+00 1.5033799222e+03 
4.7584696564e-06 1.0000000000e+00 1.4312982907e+03 
7.4604436679e-06 4.2036134644e-01 2.4761842144e+03 
3.0261225033e-05 2.1079016525e-01 2.1111492954e+03 
1.5558962709e-05 3.7285982853e-01 2.3940752480e+03 
3.8515918792e-05 3.0864242696e-01 2.4026955144e+03 
4.2302284273e-05 3.2532174073e-01 2.5143841692e+03 
3.1034326367e-05 2.4320733155e-01 2.0411706519e+03 
2.3794211251e-05 2.5790578271e-01 2.0146958197e+03 
1.0163699216e-04 2.9884770633e-01 2.4903192619e+03 
6.9821120605e-05 2.9237656029e-01 2.4316289379e+03 
3.0148632147e-05 3.5208725737e-01 1.8799619684e+03 
9.9874071513e-06 1.0000000000e+00 1.6024909024e+03 
5.5778621618e-05 3.6762306697e-01 1.8588213469e+03 
1.5551150256e-05 7.0758818592e-01 1.6599500430e+03 
2.7403509305e-05 2.8763059668e-01 1.9653690716e+03 
2.4190097732e-05 5.4490283624e-01 1.7104592892e+03 
3.7551437106e-05 2.4108470316e-01 2.0405155014e+03 
8.3734169639e-05 1.5496514614e-01 2.2064370580e+03 
3.1309727044e-05 3.1170215594e-01 1.9293075008e+03 
5.6792598753e-05 3.1435463671e-01 2.4646929344e+03 
1.5312577974e-04 2.6784512022e-01 2.5073518756e+03 
4.0494107806e-05 1.7502977245e-01 2.1680117632e+03 
1.7389235094e-05 3.6780589172e-01 2.6409392719e+03 
3.2596652328e-05 2.0711167870e-01 2.1014681012e+03 
3.3338299246e-05 3.5239003419e-01 2.5442703542e+03 
6.5160797173e-05 1.4974477375e-01 2.3396765753e+03 
1.9382748813e-05 4.0054491585e-01 1.8234099227e+03 
4.7955806825e-05 3.5438010751e-01 2.4409642092e+03 
1.1718686975e-04 2.9444115872e-01 2.5031935342e+03 
9.8912791773e-05 1.6912564030e-01 2.2495988705e+03 
3.9290483798e-05 2.7452960059e-01 1.9840972945e+03 
2.7272484461e-05 1.0000000000e+00 7.6999296727e+02 
1.5094496476e-05 3.8323993646e-01 2.4308651717e+03 
1.1163378245e-04 2.7057311543e-01 2.4700264710e+03 
1.6670698106e-05 1.0000000000e+00 1.5430540590e+03 
7.3512921161e-06 4.0068067864e-01 2.6660988650e+03 
7.4962486410e-05 1.5300148325e-01 2.2511398591e+03 
1.8899242861e-04 2.8251014509e-01 2.4505908711e+03 
1.1192196268e-04 3.0925711139e-01 2.4834478944e+03 
1.6454565712e-05 4.9212001795e-01 1.7397346914e+03 
4.3504429115e-05 3.4415131378e-01 2.4022335457e+03 
1.9547025347e-05 3.8833605458e-01 2.3540400019e+03 
7.1215941521e-05 2.7708166802e-01 2.4703598715e+03 
1.0150455195e-05 3.9728588958e-01 2.3448805339e+03 
4.7620228555e-05 3.0923463497e-01 2.4235304435e+03 
4.3137550513e-05 2.7544116314e-01 2.3985930316e+03 
3.1284208054e-05 3.6612808063e-01 2.5104242551e+03 
1.2147380157e-04 3.0884786005e-01 2.4712751292e+03 
4.9314301373e-05 1.9333191457e-01 2.1876304283e+03 
1.0199244705e-04 1.8481665804e-01 2.3962671986e+03 
1.0689927659e-04 2.8201536032e-01 2.5410495092e+03 
9.1190507142e-05 2.6800974464e-01 2.5210408909e+03 
6.8734023938e-06 4.2669139733e-01 2.3970433666e+03 
1.4149516336e-05 3.9166915322e-01 2.3286512230e+03 
4.3155201509e-05 1.0000000000e+00 1.5162632615e+03 
1.3233582293e-04 2.9025381386e-01 2.4926887797e+03 
1.9749198571e-05 4.3448754932e-01 1.7859507787e+03 
4.4009595931e-05 1.9882027984e-01 2.2092436751e+03 
1.2590351662e-05 4.0504540570e-01 2.5796988291e+03 
5.5121314993e-05 3.0999960694e-01 2.4129049113e+03 
6.5775379083e-05 1.8044284092e-01 2.3348032330e+03 
9.5051614294e-06 4.1791370483e-01 2.3283223892e+03 
1.2449892606e-04 2.7821446958e-01 2.5257312866e+03 
6.0533060420e-05 3.0296667800e-01 2.5152482492e+03 
2.8558232381e-05 3.7045971646e-01 1.8529357494e+03 
7.8080691156e-06 4.2696094009e-01 2.3862733329e+03 
6.3072220083e-05 2.1774414312e-01 2.1109960004e+03 
1.3303591769e-05 2.6692867838e-01 2.2641449114e+03 
5.6327999397e-05 2.7906558201e-01 2.4345092013e+03 
3.1972280481e-05 3.4024975407e-01 2.5747887495e+03 
2.5750175189e-05 2.1033207040e-01 2.1370336809e+03 
1.5046325397e-05 1.0000000000e+00 3.3691401531e+02 
