Mass [kg]        Velocity [m s-1]    Theta [rad]    CO2 [frac]    
1.6016497127e-11 1.2708566314e+04 1.1858053769e+00 2.0000000000e-02 
2.5788831163e-10 1.1350954387e+04 8.7003193685e-01 2.0000000000e-02 
1.2126751544e-08 1.6992970609e+04 7.9911327121e-01 2.0000000000e-02 
2.0214721511e-09 1.1812083754e+04 6.0482787877e-01 2.0000000000e-02 
8.8359831265e-10 1.1727424197e+04 1.3153631958e+00 2.0000000000e-02 
2.2354597390e-08 1.1592633514e+04 7.0380267662e-01 2.0000000000e-02 
9.5217123001e-10 1.1345622430e+04 1.2085058684e+00 2.0000000000e-02 
2.3500000000e-07 1.7080006892e+04 1.4821569680e+00 2.0000000000e-02 
1.6961028691e-07 1.5067105892e+04 3.9167426847e-01 2.0000000000e-02 
1.5274711760e-07 1.2808511869e+04 5.3747521266e-01 2.0000000000e-02 
2.3499999999e-07 2.0000000000e+04 1.0123478667e+00 2.0000000000e-02 
6.9351690985e-09 2.0000000000e+04 9.2694187269e-01 2.0000000000e-02 
2.3500000000e-07 1.5518259706e+04 2.3133135353e-01 2.0000000000e-02 
6.3442555498e-11 1.3753174980e+04 1.2683662151e+00 2.0000000000e-02 
1.7068185595e-09 1.1828788113e+04 2.5403821780e-01 2.0000000000e-02 
7.6335180734e-08 1.1466694616e+04 2.2185125499e-01 2.0000000000e-02 
3.8555615851e-10 1.2080485954e+04 2.4487433135e-01 2.0000000000e-02 
4.4229439082e-10 1.1908736367e+04 9.0099711342e-01 2.0000000000e-02 
5.1439758599e-09 1.1765883062e+04 6.3364903889e-01 2.0000000000e-02 
4.0831236566e-10 1.5273256906e+04 4.2352462327e-01 2.0000000000e-02 
1.6724517893e-10 1.2984072931e+04 2.6223005464e-01 2.0000000000e-02 
2.4019488055e-09 1.4840301832e+04 9.9446311670e-01 2.0000000000e-02 
2.3499999999e-07 1.2158351251e+04 1.0594281822e+00 2.0000000000e-02 
7.5293546802e-10 1.5847013991e+04 6.8273156047e-01 2.0000000000e-02 
2.3499999999e-07 1.5516341594e+04 7.9841843643e-01 2.0000000000e-02 
3.8484980023e-08 1.2357902244e+04 3.1956301674e-01 2.0000000000e-02 
6.4100194078e-10 1.1423940077e+04 5.5390439923e-01 2.0000000000e-02 
4.3126700043e-09 1.3086490643e+04 6.9779486697e-01 2.0000000000e-02 
2.2888908986e-09 1.5759207432e+04 9.9207923579e-01 2.0000000000e-02 
2.3500000000e-07 1.1704974543e+04 1.5468950635e-01 2.0000000000e-02 
6.3831252215e-09 1.1258301313e+04 8.9737353524e-01 2.0000000000e-02 
6.2466640826e-08 1.1653675276e+04 7.2363270691e-01 2.0000000000e-02 
1.4511468373e-08 1.3579021432e+04 9.8977004679e-01 2.0000000000e-02 
2.2337358158e-11 2.0000000000e+04 8.0785731142e-01 2.0000000000e-02 
3.3548307653e-10 1.2627731068e+04 6.8163405675e-01 2.0000000000e-02 
2.1829008887e-08 1.1930672609e+04 8.9695596435e-01 2.0000000000e-02 
3.6352886323e-09 1.1770906752e+04 1.3048726131e+00 2.0000000000e-02 
2.3499999999e-07 1.6950262368e+04 4.8529596545e-01 2.0000000000e-02 
2.0313823666e-09 1.1517494722e+04 3.7075654262e-01 2.0000000000e-02 
9.7451071401e-08 1.5526260967e+04 1.0757934630e+00 2.0000000000e-02 
2.2506564421e-09 1.1388665018e+04 3.8982181670e-01 2.0000000000e-02 
4.3602424614e-11 1.9411905246e+04 8.1415803481e-01 2.0000000000e-02 
1.4147465774e-09 1.1846501727e+04 1.2051760729e-01 2.0000000000e-02 
4.6319544436e-10 1.1328893715e+04 1.0220486803e+00 2.0000000000e-02 
7.5965356541e-08 1.2785002579e+04 6.2924884057e-01 2.0000000000e-02 
2.3499999999e-07 1.1439761558e+04 1.5193893123e+00 2.0000000000e-02 
2.3500000000e-07 1.1565347444e+04 8.3959988889e-01 2.0000000000e-02 
8.5116174011e-10 1.1596132226e+04 3.7958767277e-01 2.0000000000e-02 
2.3499999999e-07 1.7012067684e+04 1.0223122512e+00 2.0000000000e-02 
1.6311151132e-09 1.3258241262e+04 5.4195186530e-01 2.0000000000e-02 
2.3427352133e-11 2.0000000000e+04 5.7136578493e-01 2.0000000000e-02 
2.1419471785e-08 1.1653944368e+04 1.1075534824e+00 2.0000000000e-02 
1.3986703659e-11 1.7552202806e+04 5.3065872089e-01 2.0000000000e-02 
1.2962854937e-09 1.2297760832e+04 5.7642993159e-01 2.0000000000e-02 
9.0223987382e-08 1.5219728800e+04 7.7707322700e-01 2.0000000000e-02 
2.3903260118e-08 1.2136073276e+04 1.0111373537e+00 2.0000000000e-02 
1.1364175844e-07 1.2846237042e+04 1.2652222581e+00 2.0000000000e-02 
2.3500000000e-07 1.7162448096e+04 9.1865817238e-01 2.0000000000e-02 
2.3500000000e-07 1.2340967282e+04 4.1978724019e-01 2.0000000000e-02 
9.6478748235e-09 1.2011292363e+04 1.1159945434e+00 2.0000000000e-02 
2.3500000000e-07 1.5704858237e+04 8.2528471292e-01 2.0000000000e-02 
2.2715004514e-11 1.2422333093e+04 1.7955639160e-01 2.0000000000e-02 
2.3499999999e-07 1.1849254923e+04 9.0977852980e-01 2.0000000000e-02 
8.8031997959e-09 1.1927148183e+04 8.5342072456e-01 2.0000000000e-02 
2.2487344709e-10 1.6251734392e+04 7.2033610687e-01 2.0000000000e-02 
1.0362709906e-08 1.4249566605e+04 1.1299750424e+00 2.0000000000e-02 
2.8753267534e-10 1.4963082064e+04 9.7788155920e-01 2.0000000000e-02 
4.6573148061e-12 1.8739803336e+04 1.1793253197e+00 2.0000000000e-02 
4.1626437881e-10 1.5922480580e+04 6.3141198761e-01 2.0000000000e-02 
6.2385005095e-10 1.5085423657e+04 1.2383976862e+00 2.0000000000e-02 
2.4282631088e-08 1.3508821925e+04 5.0774210247e-01 2.0000000000e-02 
2.3499999999e-07 1.3756940869e+04 8.4818948053e-01 2.0000000000e-02 
4.7895566853e-08 2.0000000000e+04 7.4777386300e-02 2.0000000000e-02 
4.7651259256e-09 1.2279553372e+04 9.1800197173e-01 2.0000000000e-02 
1.8838689546e-07 1.1890736387e+04 7.7097739605e-01 2.0000000000e-02 
1.0084750646e-09 1.9255537266e+04 6.6373039729e-01 2.0000000000e-02 
1.4938563218e-08 1.1206502343e+04 5.7731216856e-01 2.0000000000e-02 
1.0499520440e-08 1.5781087789e+04 7.5942773324e-01 2.0000000000e-02 
1.5453218022e-09 1.3168308624e+04 1.3252162755e+00 2.0000000000e-02 
2.4541840026e-10 1.3155301874e+04 8.0902252751e-01 2.0000000000e-02 
1.5683120572e-08 1.1256281378e+04 6.3645517593e-01 2.0000000000e-02 
1.8876766327e-07 1.2629709563e+04 8.9156536479e-01 2.0000000000e-02 
2.3236514485e-09 1.1466700514e+04 3.5926452649e-01 2.0000000000e-02 
7.1513727982e-12 1.7512205590e+04 3.9416927119e-01 2.0000000000e-02 
2.4924809830e-11 1.2881436275e+04 1.0400996239e+00 2.0000000000e-02 
2.3499999999e-07 2.0000000000e+04 8.2163795515e-01 2.0000000000e-02 
2.3499999999e-07 1.3782286886e+04 5.3013366292e-01 2.0000000000e-02 
1.3949873572e-10 2.0000000000e+04 8.7241513604e-01 2.0000000000e-02 
3.7050136439e-08 2.0000000000e+04 1.0828455424e+00 2.0000000000e-02 
2.3356950592e-08 1.2470123079e+04 6.3071993029e-01 2.0000000000e-02 
4.9201362341e-09 1.4737511146e+04 4.8152925426e-01 2.0000000000e-02 
1.2670552659e-09 1.1280896252e+04 5.4609945525e-01 2.0000000000e-02 
4.5710327387e-08 2.0000000000e+04 3.4969051129e-01 2.0000000000e-02 
3.7516034866e-11 1.5064052138e+04 5.4052058163e-01 2.0000000000e-02 
6.7511077866e-10 1.3357723422e+04 1.1833579636e+00 2.0000000000e-02 
2.0014966840e-07 1.4912861747e+04 8.8935635902e-01 2.0000000000e-02 
2.3500000000e-07 1.7588570130e+04 1.0309769254e+00 2.0000000000e-02 
1.3291796191e-08 1.1846661122e+04 1.0457785186e+00 2.0000000000e-02 
1.9360259200e-08 1.5804779077e+04 6.7306725933e-01 2.0000000000e-02 
4.3086569551e-08 1.4024238097e+04 1.3577111027e+00 2.0000000000e-02 
6.8151783170e-09 1.3905933648e+04 7.8584645276e-01 2.0000000000e-02 
2.3500000000e-07 1.2309221817e+04 1.2059973711e+00 2.0000000000e-02 
2.3499999999e-07 1.1264257594e+04 5.6634592714e-01 2.0000000000e-02 
5.8734698682e-09 1.1314599833e+04 9.3803845493e-01 2.0000000000e-02 
8.7693023076e-08 1.3362379950e+04 4.9880377240e-01 2.0000000000e-02 
2.3499999999e-07 1.5031279010e+04 5.9714005928e-01 2.0000000000e-02 
9.4116805466e-08 1.1276195681e+04 8.1215750817e-01 2.0000000000e-02 
4.5998549124e-08 1.2671620872e+04 4.1249123472e-01 2.0000000000e-02 
5.6360600015e-08 1.3238802859e+04 1.3473546213e+00 2.0000000000e-02 
1.8622860199e-08 1.1288466718e+04 4.8391088852e-01 2.0000000000e-02 
9.2764943565e-10 1.1912570537e+04 1.1450570291e+00 2.0000000000e-02 
2.3499999999e-07 2.0000000000e+04 9.1666125918e-01 2.0000000000e-02 
5.4662293710e-11 1.1968596482e+04 5.8511083731e-01 2.0000000000e-02 
3.3778915151e-10 1.3079868470e+04 9.9069605021e-01 2.0000000000e-02 
2.3500000000e-07 1.2662480688e+04 2.8132613894e-01 2.0000000000e-02 
2.4596440288e-09 1.3684782804e+04 5.0253336545e-01 2.0000000000e-02 
1.2775467956e-09 2.0000000000e+04 1.4271572764e+00 2.0000000000e-02 
1.2216592014e-08 1.1961580591e+04 1.0153688040e+00 2.0000000000e-02 
5.6281475239e-09 1.5428904065e+04 7.7231694215e-01 2.0000000000e-02 
2.3500000000e-07 1.5392750363e+04 1.4099638368e+00 2.0000000000e-02 
5.5417766484e-08 1.2274315618e+04 6.3386288208e-01 2.0000000000e-02 
1.7011694889e-07 1.1346679656e+04 5.9191173283e-01 2.0000000000e-02 
8.5095233331e-11 1.1675280651e+04 2.8095148009e-01 2.0000000000e-02 
1.6867469980e-10 1.1609474938e+04 1.3353056346e+00 2.0000000000e-02 
3.3322653047e-11 1.7722745248e+04 3.3078638493e-01 2.0000000000e-02 
1.7588214395e-07 1.4331009807e+04 1.0022635154e+00 2.0000000000e-02 
2.9057805836e-08 1.3853946912e+04 4.8378646711e-01 2.0000000000e-02 
3.2621157987e-09 1.1502261027e+04 1.3775619481e+00 2.0000000000e-02 
6.9992564821e-08 1.2835825822e+04 7.7075044599e-01 2.0000000000e-02 
2.3500000000e-07 1.5041602226e+04 1.2582386016e+00 2.0000000000e-02 
2.3499999999e-07 1.1281551054e+04 8.4829524309e-01 2.0000000000e-02 
7.7988107984e-10 1.1591129259e+04 1.0025424078e+00 2.0000000000e-02 
1.2236172120e-09 1.1294829793e+04 7.3938249373e-01 2.0000000000e-02 
9.2486110138e-09 1.7919807427e+04 4.9533929871e-01 2.0000000000e-02 
1.9744901810e-10 1.3531604550e+04 5.7229115762e-01 2.0000000000e-02 
1.4837118011e-11 1.1563994742e+04 4.7606258997e-01 2.0000000000e-02 
9.0745484618e-10 2.0000000000e+04 4.0743856124e-01 2.0000000000e-02 
2.3499999999e-07 1.2128200747e+04 5.1192322858e-01 2.0000000000e-02 
2.5881188991e-10 1.3423611722e+04 9.9426136600e-01 2.0000000000e-02 
2.3499999999e-07 1.2261478033e+04 1.1023341153e+00 2.0000000000e-02 
2.3500000000e-07 1.3473230891e+04 9.6999176856e-01 2.0000000000e-02 
2.3500000000e-07 1.4413187782e+04 7.7905474168e-01 2.0000000000e-02 
4.7554015665e-11 1.7041971846e+04 4.1032586798e-01 2.0000000000e-02 
2.8847360978e-10 1.1747683410e+04 9.7683031596e-01 2.0000000000e-02 
1.4706163675e-07 1.1625182662e+04 4.4219069147e-01 2.0000000000e-02 
4.2197467126e-09 1.2774651911e+04 1.0344891544e+00 2.0000000000e-02 
2.3499999999e-07 1.1804027078e+04 3.4214883006e-01 2.0000000000e-02 
4.8219327340e-11 1.1207423830e+04 1.5237158891e+00 2.0000000000e-02 
1.1788800814e-07 1.3825346790e+04 9.1452283519e-01 2.0000000000e-02 
2.3731765890e-09 1.5212960249e+04 1.0778090807e+00 2.0000000000e-02 
2.4449561420e-08 2.0000000000e+04 7.3060068958e-01 2.0000000000e-02 
6.3620163449e-08 1.2909379420e+04 3.2394149693e-01 2.0000000000e-02 
3.9683820165e-10 1.4083157228e+04 1.2191475496e+00 2.0000000000e-02 
2.3751738804e-08 1.1521852966e+04 1.1518616244e+00 2.0000000000e-02 
1.5230513450e-10 1.5254642783e+04 6.4445967315e-01 2.0000000000e-02 
2.3616441591e-08 1.4563247234e+04 1.2741261314e+00 2.0000000000e-02 
6.7944667194e-10 1.1464131175e+04 8.6522878899e-01 2.0000000000e-02 
6.6207893983e-10 1.3035959037e+04 6.0143564941e-01 2.0000000000e-02 
1.8554177261e-09 1.2864834999e+04 1.2555880746e+00 2.0000000000e-02 
2.0540734378e-09 1.3273420228e+04 4.4718063868e-01 2.0000000000e-02 
9.2958367711e-09 1.5241346828e+04 8.5696891686e-01 2.0000000000e-02 
3.5991786410e-09 1.3629431535e+04 5.8285241192e-01 2.0000000000e-02 
6.1868054554e-08 2.0000000000e+04 6.7999089158e-01 2.0000000000e-02 
2.2964503655e-09 1.7982659600e+04 7.0443400242e-01 2.0000000000e-02 
1.3933938908e-09 1.2179814797e+04 3.8568139378e-01 2.0000000000e-02 
7.3181026093e-09 1.1702913596e+04 1.9645966223e-01 2.0000000000e-02 
2.1186431836e-09 1.2294425074e+04 1.1795071413e+00 2.0000000000e-02 
1.2560937012e-10 1.2652251754e+04 5.1251124929e-01 2.0000000000e-02 
8.7808624112e-11 1.9988919907e+04 1.1637736158e+00 2.0000000000e-02 
1.1157686847e-07 1.1561065996e+04 1.0518796308e+00 2.0000000000e-02 
2.3500000000e-07 2.0000000000e+04 1.2491717300e+00 2.0000000000e-02 
8.9282002193e-10 1.5391379218e+04 6.2449495528e-01 2.0000000000e-02 
2.3242089532e-10 1.1612583302e+04 5.2319279640e-01 2.0000000000e-02 
5.4023166940e-09 1.2303104651e+04 1.4000820459e+00 2.0000000000e-02 
2.5416732059e-08 1.1968298510e+04 1.2923490296e+00 2.0000000000e-02 
1.7973219048e-09 2.0000000000e+04 1.2334922285e+00 2.0000000000e-02 
2.6621074253e-09 1.9457787768e+04 5.2347048246e-01 2.0000000000e-02 
8.8474816141e-10 1.1271816191e+04 6.5900453455e-01 2.0000000000e-02 
2.3499999999e-07 1.2438525348e+04 1.3281894096e+00 2.0000000000e-02 
2.3499999999e-07 1.1980827185e+04 1.4875530057e+00 2.0000000000e-02 
6.0252873207e-10 1.3126350334e+04 4.7035401634e-01 2.0000000000e-02 
1.0132689776e-11 2.0000000000e+04 9.9124715468e-01 2.0000000000e-02 
3.7267955041e-10 1.1313259105e+04 1.2385380860e-01 2.0000000000e-02 
1.0380021290e-09 1.5485762943e+04 1.2553478718e+00 2.0000000000e-02 
1.0852257237e-08 1.1671110995e+04 1.1319506426e+00 2.0000000000e-02 
6.4367321451e-11 2.0000000000e+04 1.9898567746e-01 2.0000000000e-02 
5.3164529098e-09 1.1595534021e+04 3.5340562670e-01 2.0000000000e-02 
2.3187537813e-11 1.1233879887e+04 5.7015125881e-01 2.0000000000e-02 
2.3500000000e-07 1.4379096505e+04 4.5303947911e-01 2.0000000000e-02 
8.4970653017e-12 2.0000000000e+04 5.8520284025e-01 2.0000000000e-02 
1.1600290820e-08 1.1668683032e+04 6.1167350217e-01 2.0000000000e-02 
4.0371305146e-08 1.7007971613e+04 5.4353418529e-01 2.0000000000e-02 
6.4243632522e-11 1.7190045773e+04 7.5529511113e-01 2.0000000000e-02 
7.2417196845e-09 1.1775044501e+04 6.7959624206e-01 2.0000000000e-02 
5.9724374113e-10 1.3872176382e+04 1.4212236358e+00 2.0000000000e-02 
2.5174075036e-09 1.5128454086e+04 5.9940924855e-01 2.0000000000e-02 
1.3578533561e-07 1.1786452128e+04 1.2757669192e+00 2.0000000000e-02 
9.9302267666e-09 1.7417494759e+04 8.2628303454e-01 2.0000000000e-02 
4.0704907244e-08 1.1818513945e+04 5.6121440785e-01 2.0000000000e-02 
4.4444470739e-11 1.2256355580e+04 5.1744015889e-01 2.0000000000e-02 
