Mass [kg]        Velocity [m s-1]    Theta [rad]    CO2 [frac]    
2.3500000000e-07 1.4649809715e+04 1.7565301260e-01 7.7000000000e-01 
4.4644151834e-09 1.4140718424e+04 8.0415992489e-01 7.7000000000e-01 
3.1622958287e-09 1.2357002033e+04 9.3541504972e-01 7.7000000000e-01 
2.0950031519e-09 1.1396615138e+04 1.0895716380e+00 7.7000000000e-01 
3.4811105745e-09 1.3819162010e+04 8.4329621563e-01 7.7000000000e-01 
1.0904613452e-09 1.2985341816e+04 5.2852678489e-01 7.7000000000e-01 
2.5295463573e-10 1.3445663333e+04 4.2332815393e-01 7.7000000000e-01 
2.3499999999e-07 1.1445335976e+04 8.0784586360e-01 7.7000000000e-01 
1.1989101085e-12 1.2694869366e+04 1.1716896116e+00 7.7000000000e-01 
2.3499999999e-07 1.2132706816e+04 7.0556990555e-01 7.7000000000e-01 
2.3499999999e-07 1.2617191647e+04 2.5109039569e-01 7.7000000000e-01 
3.2892410498e-10 1.3614086456e+04 1.2415552038e+00 7.7000000000e-01 
9.6453641673e-10 1.1391437241e+04 1.0490433621e+00 7.7000000000e-01 
1.2565181471e-09 1.2325964220e+04 9.8794694766e-01 7.7000000000e-01 
2.3499999999e-07 1.1806206501e+04 6.1462094297e-01 7.7000000000e-01 
2.2799197363e-07 1.4065422939e+04 5.2880086591e-01 7.7000000000e-01 
1.7217936960e-07 1.1952860634e+04 3.8525843429e-01 7.7000000000e-01 
8.4697106561e-08 1.2642040397e+04 1.1419650618e+00 7.7000000000e-01 
2.3499999999e-07 2.0000000000e+04 1.0747407963e+00 7.7000000000e-01 
2.0202474880e-10 1.1836920427e+04 8.6709795115e-01 7.7000000000e-01 
2.2204679468e-10 1.1710676835e+04 7.4626615253e-01 7.7000000000e-01 
9.0547960771e-09 1.5243862044e+04 5.0332337553e-01 7.7000000000e-01 
2.3499999999e-07 1.9722552668e+04 1.2880714218e+00 7.7000000000e-01 
5.4280144069e-11 1.5578197194e+04 8.5696849609e-01 7.7000000000e-01 
2.5552730750e-11 1.1927772995e+04 2.9535314337e-01 7.7000000000e-01 
4.7202748399e-13 1.2924169752e+04 1.9769692748e-01 7.7000000000e-01 
8.4291102924e-10 1.4644103512e+04 3.4310459840e-01 7.7000000000e-01 
5.5943960179e-08 1.2899862782e+04 3.8704502633e-01 7.7000000000e-01 
2.4833413339e-09 1.2461408067e+04 2.1680261687e-01 7.7000000000e-01 
2.0790143676e-07 1.2161285413e+04 1.4370455284e+00 7.7000000000e-01 
3.3345271047e-09 1.5190554822e+04 9.5645319279e-01 7.7000000000e-01 
1.1222897566e-10 1.3369287525e+04 9.8234651338e-01 7.7000000000e-01 
2.3500000000e-07 1.1279155159e+04 1.2315137007e+00 7.7000000000e-01 
2.3500000000e-07 1.1302717849e+04 1.1296979938e+00 7.7000000000e-01 
7.8515519123e-08 1.2345582374e+04 9.9070070646e-01 7.7000000000e-01 
9.4474240521e-09 1.9243646003e+04 1.1612601788e+00 7.7000000000e-01 
1.0737973144e-11 1.3030650141e+04 6.7429991840e-01 7.7000000000e-01 
2.3920397069e-10 1.1254138073e+04 1.0792342235e+00 7.7000000000e-01 
1.1749814271e-09 1.4522776113e+04 8.4397619441e-01 7.7000000000e-01 
2.3500000000e-07 1.6448253927e+04 9.0472446659e-01 7.7000000000e-01 
1.9609594821e-08 1.3731582027e+04 2.6323575385e-01 7.7000000000e-01 
2.3499999999e-07 1.2534316433e+04 3.9132505402e-01 7.7000000000e-01 
5.1062142519e-13 1.2230666997e+04 6.6705263411e-01 7.7000000000e-01 
4.5683118252e-11 1.1562924529e+04 8.7890821556e-01 7.7000000000e-01 
2.3500000000e-07 1.4294538985e+04 4.8413307033e-01 7.7000000000e-01 
5.9325972529e-08 1.3092982383e+04 8.3437563563e-01 7.7000000000e-01 
3.6154010991e-12 2.0000000000e+04 9.5461185341e-01 7.7000000000e-01 
1.5808042775e-07 2.0000000000e+04 9.2731801081e-01 7.7000000000e-01 
9.4845494338e-11 1.8567012969e+04 1.0240980435e+00 7.7000000000e-01 
6.6409368184e-10 1.2980669818e+04 1.1258204201e+00 7.7000000000e-01 
2.9652713158e-11 1.2466128041e+04 8.1613921745e-01 7.7000000000e-01 
9.9103708345e-09 1.1806745844e+04 5.9564225466e-01 7.7000000000e-01 
5.3341521123e-11 1.8689096387e+04 1.0655587216e+00 7.7000000000e-01 
2.9582216830e-10 1.3468205761e+04 6.1876725204e-01 7.7000000000e-01 
4.0505391684e-08 1.1990523978e+04 4.0242951992e-01 7.7000000000e-01 
1.1005124525e-10 1.1702878657e+04 1.0301195289e+00 7.7000000000e-01 
1.2365231229e-09 1.8457048270e+04 6.8118893877e-01 7.7000000000e-01 
5.1398001823e-13 2.0000000000e+04 7.5179792171e-01 7.7000000000e-01 
1.3892732446e-08 1.9107317836e+04 1.0153062669e+00 7.7000000000e-01 
5.3933934865e-09 1.2757285448e+04 9.6616353322e-01 7.7000000000e-01 
8.4385915093e-08 1.6277043843e+04 9.8320525363e-01 7.7000000000e-01 
8.6502716137e-10 1.2205361307e+04 8.7097541990e-02 7.7000000000e-01 
8.5497514721e-10 1.2473496907e+04 4.4976924317e-01 7.7000000000e-01 
3.4834290023e-08 2.0000000000e+04 4.7173957357e-01 7.7000000000e-01 
2.3500000000e-07 1.1554119233e+04 8.8563137804e-01 7.7000000000e-01 
2.3499999999e-07 1.2083224312e+04 9.0475014871e-01 7.7000000000e-01 
1.5200417008e-09 1.2091221587e+04 6.3792722134e-01 7.7000000000e-01 
1.7587239131e-09 1.2908921322e+04 6.8838138574e-01 7.7000000000e-01 
2.3499999999e-07 1.7987012115e+04 3.0632929375e-01 7.7000000000e-01 
4.1226627307e-11 1.5269719668e+04 5.9112763543e-01 7.7000000000e-01 
7.0326813382e-09 1.1672934779e+04 6.2658370757e-01 7.7000000000e-01 
6.0730976337e-10 1.1772413330e+04 1.0889252365e+00 7.7000000000e-01 
8.6368046049e-09 1.2599889494e+04 3.0906253987e-01 7.7000000000e-01 
1.9291002387e-09 1.5738433704e+04 1.0497915077e+00 7.7000000000e-01 
9.4414535652e-09 1.2097515094e+04 1.1269803346e+00 7.7000000000e-01 
2.3499999999e-07 2.0000000000e+04 7.2443824130e-01 7.7000000000e-01 
8.7207831942e-09 2.0000000000e+04 8.5985107239e-01 7.7000000000e-01 
7.4067838073e-11 1.2653874573e+04 8.2590575358e-01 7.7000000000e-01 
2.3499999999e-07 1.8463613952e+04 7.5603146179e-01 7.7000000000e-01 
1.4190182670e-09 1.1277347883e+04 3.8293691434e-01 7.7000000000e-01 
6.7006936223e-10 1.8409367377e+04 8.5523514826e-01 7.7000000000e-01 
8.4246217118e-11 1.1301322091e+04 1.0205564832e+00 7.7000000000e-01 
7.9850698289e-10 1.2322400681e+04 2.9113029275e-01 7.7000000000e-01 
5.5860311012e-09 1.1437722569e+04 1.2142812314e+00 7.7000000000e-01 
3.5514803383e-11 1.2826505268e+04 1.5177228306e+00 7.7000000000e-01 
3.4309718386e-08 1.5296236778e+04 1.2077510495e+00 7.7000000000e-01 
2.9165038732e-09 1.3711681436e+04 2.4474178769e-01 7.7000000000e-01 
2.8767945403e-09 1.5641473882e+04 5.8385913720e-01 7.7000000000e-01 
3.5890774488e-11 1.1233048059e+04 7.9039165500e-01 7.7000000000e-01 
8.7684728673e-11 1.4937454990e+04 1.1851127790e+00 7.7000000000e-01 
2.6431653831e-09 1.3124773745e+04 9.8365793436e-01 7.7000000000e-01 
4.4975876859e-11 1.3616271272e+04 1.0287356759e+00 7.7000000000e-01 
3.5581038442e-08 2.0000000000e+04 1.1924860245e+00 7.7000000000e-01 
1.6866560624e-08 1.6172780220e+04 3.7136621869e-01 7.7000000000e-01 
6.8695026282e-10 1.9589276320e+04 1.3720744364e+00 7.7000000000e-01 
9.8925816262e-11 1.1270303556e+04 1.4802944238e+00 7.7000000000e-01 
8.1416032811e-10 1.5456640149e+04 1.5056791177e-01 7.7000000000e-01 
8.4592378329e-09 2.0000000000e+04 1.0902936532e+00 7.7000000000e-01 
3.0107036713e-08 1.9308830650e+04 5.5776226491e-01 7.7000000000e-01 
2.3499999999e-07 1.6990823656e+04 1.4282246334e+00 7.7000000000e-01 
7.9196732158e-10 1.2987971417e+04 7.2439481851e-01 7.7000000000e-01 
2.3499999999e-07 1.3386219909e+04 8.3786689418e-01 7.7000000000e-01 
1.0263051433e-10 1.2105665433e+04 5.2594788489e-01 7.7000000000e-01 
1.1631259339e-09 1.3937408198e+04 5.9721382568e-01 7.7000000000e-01 
7.2929280118e-12 1.3202928299e+04 5.1515789188e-01 7.7000000000e-01 
2.3499999999e-07 2.0000000000e+04 6.8160938464e-01 7.7000000000e-01 
1.6444099350e-07 1.1449545925e+04 1.7560549497e-01 7.7000000000e-01 
7.5468313632e-12 2.0000000000e+04 2.7870812695e-01 7.7000000000e-01 
9.4897800439e-10 1.6432626799e+04 8.8887820192e-01 7.7000000000e-01 
6.7170501714e-11 2.0000000000e+04 2.8562548666e-01 7.7000000000e-01 
3.7966534041e-10 1.2215146915e+04 1.3733979827e+00 7.7000000000e-01 
2.3500000000e-07 1.5812857901e+04 6.8876031801e-01 7.7000000000e-01 
7.6500720845e-08 1.2239463724e+04 1.3608214064e+00 7.7000000000e-01 
1.0491518674e-09 1.5908660475e+04 1.0658842623e+00 7.7000000000e-01 
3.5580039702e-10 1.1582657228e+04 2.1753812490e-01 7.7000000000e-01 
4.4630771947e-12 1.1223824877e+04 1.2992505980e+00 7.7000000000e-01 
3.6365807897e-09 1.9569317695e+04 1.2468239841e+00 7.7000000000e-01 
2.3500000000e-07 2.0000000000e+04 6.3571489142e-01 7.7000000000e-01 
3.2360759691e-08 2.0000000000e+04 9.2781703292e-01 7.7000000000e-01 
3.9299721505e-10 1.2003276734e+04 1.1450480388e+00 7.7000000000e-01 
1.9341026924e-08 1.1490371119e+04 6.0941024200e-01 7.7000000000e-01 
9.7935195465e-10 1.5473063750e+04 7.4071147013e-01 7.7000000000e-01 
4.9958948925e-08 1.4247961888e+04 7.5803023777e-01 7.7000000000e-01 
2.3500000000e-07 1.3436542603e+04 6.4889902956e-01 7.7000000000e-01 
7.9778698858e-11 2.0000000000e+04 1.2624048868e+00 7.7000000000e-01 
9.2528914389e-08 1.3030822574e+04 9.1572995664e-01 7.7000000000e-01 
2.3500000000e-07 1.8840677132e+04 1.2208951911e+00 7.7000000000e-01 
2.3499999999e-07 2.0000000000e+04 9.9703115293e-01 7.7000000000e-01 
2.5082877407e-11 1.1882917590e+04 8.6755863604e-01 7.7000000000e-01 
1.5048807795e-08 1.3070386032e+04 2.9368456755e-01 7.7000000000e-01 
1.2001032105e-09 1.8372926024e+04 1.3896563190e+00 7.7000000000e-01 
1.2752255028e-08 1.2937534468e+04 5.5977256453e-01 7.7000000000e-01 
1.0696021269e-08 1.4834465124e+04 1.1460150423e+00 7.7000000000e-01 
1.5773693864e-10 1.3754827017e+04 9.7507346925e-01 7.7000000000e-01 
2.3499999999e-07 1.2564869857e+04 6.3711786989e-01 7.7000000000e-01 
1.4401406799e-08 1.3290223056e+04 5.9372428427e-01 7.7000000000e-01 
1.5808012325e-11 1.1345929625e+04 1.3644410775e+00 7.7000000000e-01 
1.1087616056e-11 1.1251453495e+04 6.2588458900e-01 7.7000000000e-01 
3.2824934161e-11 2.0000000000e+04 9.9049788783e-01 7.7000000000e-01 
1.0663731468e-11 1.1487801214e+04 9.1170664999e-01 7.7000000000e-01 
6.1054229088e-10 1.5722669718e+04 1.1974725173e+00 7.7000000000e-01 
5.7458130640e-08 1.4448534565e+04 9.4202509783e-01 7.7000000000e-01 
3.0706009798e-10 1.3639767652e+04 2.8398523428e-01 7.7000000000e-01 
2.6663273062e-10 1.2389213481e+04 8.1526219561e-01 7.7000000000e-01 
1.1508948346e-08 1.4101675339e+04 9.0514028565e-01 7.7000000000e-01 
9.6235654459e-08 1.4638806762e+04 8.8113491896e-01 7.7000000000e-01 
1.1974120853e-10 1.4859599970e+04 1.0959664966e+00 7.7000000000e-01 
6.4076009747e-10 1.2684412200e+04 1.1315621523e+00 7.7000000000e-01 
2.3500000000e-07 1.3200919029e+04 4.0152989284e-01 7.7000000000e-01 
3.1240271266e-08 1.1506608338e+04 1.3146654653e+00 7.7000000000e-01 
4.2740980488e-11 1.5001890878e+04 1.0718386767e+00 7.7000000000e-01 
9.2677625672e-08 1.1419527183e+04 5.4377166450e-01 7.7000000000e-01 
4.5566920987e-08 1.1293784315e+04 7.9713628556e-01 7.7000000000e-01 
6.5916664762e-10 1.1740610616e+04 4.4130569296e-01 7.7000000000e-01 
6.1987926470e-11 1.1663443115e+04 1.1016029220e+00 7.7000000000e-01 
4.0079875061e-09 1.5199583928e+04 7.5551267977e-01 7.7000000000e-01 
1.2818006599e-08 1.2597829947e+04 8.1130273161e-01 7.7000000000e-01 
2.8387331912e-08 1.1373072683e+04 1.3489438583e+00 7.7000000000e-01 
1.5306508030e-10 1.6259152259e+04 9.2009451487e-01 7.7000000000e-01 
1.4020032033e-10 1.2738128259e+04 1.2626872999e+00 7.7000000000e-01 
2.3500000000e-07 2.0000000000e+04 2.2192090070e-01 7.7000000000e-01 
8.5781925293e-08 2.0000000000e+04 1.4298889143e+00 7.7000000000e-01 
6.3831401542e-11 1.1649742625e+04 2.2859959043e-01 7.7000000000e-01 
6.1106259887e-10 1.2001820109e+04 3.8260674425e-01 7.7000000000e-01 
2.3499999999e-07 1.1254882322e+04 7.2357797646e-01 7.7000000000e-01 
7.1165112626e-10 1.2275379029e+04 2.5953883228e-01 7.7000000000e-01 
4.3966806290e-11 1.2561750345e+04 7.2516354694e-01 7.7000000000e-01 
9.2261586807e-10 1.3098721661e+04 5.9429919815e-01 7.7000000000e-01 
1.8119152310e-07 1.1627967567e+04 2.0421233499e-01 7.7000000000e-01 
1.5150423476e-11 1.3025311972e+04 9.4124613436e-01 7.7000000000e-01 
2.5386984854e-09 1.3754739096e+04 8.6608298276e-01 7.7000000000e-01 
3.9967406725e-10 1.1638880070e+04 5.9985075164e-01 7.7000000000e-01 
7.5059565672e-11 1.1824430313e+04 5.4906728183e-01 7.7000000000e-01 
1.8738333625e-11 1.6805075520e+04 2.8565384986e-01 7.7000000000e-01 
2.3500000000e-07 1.1724591612e+04 9.5043607548e-01 7.7000000000e-01 
3.0562679216e-11 1.9445807969e+04 8.0222446194e-01 7.7000000000e-01 
1.6086089710e-10 1.1766035469e+04 1.0529634835e+00 7.7000000000e-01 
7.3037203301e-10 1.1960886540e+04 1.0696370489e+00 7.7000000000e-01 
5.8911796813e-10 1.1605708677e+04 1.1903806626e+00 7.7000000000e-01 
1.4197225073e-10 1.2356259414e+04 7.3952445414e-01 7.7000000000e-01 
2.3499999999e-07 1.2784187498e+04 5.6542609612e-01 7.7000000000e-01 
6.0845533932e-11 2.0000000000e+04 1.2257058260e+00 7.7000000000e-01 
1.0877370654e-10 1.4491127881e+04 7.7157819595e-01 7.7000000000e-01 
1.4627363278e-10 1.2244446902e+04 1.0342234643e+00 7.7000000000e-01 
5.6904910951e-10 1.3309255594e+04 6.0100557186e-01 7.7000000000e-01 
3.7031418597e-11 1.3090916149e+04 1.1057090914e+00 7.7000000000e-01 
9.3457523213e-10 1.2163639762e+04 6.7081171371e-01 7.7000000000e-01 
1.3282487286e-09 1.1310618964e+04 9.1651052593e-01 7.7000000000e-01 
5.9293337680e-08 1.4701165395e+04 8.0328641471e-01 7.7000000000e-01 
1.1414931676e-09 1.7746782911e+04 1.3339497099e+00 7.7000000000e-01 
1.1353829751e-07 1.1360997157e+04 8.4770987442e-01 7.7000000000e-01 
8.9512411926e-10 1.5823602832e+04 1.1790660812e+00 7.7000000000e-01 
4.5015856092e-10 1.2588776365e+04 7.6130592413e-01 7.7000000000e-01 
1.8709359604e-08 1.1240526574e+04 6.5869688545e-01 7.7000000000e-01 
4.0495709813e-08 1.2331057503e+04 8.8360788548e-01 7.7000000000e-01 
2.3500000000e-07 1.5154684167e+04 6.5442947139e-01 7.7000000000e-01 
4.8801009241e-08 1.2540922309e+04 4.7498988734e-01 7.7000000000e-01 
1.9127154072e-08 1.2218882013e+04 7.1414407451e-01 7.7000000000e-01 
2.7488418116e-09 1.2495588016e+04 1.2293553771e+00 7.7000000000e-01 
1.5167798213e-08 1.1710978109e+04 1.1912974831e+00 7.7000000000e-01 
