Mass [kg]        Velocity [m s-1]    Theta [rad]    CO2 [ frac]    
5.2938958921e-08 2.0000000000e+04 2.0792189181e-01 2.0000000000e-02 
9.9908272420e-10 1.1601478487e+04 6.6464914818e-01 2.0000000000e-02 
2.3530629759e-09 1.1228041428e+04 8.0648017007e-01 2.0000000000e-02 
8.8884904011e-08 1.8891309428e+04 6.3229348529e-01 2.0000000000e-02 
2.4910616674e-08 1.1426263473e+04 3.5080157172e-01 2.0000000000e-02 
6.2742936727e-08 1.2994178096e+04 3.6202476066e-01 2.0000000000e-02 
8.7200990518e-08 1.5897383848e+04 1.8379454142e-01 2.0000000000e-02 
6.9489623446e-10 1.7034827746e+04 4.1157469334e-01 2.0000000000e-02 
6.0604824850e-11 1.4166625248e+04 1.1116329313e+00 2.0000000000e-02 
6.0368099749e-08 1.2086740620e+04 5.5659916476e-01 2.0000000000e-02 
6.2009249891e-10 2.0000000000e+04 3.5035879637e-01 2.0000000000e-02 
3.4337771469e-10 1.2217941228e+04 7.7239074270e-01 2.0000000000e-02 
2.2406535763e-11 1.5052136625e+04 6.3625939868e-01 2.0000000000e-02 
1.2032873696e-10 1.2552938105e+04 3.7999283983e-01 2.0000000000e-02 
1.6159030382e-10 1.1650509647e+04 6.9110356704e-01 2.0000000000e-02 
4.6183649987e-08 1.4113317597e+04 8.7514518009e-01 2.0000000000e-02 
2.3499999999e-07 1.8269044118e+04 1.2554497047e+00 2.0000000000e-02 
1.1833814815e-08 2.0000000000e+04 6.3187814816e-01 2.0000000000e-02 
3.1508360060e-08 1.9799086776e+04 6.6825591460e-01 2.0000000000e-02 
1.0567292549e-11 1.3965430286e+04 1.1184819566e+00 2.0000000000e-02 
5.6984799422e-11 1.1855319953e+04 9.3052418495e-01 2.0000000000e-02 
1.8054321399e-08 1.4935326454e+04 2.6789079027e-01 2.0000000000e-02 
2.3499999999e-07 2.0000000000e+04 1.2046400195e+00 2.0000000000e-02 
2.4073696554e-11 1.4704828712e+04 1.2614142390e+00 2.0000000000e-02 
1.0065205378e-09 1.1358596454e+04 7.9372649945e-01 2.0000000000e-02 
1.4148154736e-09 1.1843510808e+04 6.3206137571e-01 2.0000000000e-02 
3.2545678552e-08 2.0000000000e+04 9.0673681274e-01 2.0000000000e-02 
2.3499999999e-07 1.2209533846e+04 7.8881204492e-01 2.0000000000e-02 
4.4861028425e-08 1.1697523919e+04 8.1270558395e-01 2.0000000000e-02 
1.6629507652e-10 1.2259412867e+04 6.4853940080e-01 2.0000000000e-02 
7.1289441678e-11 1.2490142384e+04 1.0047020197e+00 2.0000000000e-02 
6.4911539995e-09 1.1813819458e+04 7.9488128070e-01 2.0000000000e-02 
8.3235581788e-10 1.7360251291e+04 4.6124022602e-01 2.0000000000e-02 
1.1617033904e-09 1.5530897962e+04 1.3090693097e+00 2.0000000000e-02 
9.0561168624e-10 1.2636000818e+04 7.8125747277e-01 2.0000000000e-02 
6.7191909330e-08 1.9755264041e+04 6.9351280642e-01 2.0000000000e-02 
1.6786313785e-08 1.4386003872e+04 1.2717992520e+00 2.0000000000e-02 
7.0969933289e-09 1.4229979869e+04 9.7715239118e-01 2.0000000000e-02 
1.0488762346e-08 1.5701517120e+04 1.0024146525e+00 2.0000000000e-02 
2.2766981187e-08 1.1618813223e+04 8.7881138437e-01 2.0000000000e-02 
2.4917555463e-09 1.5075060887e+04 6.3717584352e-01 2.0000000000e-02 
1.5753683535e-08 1.1589695972e+04 3.8938158182e-01 2.0000000000e-02 
2.1889261446e-08 1.1389833368e+04 3.7213212181e-01 2.0000000000e-02 
2.3402557754e-08 1.3607158672e+04 5.7746994352e-01 2.0000000000e-02 
8.1654986937e-09 1.2423573345e+04 1.4665960565e+00 2.0000000000e-02 
2.3499999999e-07 1.2378541634e+04 2.1578608751e-01 2.0000000000e-02 
2.3500000000e-07 1.3696707537e+04 4.7713701520e-01 2.0000000000e-02 
2.4575244649e-11 1.1320328496e+04 1.2123939608e+00 2.0000000000e-02 
3.2108201858e-08 1.1814866815e+04 6.1597065719e-01 2.0000000000e-02 
4.0766414725e-09 1.2191286042e+04 1.1500797289e+00 2.0000000000e-02 
9.7253632466e-08 1.3916734593e+04 1.0811402960e+00 2.0000000000e-02 
1.5590510824e-10 1.3967651143e+04 9.4832894427e-01 2.0000000000e-02 
1.4545764335e-09 1.3580254786e+04 6.4428355178e-01 2.0000000000e-02 
3.1903982756e-11 2.0000000000e+04 5.4001853797e-01 2.0000000000e-02 
2.3499999999e-07 1.2643774743e+04 7.9180204464e-01 2.0000000000e-02 
3.6373031652e-09 1.3708021301e+04 5.4091462607e-01 2.0000000000e-02 
6.2644427717e-11 1.2841162569e+04 7.4351222050e-01 2.0000000000e-02 
1.0376228940e-08 1.3266515280e+04 1.3494747275e+00 2.0000000000e-02 
5.7037086429e-09 1.1203804128e+04 4.8951769648e-01 2.0000000000e-02 
1.4259463624e-12 1.8181374749e+04 5.7870993259e-01 2.0000000000e-02 
2.3499999999e-07 1.3406024872e+04 8.7523509424e-01 2.0000000000e-02 
1.0015620406e-07 1.7240487189e+04 3.0620475541e-01 2.0000000000e-02 
2.3499999999e-07 1.5530826865e+04 1.5264680603e-01 2.0000000000e-02 
6.0170697827e-10 1.7577244411e+04 7.2602477304e-01 2.0000000000e-02 
2.1212831139e-10 1.5180853972e+04 6.8973757941e-01 2.0000000000e-02 
5.2298574793e-12 1.2261207293e+04 7.5772461446e-01 2.0000000000e-02 
1.0519795549e-07 1.2102459638e+04 1.1178277575e+00 2.0000000000e-02 
7.4433677376e-09 1.1976794200e+04 1.2597564175e+00 2.0000000000e-02 
5.6547020823e-10 1.4626123534e+04 6.6840829268e-01 2.0000000000e-02 
9.7418452695e-11 1.4355596144e+04 1.4794962953e+00 2.0000000000e-02 
2.3250281848e-10 1.3286237090e+04 8.1284022208e-01 2.0000000000e-02 
1.8371397174e-07 1.1787938886e+04 6.2523357078e-01 2.0000000000e-02 
5.8906754766e-11 2.0000000000e+04 9.7059839435e-01 2.0000000000e-02 
5.3486008624e-08 1.2614403204e+04 9.7508566971e-01 2.0000000000e-02 
2.0073863651e-08 1.2019322370e+04 1.1363260205e+00 2.0000000000e-02 
1.0541369230e-09 1.5767688798e+04 1.4862904369e+00 2.0000000000e-02 
1.0787709309e-10 1.3570700307e+04 9.9386626539e-01 2.0000000000e-02 
5.4359369611e-08 1.4373240234e+04 1.4363911972e+00 2.0000000000e-02 
5.5176103682e-13 1.3583499355e+04 9.7170127188e-01 2.0000000000e-02 
1.1740074853e-10 1.7378093918e+04 6.7558170144e-01 2.0000000000e-02 
1.9739281586e-10 1.1663571120e+04 4.8923924697e-01 2.0000000000e-02 
4.0908471725e-10 1.7250133732e+04 4.6960015239e-01 2.0000000000e-02 
4.5020127294e-11 1.1530359995e+04 5.7110503170e-01 2.0000000000e-02 
1.5271826795e-10 1.4699885670e+04 8.0174549893e-01 2.0000000000e-02 
1.8416065853e-10 1.2066269856e+04 1.0676156765e+00 2.0000000000e-02 
1.5788058341e-08 1.1633510768e+04 1.1448506606e+00 2.0000000000e-02 
1.2392652081e-07 1.4422467580e+04 1.2638434035e+00 2.0000000000e-02 
3.1413431285e-08 2.0000000000e+04 3.4510993919e-01 2.0000000000e-02 
2.7289854050e-08 2.0000000000e+04 9.6078789787e-01 2.0000000000e-02 
7.8676469112e-08 1.5984231253e+04 1.0077769611e+00 2.0000000000e-02 
5.0223096661e-08 1.2565286085e+04 6.1180666444e-01 2.0000000000e-02 
2.3500000000e-07 1.2538433145e+04 9.6761237224e-01 2.0000000000e-02 
8.2597696394e-09 1.2144846504e+04 1.3669427399e+00 2.0000000000e-02 
2.1610103152e-09 1.8239672207e+04 1.1105269023e+00 2.0000000000e-02 
2.5028968684e-12 1.1980984492e+04 2.6701295270e-01 2.0000000000e-02 
2.3499999999e-07 1.3843921604e+04 6.8354508808e-01 2.0000000000e-02 
2.3500000000e-07 1.4653623518e+04 7.8665704027e-01 2.0000000000e-02 
5.2936107118e-09 1.2353089353e+04 9.3819156190e-01 2.0000000000e-02 
1.0941091529e-10 1.2260625277e+04 5.8369062979e-01 2.0000000000e-02 
2.3500000000e-07 1.9689691489e+04 1.0094670702e+00 2.0000000000e-02 
1.0646241669e-11 1.1726396036e+04 8.6129702464e-01 2.0000000000e-02 
1.4016729919e-08 2.0000000000e+04 7.6373934931e-01 2.0000000000e-02 
1.3383302162e-09 1.3773845632e+04 9.9881640497e-01 2.0000000000e-02 
5.5130028945e-09 1.2376367462e+04 4.4070669182e-01 2.0000000000e-02 
2.3500000000e-07 1.2167709383e+04 6.1636905418e-01 2.0000000000e-02 
7.3720217434e-11 1.5270499478e+04 1.2914317932e+00 2.0000000000e-02 
5.2470975298e-08 1.1359281132e+04 2.1094031248e-01 2.0000000000e-02 
3.2480433996e-08 1.2126941655e+04 1.5973566942e-01 2.0000000000e-02 
3.2881681163e-09 1.9794792912e+04 1.3263927007e+00 2.0000000000e-02 
2.3500000000e-07 1.3122234980e+04 3.0474109365e-01 2.0000000000e-02 
1.0148613101e-08 1.2161999440e+04 3.7499356305e-01 2.0000000000e-02 
2.3493962555e-07 1.4674352749e+04 1.4349902570e+00 2.0000000000e-02 
3.6558286094e-08 1.2512528023e+04 1.1754134927e-01 2.0000000000e-02 
2.3499999999e-07 1.1315237137e+04 5.2578737314e-01 2.0000000000e-02 
5.1606806372e-09 2.0000000000e+04 6.2564955170e-01 2.0000000000e-02 
8.5274666754e-09 2.0000000000e+04 5.4081628737e-01 2.0000000000e-02 
1.3338444788e-07 1.1277902455e+04 3.4314885943e-01 2.0000000000e-02 
2.8331197507e-11 1.1742747688e+04 7.9142102667e-01 2.0000000000e-02 
1.9931346361e-07 1.1306925980e+04 7.6764457277e-01 2.0000000000e-02 
2.3500000000e-07 1.2384416411e+04 1.4605997781e-01 2.0000000000e-02 
4.3056133303e-09 1.5995371955e+04 8.3460103095e-01 2.0000000000e-02 
6.3768260325e-08 1.1342759521e+04 1.3554796633e+00 2.0000000000e-02 
3.6305776119e-09 1.4428907429e+04 4.4198394751e-01 2.0000000000e-02 
1.8225550581e-09 1.4215804745e+04 1.0543442192e+00 2.0000000000e-02 
2.3500000000e-07 1.4463957897e+04 2.2493966039e-01 2.0000000000e-02 
3.2192094757e-11 1.8189289927e+04 7.7082964564e-01 2.0000000000e-02 
5.0175501763e-08 1.4181002450e+04 1.0736785968e+00 2.0000000000e-02 
1.6136360568e-07 1.1399077948e+04 7.4488830360e-01 2.0000000000e-02 
2.2380460376e-10 1.2743424000e+04 5.2252124743e-01 2.0000000000e-02 
3.4938826285e-09 1.6821898090e+04 1.1697401163e+00 2.0000000000e-02 
1.7043508769e-10 1.2055016641e+04 1.0246974276e+00 2.0000000000e-02 
1.2434633541e-08 1.1248227888e+04 1.1009711884e+00 2.0000000000e-02 
2.9563825398e-09 1.1824313658e+04 6.5053517995e-01 2.0000000000e-02 
2.3767835615e-08 1.1447087639e+04 9.7054433822e-01 2.0000000000e-02 
4.1920128622e-11 1.1643849404e+04 3.9847025699e-01 2.0000000000e-02 
2.0467418459e-11 1.1995437647e+04 3.2403908505e-01 2.0000000000e-02 
9.0077571588e-11 1.3776160292e+04 1.2788000009e+00 2.0000000000e-02 
5.8761594214e-10 1.3852493589e+04 7.5389168741e-01 2.0000000000e-02 
2.8699620822e-08 1.3343626995e+04 1.0343945279e+00 2.0000000000e-02 
1.9006922051e-07 1.1942163141e+04 6.3469337094e-01 2.0000000000e-02 
6.5654917351e-11 1.2849896728e+04 7.6238319434e-01 2.0000000000e-02 
1.9992110341e-07 1.1981575339e+04 4.9548131966e-01 2.0000000000e-02 
1.5362460579e-08 1.1439076169e+04 9.6682258111e-01 2.0000000000e-02 
1.0865006037e-07 1.1284423687e+04 8.3314197706e-01 2.0000000000e-02 
3.5834468054e-10 1.6325526522e+04 5.8927303690e-01 2.0000000000e-02 
5.0689371891e-09 1.2499837175e+04 9.7891349931e-01 2.0000000000e-02 
5.6369312544e-09 1.1936801136e+04 1.2414039157e+00 2.0000000000e-02 
2.3500000000e-07 1.1318931471e+04 7.1834293852e-01 2.0000000000e-02 
4.3917278672e-10 1.3384832220e+04 7.7891725894e-01 2.0000000000e-02 
1.1175314191e-09 1.2388906424e+04 8.0188487994e-01 2.0000000000e-02 
1.0108681916e-09 1.7875842675e+04 1.3393136184e+00 2.0000000000e-02 
9.4514463394e-08 1.1680333449e+04 6.1127066068e-01 2.0000000000e-02 
1.2587801953e-12 1.5587169006e+04 1.5101485052e+00 2.0000000000e-02 
3.9031677401e-09 1.4534439170e+04 4.3414012498e-01 2.0000000000e-02 
1.3705022481e-10 1.4167594166e+04 5.4032458613e-01 2.0000000000e-02 
2.5366976849e-09 1.4725176830e+04 1.1908537309e+00 2.0000000000e-02 
8.1327264779e-12 1.2685929309e+04 2.9230873027e-01 2.0000000000e-02 
5.6653829508e-10 1.2940540593e+04 7.1555064374e-01 2.0000000000e-02 
3.2448792769e-09 2.0000000000e+04 9.7624768200e-01 2.0000000000e-02 
7.2541621590e-09 1.1610715586e+04 1.8038716880e-01 2.0000000000e-02 
4.3890147984e-09 1.2684249113e+04 5.6825755036e-01 2.0000000000e-02 
4.2112272224e-10 1.2472979659e+04 1.2057890163e+00 2.0000000000e-02 
1.2320255992e-09 1.1405560848e+04 1.0584686636e+00 2.0000000000e-02 
1.0819944442e-11 1.2693601676e+04 3.7832277985e-01 2.0000000000e-02 
2.6305383195e-09 2.0000000000e+04 2.6596855614e-01 2.0000000000e-02 
2.6930472894e-08 2.0000000000e+04 1.2629252961e+00 2.0000000000e-02 
1.5371872718e-08 1.3196389748e+04 5.0967721115e-01 2.0000000000e-02 
2.3499999999e-07 1.7611513022e+04 1.3074045704e+00 2.0000000000e-02 
2.0721810208e-09 1.8873616170e+04 4.4631950219e-01 2.0000000000e-02 
5.6853546270e-09 2.0000000000e+04 1.1895164096e+00 2.0000000000e-02 
1.6967933068e-08 1.4062270845e+04 7.0118377471e-01 2.0000000000e-02 
7.9177758171e-10 1.2503888907e+04 1.4026470744e+00 2.0000000000e-02 
2.3499999999e-07 1.1810566837e+04 8.1323972147e-01 2.0000000000e-02 
2.3500000000e-07 1.4106499447e+04 6.8073762005e-01 2.0000000000e-02 
2.3500000000e-07 1.3966999190e+04 6.8487809669e-01 2.0000000000e-02 
1.6756946942e-08 1.3358775551e+04 9.8233670836e-01 2.0000000000e-02 
2.3499999999e-07 1.3229498586e+04 1.1125963981e+00 2.0000000000e-02 
2.6300023346e-10 1.2602324071e+04 1.2454669066e+00 2.0000000000e-02 
6.2060830290e-09 1.2549427466e+04 5.3843656801e-01 2.0000000000e-02 
2.0519093354e-08 1.1593432609e+04 6.5253757341e-01 2.0000000000e-02 
4.0613659028e-13 1.1859627603e+04 6.0687526112e-01 2.0000000000e-02 
1.4615492587e-07 1.5453531100e+04 5.5665181592e-01 2.0000000000e-02 
2.8630426573e-11 1.2794149689e+04 1.1928994434e+00 2.0000000000e-02 
7.8859679896e-11 1.9922300526e+04 4.8779119270e-01 2.0000000000e-02 
1.3530821384e-09 1.1611838265e+04 7.0025434876e-01 2.0000000000e-02 
2.3067200602e-09 1.9535077718e+04 6.8737785277e-01 2.0000000000e-02 
3.2046474861e-09 2.0000000000e+04 1.4318227454e-01 2.0000000000e-02 
1.0373388238e-10 1.6321880548e+04 9.3639152517e-01 2.0000000000e-02 
5.7405530406e-09 1.1714614986e+04 8.1144328287e-01 2.0000000000e-02 
2.3500000000e-07 1.5717677670e+04 7.9398338191e-01 2.0000000000e-02 
1.0975099025e-10 1.2365216129e+04 7.7049694004e-01 2.0000000000e-02 
3.2827172238e-10 1.2581979197e+04 1.1313885704e+00 2.0000000000e-02 
1.9460172505e-10 1.7827225454e+04 5.2013053244e-01 2.0000000000e-02 
1.9409283206e-08 1.2800111070e+04 1.0226837234e+00 2.0000000000e-02 
1.9848314769e-09 1.1329690853e+04 1.0745573617e+00 2.0000000000e-02 
3.4496293967e-08 1.1693137981e+04 1.3227612164e+00 2.0000000000e-02 
7.8290245754e-09 1.2190705900e+04 6.4731158856e-01 2.0000000000e-02 
9.9218358713e-08 1.5482260498e+04 5.3705364797e-01 2.0000000000e-02 
2.3500000000e-07 1.5053239983e+04 1.3154422690e+00 2.0000000000e-02 
2.5156026758e-10 1.8721631872e+04 1.2758030675e+00 2.0000000000e-02 
