Mass [kg]        Velocity [m s-1]    Theta [rad]    CO2 [ frac]    
3.8344281020e-08 1.2378972166e+04 1.3445654112e+00 4.2000000000e-01 
4.9647946249e-10 1.9751555597e+04 1.3065944220e+00 4.2000000000e-01 
4.1509780695e-10 1.1425368969e+04 1.1090547003e+00 4.2000000000e-01 
2.9032648897e-09 1.2467998259e+04 3.5471428071e-01 4.2000000000e-01 
2.0056905192e-10 1.2834635870e+04 4.4578375154e-01 4.2000000000e-01 
1.0464912950e-10 1.8777094224e+04 3.4450903496e-01 4.2000000000e-01 
2.6542000664e-10 1.5818745643e+04 5.8005180052e-01 4.2000000000e-01 
3.6119113105e-10 1.1536837940e+04 1.0913679405e+00 4.2000000000e-01 
3.0137740245e-09 1.5386188169e+04 3.0979337403e-01 4.2000000000e-01 
2.3499999999e-07 2.0000000000e+04 4.1114783477e-01 4.2000000000e-01 
3.9404301059e-09 1.3149235771e+04 5.3990014645e-01 4.2000000000e-01 
2.6465858641e-10 1.2940960311e+04 3.8163284044e-01 4.2000000000e-01 
8.1501557760e-09 1.1824588366e+04 7.7621619758e-01 4.2000000000e-01 
2.2832015974e-09 1.3604658175e+04 5.1427667842e-01 4.2000000000e-01 
1.8004722418e-09 1.2195348295e+04 1.3272568893e+00 4.2000000000e-01 
3.8979775865e-08 1.1288250259e+04 1.3916968487e+00 4.2000000000e-01 
7.7894881526e-10 1.2768287919e+04 9.7925630323e-01 4.2000000000e-01 
1.0439920626e-10 1.1379500909e+04 8.3873684460e-01 4.2000000000e-01 
4.4822842642e-10 1.6209906526e+04 1.3901954566e+00 4.2000000000e-01 
8.4063403333e-09 2.0000000000e+04 1.0451423373e-01 4.2000000000e-01 
5.4348819612e-10 1.5208656977e+04 4.1092506869e-01 4.2000000000e-01 
2.2397937296e-09 1.1465618314e+04 1.5085202233e+00 4.2000000000e-01 
7.7763344356e-08 1.2624867386e+04 2.4971459184e-01 4.2000000000e-01 
3.6240065228e-09 1.5720831689e+04 1.0805174733e+00 4.2000000000e-01 
1.3228425855e-09 1.2531758260e+04 1.0760697415e+00 4.2000000000e-01 
3.8396780162e-12 1.1212794696e+04 2.6685916671e-01 4.2000000000e-01 
5.2924635465e-09 1.5817860349e+04 9.3086535007e-01 4.2000000000e-01 
1.5285557967e-10 1.2148195134e+04 6.8685533375e-01 4.2000000000e-01 
2.3486479553e-08 1.5184566304e+04 9.9563400820e-01 4.2000000000e-01 
2.3500000000e-07 1.5934423472e+04 1.3608029144e+00 4.2000000000e-01 
5.8896610696e-12 1.2322148533e+04 9.3793620513e-01 4.2000000000e-01 
1.7698004228e-08 1.1652723376e+04 3.4074563595e-01 4.2000000000e-01 
1.7727920935e-08 1.1711407180e+04 8.5425550975e-01 4.2000000000e-01 
1.4865806641e-11 1.2875509824e+04 6.0322991175e-01 4.2000000000e-01 
4.5858949034e-10 1.3535066224e+04 1.1844954081e+00 4.2000000000e-01 
3.0489619524e-10 1.3877318957e+04 1.3947944440e+00 4.2000000000e-01 
4.1326974377e-10 1.1430457874e+04 7.4333607197e-01 4.2000000000e-01 
2.3499999999e-07 2.0000000000e+04 9.9564928363e-01 4.2000000000e-01 
1.6340046116e-09 1.4094654740e+04 3.5784809375e-01 4.2000000000e-01 
9.7702642576e-08 1.4624075081e+04 9.3650937353e-01 4.2000000000e-01 
3.9665001685e-08 1.1725326858e+04 1.2184454515e+00 4.2000000000e-01 
2.3499999999e-07 1.2341771204e+04 1.2840003274e+00 4.2000000000e-01 
2.3500000000e-07 1.1381259685e+04 5.4094268518e-01 4.2000000000e-01 
2.3720292503e-10 1.1685702750e+04 5.5301420420e-01 4.2000000000e-01 
2.3499999999e-07 1.3793809004e+04 7.2874744998e-01 4.2000000000e-01 
1.5113067097e-07 2.0000000000e+04 1.0276101883e+00 4.2000000000e-01 
3.2225982388e-09 1.2437971763e+04 1.4569534209e+00 4.2000000000e-01 
3.8061095344e-12 1.6425366279e+04 1.0163669685e+00 4.2000000000e-01 
1.6709701862e-10 1.1348025171e+04 1.4830158916e+00 4.2000000000e-01 
6.8555658514e-09 1.4514320841e+04 6.0451815745e-01 4.2000000000e-01 
4.5210530360e-10 2.0000000000e+04 8.7354729056e-01 4.2000000000e-01 
7.7118025836e-10 1.4615572459e+04 1.1165441403e+00 4.2000000000e-01 
9.0936397515e-09 1.3042681446e+04 2.9347895506e-01 4.2000000000e-01 
2.3499999999e-07 1.2644165851e+04 5.5403907592e-01 4.2000000000e-01 
6.3605696678e-09 1.1273718531e+04 9.5873626559e-01 4.2000000000e-01 
5.5758910018e-11 2.0000000000e+04 9.5266020783e-01 4.2000000000e-01 
4.8574533221e-09 1.3255935342e+04 7.4395580969e-01 4.2000000000e-01 
2.3500000000e-07 1.1845901428e+04 9.0206335462e-01 4.2000000000e-01 
4.9429526077e-08 2.0000000000e+04 7.3803222431e-01 4.2000000000e-01 
2.3500000000e-07 1.4092089834e+04 1.1113103341e+00 4.2000000000e-01 
4.1294919931e-08 1.1484684664e+04 8.8004045263e-01 4.2000000000e-01 
1.1492146303e-08 2.0000000000e+04 5.2435318944e-01 4.2000000000e-01 
4.4447998902e-08 1.1629724481e+04 4.2963641854e-02 4.2000000000e-01 
6.6608914733e-09 1.2678601590e+04 5.0738481290e-01 4.2000000000e-01 
1.6567468222e-09 2.0000000000e+04 5.7339523679e-01 4.2000000000e-01 
1.8487602545e-10 1.5795971891e+04 3.9527488246e-01 4.2000000000e-01 
2.3500000000e-07 1.1729999108e+04 1.1229934505e+00 4.2000000000e-01 
2.3499999999e-07 1.3500242327e+04 1.2798327395e+00 4.2000000000e-01 
1.6604846244e-08 1.1477896698e+04 1.5109217534e-01 4.2000000000e-01 
1.1040363643e-07 2.0000000000e+04 1.0668686052e+00 4.2000000000e-01 
6.5207295286e-09 2.0000000000e+04 7.2122805617e-01 4.2000000000e-01 
2.3500000000e-07 1.7107112637e+04 4.4215165014e-01 4.2000000000e-01 
1.5777472957e-11 2.0000000000e+04 1.1409421293e+00 4.2000000000e-01 
2.3622132264e-10 1.2960413438e+04 1.0931897865e+00 4.2000000000e-01 
1.5018756886e-11 1.1231137868e+04 1.3695095881e+00 4.2000000000e-01 
2.7491548432e-08 1.6468956902e+04 9.2130818618e-01 4.2000000000e-01 
1.2389789412e-11 1.1685541168e+04 7.1361202874e-01 4.2000000000e-01 
1.4829986084e-08 1.3903266444e+04 4.9537139397e-01 4.2000000000e-01 
1.0271839740e-09 1.4435759712e+04 7.6856676799e-01 4.2000000000e-01 
8.9101685284e-12 2.0000000000e+04 4.4259680597e-01 4.2000000000e-01 
6.3008284439e-09 1.3282222421e+04 8.0952749470e-01 4.2000000000e-01 
1.6944743427e-07 1.2171498999e+04 1.1428896187e+00 4.2000000000e-01 
1.7263683079e-09 1.4645918408e+04 1.1430264389e+00 4.2000000000e-01 
2.3500000000e-07 1.3589359191e+04 8.9435242744e-01 4.2000000000e-01 
5.3991378417e-12 1.6779525702e+04 9.9542603669e-01 4.2000000000e-01 
4.4849545699e-08 1.1917420313e+04 7.6644567957e-01 4.2000000000e-01 
4.2330025579e-08 1.4454937847e+04 4.8884603689e-01 4.2000000000e-01 
1.3819188746e-09 1.2330533191e+04 8.5419897569e-01 4.2000000000e-01 
2.3499999999e-07 1.3823051897e+04 6.4224401860e-01 4.2000000000e-01 
3.7447256728e-11 1.2373328764e+04 9.0940138525e-01 4.2000000000e-01 
3.6377026715e-09 1.2384220985e+04 7.6843515761e-01 4.2000000000e-01 
2.3500000000e-07 1.2012643924e+04 5.3477330879e-01 4.2000000000e-01 
2.3499999999e-07 1.3598410332e+04 1.0277825805e+00 4.2000000000e-01 
2.2744161266e-09 1.1336259786e+04 7.6345373507e-01 4.2000000000e-01 
5.9173141003e-10 2.0000000000e+04 4.6572498836e-01 4.2000000000e-01 
1.4999613304e-08 1.2132192440e+04 6.0189028046e-01 4.2000000000e-01 
2.3500000000e-07 1.1307624973e+04 1.2670957355e+00 4.2000000000e-01 
2.3500000000e-07 1.1800118543e+04 8.3757079621e-01 4.2000000000e-01 
3.4857450228e-10 1.2288385232e+04 6.9584355749e-01 4.2000000000e-01 
2.3500000000e-07 1.3390164474e+04 5.4301682844e-01 4.2000000000e-01 
7.5203626878e-12 1.2526879618e+04 5.5109175771e-01 4.2000000000e-01 
2.3499999999e-07 1.2945088838e+04 5.2343411002e-01 4.2000000000e-01 
2.3499999999e-07 2.0000000000e+04 7.8962254189e-01 4.2000000000e-01 
1.0132075884e-08 1.2488156961e+04 9.3999753127e-01 4.2000000000e-01 
1.3135894419e-08 1.4927616617e+04 2.8267779103e-01 4.2000000000e-01 
2.3499999999e-07 1.2943687453e+04 7.1811376989e-01 4.2000000000e-01 
3.8569503136e-10 1.1499667466e+04 4.3240852595e-01 4.2000000000e-01 
1.1921264544e-09 1.3778512495e+04 2.5183266755e-01 4.2000000000e-01 
6.0573330868e-09 1.2758039325e+04 8.2267301775e-01 4.2000000000e-01 
2.3499999999e-07 1.7879205979e+04 2.0734982101e-01 4.2000000000e-01 
1.5578540594e-11 1.5862375008e+04 8.0408921526e-01 4.2000000000e-01 
2.3499999999e-07 2.0000000000e+04 4.5897487128e-01 4.2000000000e-01 
9.8410162526e-08 1.6844949110e+04 5.3220629458e-01 4.2000000000e-01 
5.9135021282e-10 1.3343681475e+04 1.1693560744e+00 4.2000000000e-01 
2.8905458644e-10 1.4592618222e+04 6.0627350657e-01 4.2000000000e-01 
5.9691839675e-12 1.1305650607e+04 9.8570488249e-01 4.2000000000e-01 
2.7582587497e-08 1.2208105174e+04 7.6979294422e-01 4.2000000000e-01 
2.0096511163e-09 2.0000000000e+04 1.3270811044e+00 4.2000000000e-01 
1.5708427516e-09 1.3871935450e+04 1.3712059269e+00 4.2000000000e-01 
1.2069006779e-10 1.4843545272e+04 5.1479816728e-01 4.2000000000e-01 
1.1279071209e-11 1.6154512549e+04 7.9737975076e-01 4.2000000000e-01 
2.3500000000e-07 1.3417946216e+04 9.8972097203e-01 4.2000000000e-01 
2.3499999999e-07 1.2106660370e+04 6.6379988232e-01 4.2000000000e-01 
1.1596623306e-08 1.1772271373e+04 3.3337631395e-01 4.2000000000e-01 
2.8309281031e-10 1.1675090161e+04 5.5950059143e-01 4.2000000000e-01 
7.2687401452e-10 1.2051665904e+04 9.9491895923e-01 4.2000000000e-01 
2.3500000000e-07 1.1599855279e+04 8.3258637302e-01 4.2000000000e-01 
1.2490712561e-09 1.2004128367e+04 1.0726306950e+00 4.2000000000e-01 
1.0164352448e-09 2.0000000000e+04 1.1132231967e+00 4.2000000000e-01 
1.1193295347e-08 1.2912928908e+04 1.2701422257e+00 4.2000000000e-01 
9.5831101293e-09 1.8009081121e+04 1.2328440906e+00 4.2000000000e-01 
1.0138542061e-09 1.1328268063e+04 5.3160377561e-01 4.2000000000e-01 
5.8273309323e-08 1.2283695602e+04 2.8444828724e-01 4.2000000000e-01 
2.7115813139e-08 1.1534893142e+04 4.5636776266e-01 4.2000000000e-01 
2.1425562456e-08 1.2795419207e+04 4.7059144875e-01 4.2000000000e-01 
2.3499999999e-07 1.2272299778e+04 7.6490695033e-01 4.2000000000e-01 
1.9508141657e-09 1.1565321521e+04 8.7884216999e-01 4.2000000000e-01 
2.3499999999e-07 1.2712223021e+04 1.4261033541e+00 4.2000000000e-01 
4.2401817937e-10 1.2470940447e+04 1.2225109003e+00 4.2000000000e-01 
1.1561367367e-07 1.4644792105e+04 2.3911677498e-01 4.2000000000e-01 
2.1149832711e-09 1.2537266312e+04 6.5525045407e-01 4.2000000000e-01 
2.4528576479e-08 1.7014478253e+04 1.0758506180e+00 4.2000000000e-01 
2.3499999999e-07 1.2299478265e+04 5.5514840842e-01 4.2000000000e-01 
2.3914462473e-10 1.2517703504e+04 9.5588942405e-01 4.2000000000e-01 
8.1834095606e-08 1.2338787938e+04 4.1046006861e-01 4.2000000000e-01 
1.3244013682e-09 1.1930796652e+04 1.1043730744e+00 4.2000000000e-01 
2.1491404202e-12 1.3176072970e+04 6.0086953780e-01 4.2000000000e-01 
2.7280815230e-08 1.2131135359e+04 9.3586663093e-01 4.2000000000e-01 
2.4663703582e-10 1.4442509108e+04 7.0724721215e-01 4.2000000000e-01 
1.9227764610e-09 1.3828937273e+04 1.1254074005e+00 4.2000000000e-01 
7.0093652182e-08 1.7256768871e+04 9.5847380407e-01 4.2000000000e-01 
7.0018857128e-08 1.1671260079e+04 9.1968953095e-01 4.2000000000e-01 
2.3500000000e-07 1.1758585232e+04 1.1753562419e+00 4.2000000000e-01 
2.3500000000e-07 1.3806291676e+04 2.7810898672e-01 4.2000000000e-01 
6.4689149912e-10 1.2883682631e+04 8.0808968592e-01 4.2000000000e-01 
1.4107629325e-10 1.2461736528e+04 9.3459577768e-01 4.2000000000e-01 
8.0342707745e-11 1.3775995080e+04 1.0328249812e-01 4.2000000000e-01 
2.0156032376e-10 1.1371977875e+04 1.4693714342e+00 4.2000000000e-01 
3.7273751985e-08 1.6022854220e+04 5.7659038115e-01 4.2000000000e-01 
7.8035313351e-10 1.1960496673e+04 1.0374974335e+00 4.2000000000e-01 
1.6611862494e-09 1.1758728417e+04 5.1226734017e-01 4.2000000000e-01 
2.3500000000e-07 1.3597704629e+04 7.5774805573e-01 4.2000000000e-01 
1.0860462714e-08 1.9798076430e+04 1.4727205947e+00 4.2000000000e-01 
9.0147713277e-13 1.3485377625e+04 2.7266786666e-01 4.2000000000e-01 
8.6311272241e-11 1.8936525234e+04 7.7691054589e-01 4.2000000000e-01 
1.4183587358e-11 1.2319350623e+04 3.2008148127e-01 4.2000000000e-01 
7.5465912929e-08 1.3461315493e+04 1.0907762786e+00 4.2000000000e-01 
8.6813302308e-12 1.3661485759e+04 7.0404222514e-01 4.2000000000e-01 
2.3499999999e-07 2.0000000000e+04 9.0870491070e-01 4.2000000000e-01 
2.3499999999e-07 1.1349738754e+04 8.7183630405e-01 4.2000000000e-01 
5.7376327487e-10 1.3405447064e+04 1.1455256132e+00 4.2000000000e-01 
1.9979987497e-09 1.3528247662e+04 8.8190863948e-01 4.2000000000e-01 
9.2430293006e-11 1.4933508400e+04 5.0957557141e-01 4.2000000000e-01 
4.4366212503e-09 1.1208377985e+04 3.3854932827e-01 4.2000000000e-01 
2.5048425088e-08 1.4128095891e+04 5.1767679620e-01 4.2000000000e-01 
1.4365717489e-10 1.7101685028e+04 5.2882184909e-01 4.2000000000e-01 
7.7537932438e-11 1.2675036596e+04 3.6064889465e-01 4.2000000000e-01 
3.1436287914e-08 1.3120685847e+04 7.2793298532e-01 4.2000000000e-01 
5.1052828656e-08 1.4846097750e+04 6.7995914324e-01 4.2000000000e-01 
1.9751171204e-11 1.5943292699e+04 1.3553100679e+00 4.2000000000e-01 
6.2448004183e-10 1.3913059868e+04 9.3403857624e-01 4.2000000000e-01 
4.5247810514e-09 1.3315997164e+04 3.8129214960e-01 4.2000000000e-01 
9.0083391551e-09 1.1604937467e+04 5.3896421251e-01 4.2000000000e-01 
2.3499999999e-07 1.1680756158e+04 4.9533873812e-01 4.2000000000e-01 
1.6467718632e-08 1.3151290664e+04 7.4326034846e-01 4.2000000000e-01 
2.3499999999e-07 1.8937261421e+04 1.1420460337e+00 4.2000000000e-01 
2.3499999999e-07 1.1862714040e+04 1.4751768879e+00 4.2000000000e-01 
2.3499999999e-07 2.0000000000e+04 1.1728277763e+00 4.2000000000e-01 
2.3499999999e-07 1.1701753962e+04 8.3028843862e-01 4.2000000000e-01 
6.9256578641e-09 1.5078470887e+04 1.3237988007e-01 4.2000000000e-01 
4.4323900814e-11 1.1375064125e+04 7.8279971170e-01 4.2000000000e-01 
5.7715458013e-10 1.4574607531e+04 6.1951926894e-01 4.2000000000e-01 
1.2842287064e-07 1.4168398614e+04 2.8311151824e-01 4.2000000000e-01 
1.2546028124e-07 2.0000000000e+04 4.5230705618e-01 4.2000000000e-01 
3.7868121097e-11 1.1857236887e+04 1.3790563399e+00 4.2000000000e-01 
1.6026335041e-09 1.1741980442e+04 7.3567055581e-01 4.2000000000e-01 
1.0545813715e-09 1.3171432797e+04 1.3415605257e+00 4.2000000000e-01 
2.3500000000e-07 1.3564514399e+04 4.9893669636e-01 4.2000000000e-01 
2.3499999999e-07 1.1854135096e+04 9.4253750684e-01 4.2000000000e-01 
3.5452761670e-08 1.1512659662e+04 1.0367271073e+00 4.2000000000e-01 
