Radius [m]       Fe Area [frac]    Max Temp [k]    
9.8484821972e-05 5.2391175425e-01 2.5569461238e+03 
5.1557826331e-05 4.8815800402e-01 2.3037827299e+03 
3.9095068420e-05 5.6180655103e-01 2.5327614031e+03 
5.4144771619e-06 6.6948003846e-01 2.4123665972e+03 
7.2739530283e-05 4.8850101913e-01 2.3634565799e+03 
6.5409809013e-05 4.8376216693e-01 2.3151338662e+03 
1.2162545085e-05 5.5957568974e-01 2.2332340760e+03 
2.2757394351e-05 5.7175961078e-01 2.6670123031e+03 
1.0444249203e-04 5.0409330505e-01 2.5808141169e+03 
3.5921929921e-05 6.0691938949e-01 2.3698079344e+03 
1.2399915398e-04 4.7718267708e-01 2.6034528080e+03 
5.1084591675e-05 5.3016603000e-01 2.6030017759e+03 
1.1474109658e-04 5.2956398026e-01 2.4897225008e+03 
3.9791390898e-05 5.0248254592e-01 2.2890182139e+03 
6.7625541748e-06 1.0000000000e+00 1.6301187386e+03 
1.9130531134e-05 6.4207065877e-01 2.3078416122e+03 
1.2294707513e-04 4.8922204452e-01 2.5870865608e+03 
7.5720170819e-05 5.3754408778e-01 2.5238329080e+03 
2.6127861827e-05 5.4389273188e-01 2.3228054363e+03 
4.8112839158e-05 5.1351929465e-01 2.2671033164e+03 
1.2667345599e-05 6.4725337529e-01 2.3743629269e+03 
1.4625095252e-05 6.3497425624e-01 1.8509986028e+03 
6.6493279823e-05 5.6149320472e-01 2.4769275889e+03 
1.8734086927e-05 6.4849552998e-01 1.8842013522e+03 
4.0319605910e-05 5.5735061434e-01 2.2023658333e+03 
9.6708521875e-05 5.3294204616e-01 2.4424063439e+03 
7.2934746273e-05 5.3299666272e-01 2.4674458616e+03 
2.0744274435e-05 8.8789207942e-01 1.6524639879e+03 
1.9006477107e-04 5.7454450108e-01 2.1699687215e+03 
4.0993313267e-05 5.2411071001e-01 2.3598306506e+03 
5.3015736667e-05 5.0066501626e-01 2.3753151796e+03 
1.0821382968e-04 4.8233449046e-01 2.6098019538e+03 
6.1233288170e-06 6.6247057508e-01 2.4691800449e+03 
8.6643915801e-06 6.5413026616e-01 2.3368419249e+03 
7.1318318052e-05 5.1491461447e-01 2.5985333750e+03 
2.6266342356e-05 5.6886995320e-01 2.3211055321e+03 
1.6841318806e-05 1.0000000000e+00 1.6354598146e+03 
3.3217384452e-05 6.4114598541e-01 1.8193954463e+03 
3.7332396774e-05 5.8517609864e-01 2.4252029001e+03 
1.1589697758e-04 4.9788233087e-01 2.5758905114e+03 
1.2768573426e-04 5.3359019875e-01 2.4911917862e+03 
2.0838467666e-05 6.4164367768e-01 1.9279896972e+03 
2.9717470542e-05 6.3721732604e-01 1.8831201964e+03 
7.1011923142e-05 5.2709755954e-01 2.2484361929e+03 
8.3630658144e-06 6.4787985877e-01 2.4663270799e+03 
2.4524297919e-05 6.1853268941e-01 2.3992093514e+03 
8.4902861676e-06 6.5673544624e-01 2.3044987952e+03 
1.4090540368e-04 5.0204570256e-01 2.5513333992e+03 
4.9310533208e-05 5.5357310606e-01 2.5701736300e+03 
1.3413850551e-04 5.0635464565e-01 2.5518248623e+03 
4.6333600344e-05 5.3166816094e-01 2.2410953180e+03 
2.4473546616e-05 5.8504732998e-01 2.1170926835e+03 
8.3519932302e-06 7.4533339841e-01 1.6879103976e+03 
1.8588493394e-04 5.4006373251e-01 2.2996019240e+03 
2.6269349985e-05 5.2308741122e-01 2.2042839054e+03 
1.3715230499e-05 6.1091815417e-01 1.9380981000e+03 
5.5743502445e-06 1.0000000000e+00 1.3460087598e+03 
1.3511731044e-05 6.5827138133e-01 2.4892676870e+03 
5.9290298862e-06 6.6556025454e-01 2.3661455306e+03 
8.9239205211e-06 6.6426077104e-01 2.5113231600e+03 
1.0748575485e-04 6.5310766230e-01 1.8362638521e+03 
1.2764092727e-05 6.2990324651e-01 2.4970412335e+03 
5.1071419951e-05 5.5311651140e-01 2.5061642424e+03 
9.6981958786e-05 5.3407520900e-01 2.5337239135e+03 
3.0191165517e-05 5.5335233296e-01 2.1558104446e+03 
5.9740566465e-05 5.4281713362e-01 2.5053574906e+03 
1.2198248447e-05 5.6788504186e-01 1.8476388442e+03 
1.1714798779e-04 4.8690779222e-01 2.5959223973e+03 
7.0789259779e-06 6.6804996277e-01 2.4250250790e+03 
6.3817554981e-06 6.1850539257e-01 2.7125339277e+03 
4.3364212561e-05 4.9991230231e-01 2.2913024905e+03 
1.5614569088e-05 7.4807331788e-01 1.6897043030e+03 
2.1118049500e-04 5.7236684439e-01 2.1420655454e+03 
3.6197486673e-05 5.6991510028e-01 2.1224929218e+03 
5.8328809724e-06 1.0000000000e+00 1.2026840620e+03 
8.2685255150e-06 7.3186551937e-01 1.6902190259e+03 
2.3265648439e-05 6.7436676693e-01 1.7860926144e+03 
8.7097836958e-05 5.2435706320e-01 2.4714440821e+03 
5.3068731612e-05 5.8882217984e-01 2.1417585961e+03 
1.8843819908e-05 6.2794588187e-01 1.8653376056e+03 
5.2419433017e-05 5.9636434091e-01 2.4453654713e+03 
3.1590036789e-05 5.3998011345e-01 2.2203143483e+03 
1.3223664198e-05 5.9491171425e-01 1.9520157895e+03 
1.1699746511e-05 1.0000000000e+00 1.5300413676e+03 
5.4816089625e-05 5.5097832997e-01 2.5485358144e+03 
4.9113889109e-05 5.3213953336e-01 2.3415553840e+03 
3.5150910403e-05 5.3159763958e-01 2.3235892837e+03 
7.0491706471e-06 6.3288639790e-01 2.6605618153e+03 
9.6467357245e-05 5.3468019801e-01 2.5430322298e+03 
9.4780500892e-05 5.9497976928e-01 2.4506212127e+03 
6.0764520861e-06 6.6588680440e-01 2.4485956936e+03 
9.6278175300e-05 5.0174056170e-01 2.5914542840e+03 
5.7367123387e-05 5.7755506867e-01 2.3600977129e+03 
6.7435664154e-06 1.0000000000e+00 1.5619524875e+03 
3.7391978631e-05 6.2401995303e-01 2.3408669957e+03 
8.7990369199e-06 6.4863616136e-01 2.3202524807e+03 
4.2157015780e-06 1.0000000000e+00 1.4409829141e+03 
1.2279518634e-04 4.7535086473e-01 2.6072821667e+03 
1.1342894783e-04 5.2925197431e-01 2.5035133992e+03 
3.6859712771e-05 5.8093462944e-01 2.4913679660e+03 
1.5350369235e-05 6.2823065612e-01 2.3431784433e+03 
2.4958356538e-05 6.6510849582e-01 1.7639080836e+03 
4.5081579646e-05 5.2169541544e-01 2.3634887987e+03 
1.0138080549e-04 5.2607750641e-01 2.2506134473e+03 
3.0929994449e-05 5.4657088329e-01 2.1874653457e+03 
9.1625942960e-05 5.1044802477e-01 2.4439845021e+03 
7.4332206577e-06 1.0000000000e+00 1.0520451839e+03 
1.1347921674e-05 6.4637167961e-01 2.3101647852e+03 
6.6912659860e-05 5.2539480807e-01 2.5479293590e+03 
3.0628352131e-05 5.9591043580e-01 2.4126833762e+03 
6.4332983564e-05 5.7669454186e-01 2.1355684850e+03 
1.1174075132e-04 4.9738488033e-01 2.5702043594e+03 
1.8290123886e-04 5.1673563560e-01 2.4711148693e+03 
9.6016543719e-06 1.0000000000e+00 1.5320967216e+03 
1.4103466531e-05 5.8680529637e-01 1.9901356373e+03 
1.0280432050e-05 6.6977399747e-01 2.3966342638e+03 
2.3775351403e-05 6.0836043965e-01 2.4428006056e+03 
9.6576041122e-06 6.5581959221e-01 2.5561648450e+03 
1.1142031946e-04 5.2428651287e-01 2.5461459164e+03 
7.5503070471e-05 5.3545895593e-01 2.4912383369e+03 
1.2168549897e-04 5.4338074017e-01 2.5089492160e+03 
6.4344268474e-05 5.3660536576e-01 2.5070796196e+03 
2.3278949524e-05 5.8737964878e-01 2.0777948580e+03 
1.6145678294e-04 5.9509703840e-01 2.4039975356e+03 
5.7083063572e-05 5.8575425872e-01 2.4147266248e+03 
6.0568651532e-05 6.1781060908e-01 2.4577151864e+03 
9.6183730781e-06 1.0000000000e+00 1.2132295510e+03 
7.7463180007e-05 5.2637963435e-01 2.5732747977e+03 
1.7290294028e-05 6.7599774828e-01 1.8189078961e+03 
1.1375184133e-05 5.5002364029e-01 2.2565491500e+03 
3.6311114512e-05 6.2861338116e-01 2.4756251268e+03 
3.7145944112e-05 6.3868237133e-01 1.8163328313e+03 
9.6034417609e-06 6.4580102984e-01 2.6059734463e+03 
9.6781216873e-05 5.6103165902e-01 2.4263856769e+03 
1.4109018224e-05 5.9359150837e-01 2.6879738738e+03 
3.3113867549e-05 5.8781490156e-01 2.4769822164e+03 
8.8704616611e-05 5.0865809679e-01 2.5883784260e+03 
6.3993178496e-06 5.3097829920e-01 1.9559689947e+03 
1.4977187165e-04 5.0143805612e-01 2.5424152363e+03 
8.0325331886e-05 5.2242226987e-01 2.5192945310e+03 
1.7982648183e-05 8.6111021161e-01 1.6559186781e+03 
3.7020906079e-05 5.2799568922e-01 2.2202024701e+03 
1.3519139296e-05 1.0000000000e+00 1.1784637755e+03 
6.3455721557e-05 5.5757583264e-01 2.4746948118e+03 
2.4201282290e-05 5.8943705103e-01 2.5765730770e+03 
1.1847692514e-05 6.4821171920e-01 2.3435361966e+03 
2.4193246778e-05 7.5920494469e-01 1.6799273813e+03 
4.5247800080e-05 1.0000000000e+00 3.0000000000e+02 
2.2437275339e-05 6.1157163062e-01 2.4767744987e+03 
1.4316984344e-05 7.3269149133e-01 1.6800132024e+03 
1.5395828807e-05 6.3921961932e-01 2.4449445432e+03 
1.1565995856e-04 4.7950408150e-01 2.6077063915e+03 
5.2306395255e-05 5.8207532303e-01 2.4406874522e+03 
5.7525512482e-06 6.6931892427e-01 2.3769378735e+03 
3.8790753736e-05 6.0990434256e-01 2.0302342425e+03 
2.8332149435e-05 6.1551489477e-01 1.9545162191e+03 
8.3536014862e-06 1.0000000000e+00 1.6343046225e+03 
2.2648582207e-05 5.0976313441e-01 2.1568656138e+03 
9.8518149118e-05 5.8206402164e-01 2.4735607491e+03 
7.5103775037e-05 5.2469845442e-01 2.5424197812e+03 
1.0154476243e-04 4.9747371218e-01 2.5838168991e+03 
1.8959700422e-05 1.0000000000e+00 7.7394276795e+02 
9.6304334229e-06 6.6140967562e-01 2.3846585299e+03 
1.1949351309e-05 6.5509640325e-01 2.5248403184e+03 
4.1187983998e-05 5.7428564411e-01 2.0973623191e+03 
2.9381516863e-05 5.1773514337e-01 2.2634834952e+03 
5.9237203455e-06 1.0000000000e+00 1.4889195050e+03 
1.0200713594e-04 5.0216020690e-01 2.5857617625e+03 
1.4294564610e-04 5.6201619068e-01 2.4673305334e+03 
4.7766042757e-05 5.7979510785e-01 2.5096070982e+03 
1.0745264222e-05 6.2405092463e-01 1.7767090991e+03 
2.7762129616e-05 6.1091506059e-01 2.0456710603e+03 
4.3229366366e-05 5.4980313318e-01 2.5583614610e+03 
4.1343981262e-05 5.6671515453e-01 2.1728090432e+03 
1.3016329245e-04 4.9805272154e-01 2.5674585213e+03 
1.6095713649e-05 6.2621484094e-01 2.4442659197e+03 
7.9664682751e-06 1.0000000000e+00 1.4610693459e+03 
1.5399613526e-05 1.0000000000e+00 1.5314635807e+03 
3.7514996855e-05 5.7720909052e-01 2.4889291852e+03 
7.1298220442e-05 5.2887064067e-01 2.2448452703e+03 
3.1923287098e-05 1.0000000000e+00 7.7240129549e+02 
4.4473464657e-05 5.1537542641e-01 2.3555875654e+03 
2.1644152204e-05 5.7896073863e-01 2.0642730206e+03 
1.3987584369e-04 5.5605539629e-01 2.4780149569e+03 
4.4145920542e-06 1.0000000000e+00 1.4225965545e+03 
8.2541817197e-06 6.3736955566e-01 2.6479047586e+03 
6.8529588381e-05 5.5642707697e-01 2.4823413748e+03 
3.4660347585e-05 1.0000000000e+00 1.5275234513e+03 
4.9224283020e-05 6.0619341025e-01 2.4275315991e+03 
8.7108071204e-06 1.0000000000e+00 1.5849311849e+03 
6.7441935744e-05 5.5517734108e-01 2.4963204719e+03 
1.1978235847e-05 4.7784901225e-01 1.9873256613e+03 
3.1178142474e-05 6.9990974442e-01 1.7324679618e+03 
1.4209729614e-05 7.5126626551e-01 1.6990575777e+03 
1.2438484493e-04 5.3147439398e-01 2.4961756304e+03 
1.6270759710e-05 6.9468346335e-01 1.7466127818e+03 
9.3556379900e-05 5.8496570991e-01 2.4571724252e+03 
1.9586729798e-05 6.2159035687e-01 2.4326226093e+03 
1.8956613957e-04 5.3399479649e-01 2.0991947225e+03 
7.2187677057e-06 6.6632765187e-01 2.4127268187e+03 
