Mass [kg]        Velocity [m s-1]    Theta [rad]    CO2 [ frac]    
1.7120980513e-09 1.1684143694e+04 9.2858196779e-01 8.7000000000e-01 
5.8816800765e-09 1.1719973507e+04 1.1853716157e+00 8.7000000000e-01 
7.6648276807e-10 1.1327394321e+04 6.8119872229e-01 8.7000000000e-01 
5.2114835748e-10 1.9317857122e+04 6.5824905034e-01 8.7000000000e-01 
2.3500000000e-07 2.0000000000e+04 8.6572744481e-01 8.7000000000e-01 
3.5512238435e-10 1.1296943755e+04 3.2953591510e-01 8.7000000000e-01 
5.2698310995e-09 1.3536447381e+04 2.0428447532e-01 8.7000000000e-01 
2.9368365068e-12 1.1625298602e+04 1.0505877471e+00 8.7000000000e-01 
2.3500000000e-07 1.3242368064e+04 5.8435311212e-01 8.7000000000e-01 
1.4159153156e-08 1.1927873529e+04 1.0772377895e+00 8.7000000000e-01 
3.2485366651e-12 1.3236147358e+04 1.2016732988e+00 8.7000000000e-01 
1.2003854679e-10 2.0000000000e+04 3.7667219040e-01 8.7000000000e-01 
4.6809632912e-08 1.2089376116e+04 8.1659952241e-01 8.7000000000e-01 
6.0442803577e-09 1.2248344092e+04 1.0050700793e+00 8.7000000000e-01 
1.9301499188e-10 1.1235333452e+04 1.0335452802e+00 8.7000000000e-01 
2.3499999999e-07 2.0000000000e+04 6.5072485251e-01 8.7000000000e-01 
8.7848117027e-10 1.3201268072e+04 1.2434337450e+00 8.7000000000e-01 
1.3168315707e-08 1.3775847716e+04 9.2778520238e-01 8.7000000000e-01 
2.8065506842e-09 1.1277775471e+04 9.0736230305e-01 8.7000000000e-01 
7.6215958822e-11 2.0000000000e+04 1.0874514392e+00 8.7000000000e-01 
2.3500000000e-07 1.1465194951e+04 4.1068775806e-01 8.7000000000e-01 
5.2340601369e-08 1.3762804535e+04 7.3624653791e-01 8.7000000000e-01 
2.3500000000e-07 1.4054695694e+04 7.8555003590e-01 8.7000000000e-01 
2.3500000000e-07 1.1889150054e+04 4.2911109751e-01 8.7000000000e-01 
5.0674402779e-08 1.7296090102e+04 1.0176917185e+00 8.7000000000e-01 
8.9865270461e-12 2.0000000000e+04 3.5800461831e-01 8.7000000000e-01 
4.9994579726e-11 1.2421891431e+04 1.1900930297e+00 8.7000000000e-01 
1.6201692953e-08 1.2099271942e+04 7.0526820031e-01 8.7000000000e-01 
4.2065565884e-09 1.5717152562e+04 1.0585390473e+00 8.7000000000e-01 
1.0241480372e-09 1.3912890458e+04 7.1328994646e-01 8.7000000000e-01 
2.3500000000e-07 1.2456288595e+04 6.6166192614e-01 8.7000000000e-01 
1.7222732564e-09 1.1449062593e+04 6.6091509983e-01 8.7000000000e-01 
6.5630253127e-12 1.1480533447e+04 8.6354997837e-01 8.7000000000e-01 
2.3499999999e-07 1.1391514558e+04 7.0017481081e-01 8.7000000000e-01 
7.7046122814e-10 1.1601256160e+04 1.2500946119e+00 8.7000000000e-01 
1.5877873257e-10 1.1309188592e+04 1.1731912095e+00 8.7000000000e-01 
8.3557516043e-09 1.3570571108e+04 9.3739944590e-01 8.7000000000e-01 
1.6715299265e-09 1.1445332495e+04 2.0134551101e-01 8.7000000000e-01 
3.4962843043e-08 1.3202153086e+04 3.3729197929e-01 8.7000000000e-01 
1.7590910055e-10 1.1555509533e+04 1.0870707735e+00 8.7000000000e-01 
7.1223934840e-08 2.0000000000e+04 6.7473118981e-01 8.7000000000e-01 
9.0280931197e-10 1.3072011984e+04 4.5308483846e-01 8.7000000000e-01 
2.7729176218e-09 1.3816970109e+04 1.2254491654e+00 8.7000000000e-01 
9.2525680291e-12 1.6006459712e+04 5.5609285685e-01 8.7000000000e-01 
1.8277717970e-08 1.2070288290e+04 2.4409143074e-01 8.7000000000e-01 
1.0296245922e-10 1.2343161150e+04 8.4733918304e-01 8.7000000000e-01 
9.9296542029e-10 1.4604362731e+04 9.6961081555e-01 8.7000000000e-01 
6.6446165704e-08 1.3019825963e+04 7.2626254923e-01 8.7000000000e-01 
1.2906668775e-10 1.5639323824e+04 9.1901562348e-01 8.7000000000e-01 
6.7608177002e-10 1.5267433658e+04 9.2789837989e-01 8.7000000000e-01 
7.0477852890e-09 1.1565766495e+04 1.1865760631e+00 8.7000000000e-01 
2.3499999999e-07 2.0000000000e+04 9.0480339422e-01 8.7000000000e-01 
1.0667147980e-09 1.2614499994e+04 9.4956550130e-01 8.7000000000e-01 
2.3426892826e-10 1.5945552589e+04 2.2819739134e-01 8.7000000000e-01 
9.7902969383e-09 1.3261713881e+04 1.0612352172e-01 8.7000000000e-01 
2.4583472730e-08 1.2145990174e+04 1.1822141274e+00 8.7000000000e-01 
5.7810225098e-09 1.1642627752e+04 1.9611125055e-01 8.7000000000e-01 
1.6096140327e-09 1.4808007601e+04 1.0817158247e+00 8.7000000000e-01 
6.6713300628e-09 1.1384968616e+04 4.8560498689e-01 8.7000000000e-01 
2.5564598253e-11 1.1766208171e+04 4.5841804635e-01 8.7000000000e-01 
2.3499999999e-07 1.4736178396e+04 5.1926030733e-01 8.7000000000e-01 
4.5279731851e-11 1.3454888218e+04 1.2860979004e+00 8.7000000000e-01 
7.4843571276e-08 1.4534107915e+04 8.6281166931e-01 8.7000000000e-01 
7.4177412474e-09 1.9857413716e+04 9.0876021083e-01 8.7000000000e-01 
2.7491854746e-09 1.6056661497e+04 9.5087834417e-01 8.7000000000e-01 
2.2051465310e-10 1.3340270438e+04 1.0295195044e+00 8.7000000000e-01 
3.2016225260e-08 2.0000000000e+04 1.3497220088e+00 8.7000000000e-01 
3.4013291860e-11 1.4615636430e+04 9.4926683035e-01 8.7000000000e-01 
6.8414487774e-08 1.1361899430e+04 1.9033039546e-01 8.7000000000e-01 
1.7691644916e-07 1.3394745899e+04 1.1615513829e+00 8.7000000000e-01 
7.2673274504e-09 1.4402739255e+04 3.0769381825e-01 8.7000000000e-01 
2.3499999999e-07 1.1824799922e+04 8.1473423611e-01 8.7000000000e-01 
1.9804898217e-11 1.1420408017e+04 1.2063070795e+00 8.7000000000e-01 
5.3773675962e-10 1.2939833203e+04 1.1766760196e+00 8.7000000000e-01 
2.3499999999e-07 1.1475202358e+04 9.8792515606e-01 8.7000000000e-01 
1.5641664465e-09 1.2930290605e+04 7.9569972417e-01 8.7000000000e-01 
2.2641775378e-09 1.1989335284e+04 6.7342690420e-01 8.7000000000e-01 
1.4956920908e-07 1.1480681847e+04 5.4462541855e-01 8.7000000000e-01 
4.4417457650e-10 1.6948357381e+04 8.4014341967e-01 8.7000000000e-01 
1.7263707888e-10 1.2963899356e+04 1.2991837226e+00 8.7000000000e-01 
8.6699384021e-10 1.5598949889e+04 5.0370023251e-01 8.7000000000e-01 
2.7572264414e-12 1.9467747450e+04 1.1657739753e+00 8.7000000000e-01 
2.3126841692e-08 1.2007744836e+04 3.3149329570e-01 8.7000000000e-01 
3.5598418966e-08 1.5125485757e+04 4.5820998388e-01 8.7000000000e-01 
1.4395493160e-10 1.4377060384e+04 8.5432002586e-01 8.7000000000e-01 
1.1636910782e-11 1.2981657424e+04 6.5463079554e-01 8.7000000000e-01 
2.3241327338e-09 1.3296893437e+04 6.4257025450e-01 8.7000000000e-01 
6.5010898794e-13 1.3399336467e+04 2.4830290925e-01 8.7000000000e-01 
2.3500000000e-07 1.5078908033e+04 1.2604551363e+00 8.7000000000e-01 
1.1270760935e-07 1.2044762455e+04 1.1302576844e+00 8.7000000000e-01 
2.3499999999e-07 1.4417608836e+04 1.0149051445e+00 8.7000000000e-01 
2.3500000000e-07 2.0000000000e+04 2.4197198460e-01 8.7000000000e-01 
1.2639567427e-07 1.6519370877e+04 2.7842627419e-01 8.7000000000e-01 
2.3499999999e-07 1.3624361103e+04 2.4681781243e-01 8.7000000000e-01 
1.5823528445e-08 2.0000000000e+04 8.5859817585e-01 8.7000000000e-01 
1.4645441946e-09 1.1292404884e+04 9.2315414326e-01 8.7000000000e-01 
1.5996728971e-08 1.1989282637e+04 4.1799966850e-01 8.7000000000e-01 
9.6834208393e-11 1.2139267660e+04 9.6371906427e-01 8.7000000000e-01 
6.9382083394e-09 1.5725728555e+04 7.2136750938e-01 8.7000000000e-01 
2.3500000000e-07 1.3871192649e+04 7.7992791667e-01 8.7000000000e-01 
2.3500000000e-07 1.1272497299e+04 9.9729358372e-01 8.7000000000e-01 
5.2255696071e-08 2.0000000000e+04 3.3568734627e-01 8.7000000000e-01 
7.6454479259e-13 1.4608786203e+04 1.3950359337e+00 8.7000000000e-01 
1.4637007531e-09 1.5153964132e+04 7.0255778467e-01 8.7000000000e-01 
2.1418531412e-09 1.1252022244e+04 2.9670377274e-01 8.7000000000e-01 
5.4609398946e-11 1.9350627161e+04 1.2429025065e+00 8.7000000000e-01 
1.9686779477e-10 1.1414163209e+04 1.4127525014e+00 8.7000000000e-01 
5.7278140932e-11 1.3109470498e+04 5.6635335276e-01 8.7000000000e-01 
1.1834969619e-10 1.2843452272e+04 4.7984087291e-01 8.7000000000e-01 
4.6034060129e-10 1.2821460382e+04 1.1176701160e+00 8.7000000000e-01 
1.9539331184e-11 1.4265934740e+04 4.2387314904e-01 8.7000000000e-01 
2.0128163725e-09 1.5940508466e+04 1.3694083794e+00 8.7000000000e-01 
4.9056586437e-08 1.1444483837e+04 5.3760124348e-01 8.7000000000e-01 
1.8962382346e-08 1.8681654119e+04 5.2171913922e-01 8.7000000000e-01 
2.9582002963e-09 1.3934055419e+04 7.3825472272e-01 8.7000000000e-01 
1.3081907612e-09 1.2188122027e+04 4.1925333061e-01 8.7000000000e-01 
4.1581463818e-10 1.8133914686e+04 1.3227294313e+00 8.7000000000e-01 
6.6860548996e-10 1.3580206008e+04 4.8115542610e-01 8.7000000000e-01 
2.1102633864e-07 1.2617839228e+04 4.0781617150e-01 8.7000000000e-01 
5.2889773107e-11 1.2032409038e+04 8.5731339415e-01 8.7000000000e-01 
4.1195269101e-11 1.1629903531e+04 6.4623134245e-01 8.7000000000e-01 
6.3986945377e-09 1.7038780346e+04 8.6804323423e-01 8.7000000000e-01 
1.8097591840e-09 1.3849949481e+04 3.1060958841e-01 8.7000000000e-01 
1.3662504252e-07 1.3503215380e+04 4.8661863872e-01 8.7000000000e-01 
3.7528948497e-11 1.3590078955e+04 4.9202063694e-01 8.7000000000e-01 
9.3081053614e-10 1.1640091761e+04 8.4224700258e-01 8.7000000000e-01 
2.3500000000e-07 1.4483109672e+04 7.2710225731e-01 8.7000000000e-01 
2.9997633044e-09 1.1592377865e+04 9.2716588202e-01 8.7000000000e-01 
2.3500000000e-07 1.4598046573e+04 1.1132516765e+00 8.7000000000e-01 
9.0701166090e-08 1.1376538161e+04 6.1014367396e-01 8.7000000000e-01 
2.3499999999e-07 1.1261383993e+04 1.0419360230e+00 8.7000000000e-01 
1.4062155077e-10 1.1705601635e+04 9.4540978037e-01 8.7000000000e-01 
2.3500000000e-07 1.9535569123e+04 6.1801982806e-01 8.7000000000e-01 
5.6090926797e-10 1.2758850976e+04 4.1889583030e-01 8.7000000000e-01 
6.3737234353e-11 1.5335778424e+04 1.1962729509e+00 8.7000000000e-01 
1.0558617615e-09 1.1566349641e+04 4.6670939920e-01 8.7000000000e-01 
2.6978986435e-09 1.3008498428e+04 6.9492878434e-01 8.7000000000e-01 
2.3500000000e-07 1.9108105611e+04 9.7053747026e-01 8.7000000000e-01 
5.6673107099e-10 1.9301817981e+04 1.1736587446e+00 8.7000000000e-01 
2.7663048409e-08 1.3812866313e+04 1.2030896911e+00 8.7000000000e-01 
4.3667208165e-10 1.3716484901e+04 5.2740061072e-01 8.7000000000e-01 
1.1224889205e-07 1.2419636067e+04 1.3931520315e+00 8.7000000000e-01 
1.5600771522e-09 1.5937100834e+04 6.9112922985e-01 8.7000000000e-01 
2.9877090653e-10 2.0000000000e+04 1.2781340136e+00 8.7000000000e-01 
5.8130227555e-12 1.2459971169e+04 3.9479841992e-01 8.7000000000e-01 
4.2584382106e-10 1.1945250867e+04 4.8434984425e-01 8.7000000000e-01 
1.1275265969e-09 1.2078894140e+04 8.7190968862e-01 8.7000000000e-01 
1.9262089424e-08 1.5170698626e+04 6.6906856951e-01 8.7000000000e-01 
1.0160658921e-07 1.3889686141e+04 5.1265126664e-01 8.7000000000e-01 
2.3499999999e-07 1.2402641818e+04 9.3066101909e-01 8.7000000000e-01 
3.4672545983e-08 1.1706814894e+04 9.4518067234e-01 8.7000000000e-01 
5.4405019906e-08 1.1295903735e+04 8.0332659377e-01 8.7000000000e-01 
7.4634525755e-08 2.0000000000e+04 1.3479724858e+00 8.7000000000e-01 
1.4682051830e-08 2.0000000000e+04 8.1259706092e-01 8.7000000000e-01 
3.3117399014e-09 1.2057662416e+04 4.2410467235e-01 8.7000000000e-01 
1.7766365500e-08 1.2682852622e+04 1.3328779088e+00 8.7000000000e-01 
1.8585755996e-09 1.2011840458e+04 5.6569429617e-01 8.7000000000e-01 
8.1865585443e-08 1.1531773145e+04 6.9484528497e-01 8.7000000000e-01 
6.9209535822e-09 1.1236806555e+04 1.1281049270e+00 8.7000000000e-01 
8.2642469959e-08 1.2423134315e+04 1.1096227460e+00 8.7000000000e-01 
2.5242398210e-08 1.2318598866e+04 9.2719840538e-01 8.7000000000e-01 
1.6103391162e-08 1.2421397310e+04 6.9152696405e-01 8.7000000000e-01 
2.3499999999e-07 1.2067868965e+04 1.4459347920e+00 8.7000000000e-01 
2.0030147332e-12 1.5607854344e+04 1.2879526780e+00 8.7000000000e-01 
2.5998476454e-08 1.1682063422e+04 8.3357955605e-01 8.7000000000e-01 
1.6151026165e-09 1.1550070886e+04 1.2161857967e+00 8.7000000000e-01 
2.5899856838e-09 1.3848564421e+04 1.0800812410e+00 8.7000000000e-01 
2.5055999117e-10 1.1977965895e+04 1.0972526716e+00 8.7000000000e-01 
4.2490040442e-08 1.3583335755e+04 1.2373293887e+00 8.7000000000e-01 
1.0674946077e-07 1.1597869846e+04 5.3249957213e-01 8.7000000000e-01 
8.3533251942e-09 1.1369301142e+04 6.5885751178e-01 8.7000000000e-01 
1.8880675563e-12 1.1377239333e+04 1.8300704250e-01 8.7000000000e-01 
3.5043053404e-10 1.1596999399e+04 8.3530353242e-01 8.7000000000e-01 
1.5870601278e-08 1.2122936942e+04 6.2659943618e-01 8.7000000000e-01 
2.9655255309e-09 1.4790057715e+04 1.1999194049e+00 8.7000000000e-01 
1.0457110824e-07 1.7883193016e+04 5.8845679964e-01 8.7000000000e-01 
2.3633236797e-11 1.5500203600e+04 1.1647655127e+00 8.7000000000e-01 
1.9380369238e-08 1.4815595358e+04 9.2144858521e-01 8.7000000000e-01 
2.3500000000e-07 1.2920233664e+04 6.9911939380e-01 8.7000000000e-01 
7.4777549451e-10 1.6149960954e+04 4.6013497460e-01 8.7000000000e-01 
1.2405159826e-07 1.4642637551e+04 9.6159844779e-01 8.7000000000e-01 
7.3091700948e-10 1.3137503694e+04 5.1594915802e-01 8.7000000000e-01 
2.3499999999e-07 1.5522265280e+04 3.4123608280e-01 8.7000000000e-01 
7.1224305705e-10 1.6119146489e+04 8.4097411894e-01 8.7000000000e-01 
1.4116323530e-08 1.7060827959e+04 1.1988444401e+00 8.7000000000e-01 
9.7368025701e-09 1.4873706166e+04 1.1113163308e+00 8.7000000000e-01 
2.3499999999e-07 1.2689805790e+04 7.6045403600e-01 8.7000000000e-01 
1.5494836035e-10 1.4332134475e+04 6.1965174127e-01 8.7000000000e-01 
3.5309752798e-09 1.2245853266e+04 9.3999844623e-01 8.7000000000e-01 
1.6671968769e-09 1.5430241492e+04 1.0831846553e+00 8.7000000000e-01 
1.5333638068e-07 1.3598196006e+04 6.2529083510e-01 8.7000000000e-01 
2.3500000000e-07 1.7645776428e+04 9.8799946467e-01 8.7000000000e-01 
3.3618409413e-09 1.2302333176e+04 1.2298050598e+00 8.7000000000e-01 
1.5223704184e-07 2.0000000000e+04 7.8614442348e-01 8.7000000000e-01 
2.9395439349e-09 2.0000000000e+04 9.5681091652e-01 8.7000000000e-01 
2.3500000000e-07 1.2584917781e+04 1.0070818864e-01 8.7000000000e-01 
1.3093807873e-10 1.3369047265e+04 5.3963417035e-01 8.7000000000e-01 
3.6955358453e-10 1.8502561383e+04 5.7669664352e-01 8.7000000000e-01 
3.0490477084e-10 1.6376757886e+04 7.1959816845e-01 8.7000000000e-01 
2.6238844943e-09 1.2568648815e+04 4.5936072533e-01 8.7000000000e-01 
