Mass [kg]        Velocity [m s-1]    Theta [rad]    CO2 [ frac]    
2.5260891079e-11 1.1971071682e+04 7.1690140542e-01 8.7000000000e-01 
1.1614467349e-08 1.1428543846e+04 1.0687085836e+00 8.7000000000e-01 
2.3499999999e-07 1.3364268357e+04 8.4432322384e-01 8.7000000000e-01 
1.2348640304e-11 1.3903963832e+04 9.0626579763e-01 8.7000000000e-01 
7.9223997911e-09 1.3388391573e+04 8.2548677883e-01 8.7000000000e-01 
3.3259104901e-09 1.1332995868e+04 4.7001335926e-01 8.7000000000e-01 
1.7248764335e-08 1.6987553940e+04 1.0356900702e-01 8.7000000000e-01 
2.3500000000e-07 1.2283236719e+04 1.3309718366e+00 8.7000000000e-01 
2.0450175556e-09 1.2192555471e+04 4.7945692965e-01 8.7000000000e-01 
1.0174826511e-10 1.5184982466e+04 1.2652689808e+00 8.7000000000e-01 
1.2510452492e-07 1.1660694165e+04 6.6994805014e-01 8.7000000000e-01 
4.0812287910e-08 1.1216299332e+04 6.8423705011e-01 8.7000000000e-01 
3.8152452620e-12 2.0000000000e+04 4.9204232422e-01 8.7000000000e-01 
1.8116038119e-07 1.1723662061e+04 1.3581163669e-01 8.7000000000e-01 
1.1838272385e-09 1.2135789074e+04 5.0829318192e-01 8.7000000000e-01 
1.2759500490e-09 1.3751998321e+04 8.9366477910e-01 8.7000000000e-01 
1.2242642189e-10 1.1365818034e+04 2.4422630671e-01 8.7000000000e-01 
2.5079163914e-09 1.8797681743e+04 1.1387518707e+00 8.7000000000e-01 
1.4259656656e-08 1.4495035134e+04 5.2487420065e-01 8.7000000000e-01 
2.1106415053e-08 1.3174398824e+04 1.6029578530e-01 8.7000000000e-01 
4.6705532620e-13 1.4165514238e+04 4.6285756450e-01 8.7000000000e-01 
4.8559355536e-11 1.5223575713e+04 7.4128400385e-01 8.7000000000e-01 
6.2956206240e-08 1.2013272260e+04 6.3711906150e-01 8.7000000000e-01 
2.5445067693e-10 2.0000000000e+04 3.9623420647e-01 8.7000000000e-01 
8.7730657614e-12 1.1687877205e+04 6.3767916663e-01 8.7000000000e-01 
1.5706701810e-07 1.1765314847e+04 6.1626635101e-01 8.7000000000e-01 
1.1838636178e-09 1.1359301427e+04 5.1285885311e-01 8.7000000000e-01 
2.3500000000e-07 2.0000000000e+04 1.0504869247e+00 8.7000000000e-01 
2.1124911347e-09 1.3550002062e+04 1.2338859274e-01 8.7000000000e-01 
4.0410147992e-09 1.1888997378e+04 2.7292662619e-01 8.7000000000e-01 
1.3378861838e-09 1.1745599908e+04 1.0054336370e+00 8.7000000000e-01 
3.0134180783e-09 1.2797412886e+04 1.3408834051e+00 8.7000000000e-01 
1.0885997885e-10 1.1288485808e+04 5.1227702153e-01 8.7000000000e-01 
2.3499999999e-07 1.2868572349e+04 9.2243780076e-01 8.7000000000e-01 
2.3499999999e-07 1.2802430911e+04 8.7333720902e-01 8.7000000000e-01 
2.7624848910e-10 1.4425212302e+04 7.9857673109e-01 8.7000000000e-01 
7.2085522942e-09 1.1963267734e+04 1.7102083346e-01 8.7000000000e-01 
2.3499999999e-07 1.4063017340e+04 4.1430406816e-01 8.7000000000e-01 
5.6858098897e-11 2.0000000000e+04 1.0981718668e+00 8.7000000000e-01 
2.3499999999e-07 1.6130099555e+04 4.5882384440e-01 8.7000000000e-01 
1.2683315003e-10 1.1338167144e+04 7.4642612588e-01 8.7000000000e-01 
2.9298123656e-08 2.0000000000e+04 1.2158217609e+00 8.7000000000e-01 
1.0243456058e-07 1.2251664019e+04 6.3530478892e-01 8.7000000000e-01 
1.1644955961e-10 1.3594313336e+04 8.5276041527e-01 8.7000000000e-01 
9.2568610365e-09 1.2286597373e+04 4.6777779976e-01 8.7000000000e-01 
1.2231079677e-07 1.1907870421e+04 7.8726765108e-01 8.7000000000e-01 
2.3500000000e-07 1.1657151921e+04 1.1030732075e+00 8.7000000000e-01 
2.1362677570e-10 1.1311011751e+04 4.2266027811e-01 8.7000000000e-01 
1.1983689568e-10 1.7731510205e+04 3.9062846278e-01 8.7000000000e-01 
2.6766747564e-12 1.6482950104e+04 9.8061344204e-01 8.7000000000e-01 
1.9076096919e-07 1.6000293252e+04 1.3455288762e+00 8.7000000000e-01 
4.7394580981e-10 1.1351043068e+04 9.5869340392e-01 8.7000000000e-01 
2.3499999999e-07 1.8178601929e+04 1.3228625298e+00 8.7000000000e-01 
1.5031308218e-12 1.1997663477e+04 4.8175763425e-01 8.7000000000e-01 
2.1302229627e-09 1.1952625365e+04 1.2050498926e+00 8.7000000000e-01 
1.2999879061e-09 1.1897892654e+04 2.7475429575e-01 8.7000000000e-01 
4.1707063416e-08 1.1343882806e+04 1.3515323422e+00 8.7000000000e-01 
3.6929679193e-08 1.1906162601e+04 4.6825031640e-01 8.7000000000e-01 
2.3499999999e-07 1.4302836613e+04 7.2055720213e-01 8.7000000000e-01 
2.7738790314e-08 1.2754940695e+04 1.2034289986e+00 8.7000000000e-01 
3.1918004321e-11 1.1209076982e+04 5.4727078959e-01 8.7000000000e-01 
3.6850276911e-10 1.1585486122e+04 6.3765724058e-01 8.7000000000e-01 
2.5593269622e-11 1.2842257248e+04 1.0485939771e+00 8.7000000000e-01 
4.8841425872e-10 1.7823090515e+04 4.3410932355e-01 8.7000000000e-01 
4.5837546467e-09 1.4959560856e+04 1.2808338008e+00 8.7000000000e-01 
1.7502280943e-08 1.9738099158e+04 6.2108882422e-01 8.7000000000e-01 
1.6992892579e-09 1.5829743320e+04 1.3351506028e-01 8.7000000000e-01 
7.4454880842e-08 1.2594635049e+04 4.0445786593e-01 8.7000000000e-01 
9.1773294758e-09 1.4002125372e+04 9.5769625068e-01 8.7000000000e-01 
4.5780315824e-10 1.4623167501e+04 5.9373063926e-01 8.7000000000e-01 
5.0453519436e-11 1.3769657295e+04 1.1786273521e+00 8.7000000000e-01 
1.8706979766e-11 1.1737689368e+04 1.2836959338e+00 8.7000000000e-01 
1.6391116777e-08 1.2993258685e+04 1.2820405899e+00 8.7000000000e-01 
2.3500000000e-07 1.2996774093e+04 4.8460677457e-01 8.7000000000e-01 
8.1115131136e-10 1.5399402878e+04 8.0496579217e-01 8.7000000000e-01 
6.5022555341e-11 1.2044352739e+04 9.8091117443e-01 8.7000000000e-01 
6.9211011111e-08 1.1849758883e+04 5.7865299553e-01 8.7000000000e-01 
3.7232920060e-08 1.3548946912e+04 1.1098582383e+00 8.7000000000e-01 
2.9053968094e-09 1.7292690347e+04 1.4760491698e+00 8.7000000000e-01 
2.3870079776e-10 1.2776957846e+04 1.1123479198e+00 8.7000000000e-01 
1.5831862545e-07 1.5429732603e+04 1.0846465114e+00 8.7000000000e-01 
1.0169153994e-09 1.4349559046e+04 7.3075412863e-01 8.7000000000e-01 
2.9772254696e-08 1.5373020752e+04 8.3242116896e-01 8.7000000000e-01 
1.0398425515e-08 1.5283560676e+04 1.3917244643e+00 8.7000000000e-01 
2.3500000000e-07 1.2216422512e+04 8.0502266793e-01 8.7000000000e-01 
3.1069261661e-09 1.1545924584e+04 4.5984176723e-01 8.7000000000e-01 
2.2693351268e-10 1.2949232540e+04 1.2110322041e+00 8.7000000000e-01 
5.2632093948e-08 1.3800223375e+04 7.5898833106e-01 8.7000000000e-01 
3.1165181371e-10 1.4369706186e+04 7.9689388495e-01 8.7000000000e-01 
2.3500000000e-07 1.4087778519e+04 1.2957208277e+00 8.7000000000e-01 
7.3350096672e-08 1.3742119166e+04 7.6742394431e-01 8.7000000000e-01 
1.7432558018e-07 1.4862227046e+04 2.0202402176e-01 8.7000000000e-01 
5.3621736527e-10 1.7423094274e+04 2.6150919812e-01 8.7000000000e-01 
2.3499999999e-07 2.0000000000e+04 1.0943497934e+00 8.7000000000e-01 
2.3499999999e-07 1.6469484927e+04 7.1155203572e-01 8.7000000000e-01 
3.9645598152e-11 1.1290095585e+04 7.8924605283e-01 8.7000000000e-01 
7.2132452050e-10 1.4315702048e+04 5.4744461068e-01 8.7000000000e-01 
8.5219615568e-08 1.2167616035e+04 7.5619187619e-01 8.7000000000e-01 
3.2603286588e-10 1.2426183175e+04 8.1118323641e-02 8.7000000000e-01 
9.8377141370e-09 1.4217866466e+04 5.3302759881e-01 8.7000000000e-01 
2.3499999999e-07 2.0000000000e+04 6.8292054241e-01 8.7000000000e-01 
2.8124256748e-10 2.0000000000e+04 1.0459032367e+00 8.7000000000e-01 
4.2032145855e-10 1.1466703007e+04 9.5156616252e-01 8.7000000000e-01 
1.6778797903e-09 1.2372092032e+04 5.0528166145e-01 8.7000000000e-01 
2.3500000000e-07 1.9827452632e+04 2.8603887955e-02 8.7000000000e-01 
2.2767346564e-11 1.8243754791e+04 5.6973249222e-01 8.7000000000e-01 
5.2720019504e-10 1.2332409991e+04 7.8819201081e-01 8.7000000000e-01 
5.2795726881e-09 2.0000000000e+04 7.4673847940e-01 8.7000000000e-01 
2.3499999999e-07 1.1327756061e+04 7.3324042619e-01 8.7000000000e-01 
4.7963296729e-09 1.2066871811e+04 8.5267153866e-01 8.7000000000e-01 
4.5254230431e-08 1.1501831011e+04 6.2509209958e-01 8.7000000000e-01 
6.6586973095e-10 1.1958832177e+04 5.8488173279e-01 8.7000000000e-01 
2.3499999999e-07 1.6836189102e+04 1.1404353795e+00 8.7000000000e-01 
2.3500000000e-07 1.3794331761e+04 1.0439790060e+00 8.7000000000e-01 
9.8903336465e-12 1.5527428103e+04 3.8307308192e-01 8.7000000000e-01 
6.9000990401e-12 1.4707639635e+04 1.9664469388e-01 8.7000000000e-01 
2.6869564125e-11 1.1824983972e+04 7.3248835233e-01 8.7000000000e-01 
2.2708006620e-08 1.9030217290e+04 5.6998797321e-01 8.7000000000e-01 
7.0091126687e-10 1.1407118863e+04 1.4876481600e-01 8.7000000000e-01 
7.4833703616e-10 1.1861386207e+04 1.4325186829e+00 8.7000000000e-01 
1.1288616731e-08 1.5560429146e+04 1.0902354540e+00 8.7000000000e-01 
5.2356652701e-11 1.1721561167e+04 2.9099821963e-01 8.7000000000e-01 
2.3499999999e-07 1.1783964094e+04 1.4777258977e-01 8.7000000000e-01 
3.6468147859e-08 1.1207186433e+04 6.1817331427e-01 8.7000000000e-01 
1.5893453735e-09 1.1809710367e+04 8.7415227972e-01 8.7000000000e-01 
2.0991813659e-08 1.1769669913e+04 1.0465886039e+00 8.7000000000e-01 
9.7324857288e-09 1.1817377167e+04 9.3181368643e-01 8.7000000000e-01 
1.8982483555e-11 1.5499952689e+04 1.0149575603e+00 8.7000000000e-01 
2.1711841752e-10 1.1675349216e+04 5.6910322680e-01 8.7000000000e-01 
1.2139805312e-11 1.2429023719e+04 4.7675180581e-01 8.7000000000e-01 
4.9881154205e-12 1.2543363864e+04 1.0132059814e+00 8.7000000000e-01 
2.9185886577e-12 1.1741055897e+04 3.6053890061e-01 8.7000000000e-01 
3.5406349982e-10 1.1846952563e+04 1.2509750620e+00 8.7000000000e-01 
6.1445736560e-08 1.1303030828e+04 8.5560885479e-01 8.7000000000e-01 
2.8560469712e-10 1.2112079377e+04 7.4444805300e-01 8.7000000000e-01 
2.8551202241e-10 2.0000000000e+04 6.8176394230e-01 8.7000000000e-01 
2.3500000000e-07 1.2736543099e+04 1.0476138774e+00 8.7000000000e-01 
2.3499999999e-07 1.1475228165e+04 9.9121889522e-01 8.7000000000e-01 
4.3543743660e-08 1.1375665057e+04 1.2866913830e+00 8.7000000000e-01 
2.3499999999e-07 2.0000000000e+04 1.1251481306e+00 8.7000000000e-01 
2.0771089708e-08 1.6446410239e+04 7.4385990713e-01 8.7000000000e-01 
3.1809761146e-08 2.0000000000e+04 5.1913252650e-01 8.7000000000e-01 
4.9685825523e-08 1.1551897349e+04 4.7068041281e-01 8.7000000000e-01 
7.8804762417e-10 1.1671070280e+04 1.0427143714e+00 8.7000000000e-01 
2.3500000000e-07 1.1231382576e+04 8.4233083896e-01 8.7000000000e-01 
1.4769655982e-08 1.2378974753e+04 1.4862971071e-01 8.7000000000e-01 
6.8591507312e-08 1.1597665106e+04 1.4010453400e+00 8.7000000000e-01 
3.2535446787e-10 1.3009296376e+04 1.3183402643e+00 8.7000000000e-01 
9.5088455300e-10 2.0000000000e+04 4.3874832299e-01 8.7000000000e-01 
3.3121761822e-08 1.5906845187e+04 5.4991717912e-01 8.7000000000e-01 
3.1355868541e-09 1.2853584893e+04 7.7322561862e-01 8.7000000000e-01 
6.4703557633e-11 1.5133756501e+04 9.1310435545e-01 8.7000000000e-01 
5.0089320341e-09 1.9883404325e+04 7.4873973794e-01 8.7000000000e-01 
5.3671013537e-09 1.3470544845e+04 1.2682255624e+00 8.7000000000e-01 
1.3848214111e-08 1.1634595196e+04 7.0148700519e-01 8.7000000000e-01 
1.7128486872e-11 1.1239409415e+04 1.0251810894e+00 8.7000000000e-01 
2.3852076445e-09 1.5526191757e+04 1.0527790869e+00 8.7000000000e-01 
4.7130469585e-10 1.3503922945e+04 2.7309583208e-01 8.7000000000e-01 
3.9433935048e-11 1.9722359433e+04 9.7757768077e-01 8.7000000000e-01 
2.3500000000e-07 1.2590858009e+04 7.9979196551e-01 8.7000000000e-01 
5.2811160101e-09 1.1738113110e+04 7.9191752739e-01 8.7000000000e-01 
9.4625469194e-08 1.4201183559e+04 9.1367788614e-01 8.7000000000e-01 
1.0075892614e-08 1.2808394831e+04 1.4836906460e+00 8.7000000000e-01 
2.3499999999e-07 2.0000000000e+04 5.9978939691e-01 8.7000000000e-01 
2.3499999999e-07 1.1337660640e+04 8.9427282969e-01 8.7000000000e-01 
2.3499999999e-07 1.5081061761e+04 6.4108250473e-01 8.7000000000e-01 
2.3499999999e-07 1.4477166923e+04 1.0610311802e-01 8.7000000000e-01 
8.9045603695e-10 2.0000000000e+04 3.3686822690e-01 8.7000000000e-01 
2.3500000000e-07 1.2376329675e+04 4.9490189523e-01 8.7000000000e-01 
1.1774781305e-10 1.1535829315e+04 1.4608068490e+00 8.7000000000e-01 
9.4698954615e-09 1.1527912940e+04 1.3791604581e+00 8.7000000000e-01 
1.3278879625e-09 1.2464498169e+04 8.3819426329e-01 8.7000000000e-01 
3.2752616554e-09 1.3965306374e+04 5.7067255497e-01 8.7000000000e-01 
5.6821951794e-10 1.3184110920e+04 4.6147360709e-01 8.7000000000e-01 
2.3499999999e-07 1.2053018726e+04 7.6581024887e-01 8.7000000000e-01 
1.8102345501e-07 1.7087386677e+04 7.5176677917e-01 8.7000000000e-01 
2.3499999999e-07 1.1555845164e+04 3.6794665130e-01 8.7000000000e-01 
2.3184863372e-08 1.9077788437e+04 1.1495790221e+00 8.7000000000e-01 
5.3236643312e-11 2.0000000000e+04 6.2109967800e-01 8.7000000000e-01 
7.9119337937e-08 1.1555579498e+04 9.5710016627e-01 8.7000000000e-01 
5.6641926619e-10 1.4660920025e+04 6.7919196520e-01 8.7000000000e-01 
2.3500000000e-07 1.5043436963e+04 7.4579002054e-01 8.7000000000e-01 
2.1110972611e-07 1.1630470656e+04 8.7303732160e-01 8.7000000000e-01 
3.7850621069e-10 1.4806603498e+04 4.2119092969e-01 8.7000000000e-01 
1.3000237343e-11 2.0000000000e+04 3.0539114441e-01 8.7000000000e-01 
1.1744338866e-09 1.2664232769e+04 8.4577424646e-01 8.7000000000e-01 
9.9341227975e-10 1.1686935051e+04 9.6371556969e-01 8.7000000000e-01 
2.3499999999e-07 1.3131405600e+04 2.7458466961e-01 8.7000000000e-01 
1.1581097822e-07 1.1295020251e+04 5.4287302338e-01 8.7000000000e-01 
1.9203772265e-10 1.2085933564e+04 5.0999387290e-01 8.7000000000e-01 
2.3500000000e-07 1.3611675822e+04 1.3642003626e+00 8.7000000000e-01 
7.1500487536e-08 1.3627836658e+04 1.2600253251e+00 8.7000000000e-01 
6.3550890672e-09 1.7256351525e+04 8.5429367480e-01 8.7000000000e-01 
2.9364882183e-10 1.1289187335e+04 1.0857700556e+00 8.7000000000e-01 
7.8626433610e-12 1.3918422882e+04 9.4088002498e-01 8.7000000000e-01 
1.1785664699e-09 1.2733091760e+04 1.1260071953e+00 8.7000000000e-01 
1.6454049925e-10 1.1781656294e+04 1.3486984414e+00 8.7000000000e-01 
6.9776432936e-11 1.3184985204e+04 7.9658397679e-01 8.7000000000e-01 
1.1049771833e-08 1.1937379330e+04 8.3602519038e-01 8.7000000000e-01 
2.3500000000e-07 1.1715329645e+04 7.4011626644e-01 8.7000000000e-01 
