Mass [kg]        Velocity [m s-1]    Theta [rad]    CO2 [ frac]    
2.3895360801e-08 2.0000000000e+04 5.1323079722e-01 2.0000000000e-02 
2.3499999999e-07 1.2079635189e+04 6.8027794339e-01 2.0000000000e-02 
2.3499999999e-07 1.9210943348e+04 7.0039210152e-01 2.0000000000e-02 
2.3500000000e-07 1.9581374189e+04 3.0291973093e-01 2.0000000000e-02 
1.8242129170e-10 1.3742495749e+04 6.0206091734e-01 2.0000000000e-02 
2.3500000000e-07 1.2694914541e+04 9.4357017370e-01 2.0000000000e-02 
2.3499999999e-07 1.1771598982e+04 1.8652921354e-01 2.0000000000e-02 
2.1089245878e-10 1.6039402903e+04 5.4387761949e-01 2.0000000000e-02 
2.3500000000e-07 1.9120592955e+04 7.3226657145e-01 2.0000000000e-02 
1.4194549610e-12 1.1713289394e+04 8.7598655558e-01 2.0000000000e-02 
6.0699904375e-11 1.6113365729e+04 5.7605719017e-01 2.0000000000e-02 
2.4055302956e-09 1.3992785212e+04 1.0152292064e+00 2.0000000000e-02 
2.2092704090e-09 1.5526233748e+04 5.6543698965e-01 2.0000000000e-02 
1.4931290289e-10 2.0000000000e+04 1.4762583992e+00 2.0000000000e-02 
3.3206222248e-10 1.1562189007e+04 2.1782611593e-01 2.0000000000e-02 
2.8022668771e-09 1.2122745268e+04 4.1526811814e-01 2.0000000000e-02 
3.5920675471e-10 1.4576265502e+04 8.3132475438e-01 2.0000000000e-02 
5.3620717636e-09 1.3849004097e+04 8.3790036814e-01 2.0000000000e-02 
2.4746868995e-08 1.3459066240e+04 4.1040444038e-01 2.0000000000e-02 
1.0551599919e-10 1.2937811674e+04 4.9969386990e-01 2.0000000000e-02 
6.1645279215e-08 2.0000000000e+04 1.3204621818e-01 2.0000000000e-02 
3.1403198955e-10 1.1911774440e+04 9.5278085306e-01 2.0000000000e-02 
9.1271917354e-10 1.1388792629e+04 1.6914014377e-01 2.0000000000e-02 
3.4080238967e-10 1.9415703041e+04 1.1647442571e+00 2.0000000000e-02 
5.2034873835e-08 1.4316305673e+04 9.9324056010e-01 2.0000000000e-02 
1.4256923861e-08 1.2807959233e+04 8.6503716508e-01 2.0000000000e-02 
7.2208105333e-09 1.3368727199e+04 5.2273072722e-01 2.0000000000e-02 
2.5777411158e-09 2.0000000000e+04 4.3459396569e-01 2.0000000000e-02 
1.0677897076e-08 1.7507339389e+04 3.8775247091e-01 2.0000000000e-02 
1.5765641298e-09 1.5083079194e+04 6.0702986385e-01 2.0000000000e-02 
5.0490460510e-09 2.0000000000e+04 3.0489200463e-01 2.0000000000e-02 
5.3792366438e-08 1.1908217374e+04 8.7774975116e-01 2.0000000000e-02 
2.3499999999e-07 1.1267703187e+04 1.3088081946e+00 2.0000000000e-02 
2.3499999999e-07 1.6080637993e+04 8.8622507496e-01 2.0000000000e-02 
1.3181692826e-10 1.1660488909e+04 7.0535072263e-01 2.0000000000e-02 
8.7475218980e-08 1.4478138586e+04 9.8825935599e-01 2.0000000000e-02 
6.3696830916e-10 2.0000000000e+04 9.7074071506e-01 2.0000000000e-02 
1.4570787138e-11 1.7537570190e+04 7.1862045919e-01 2.0000000000e-02 
2.2895756188e-09 1.5780065295e+04 9.6844908024e-01 2.0000000000e-02 
2.3499999999e-07 1.1384530723e+04 9.2983485436e-01 2.0000000000e-02 
6.7103240011e-08 1.7739242906e+04 1.1433871467e+00 2.0000000000e-02 
6.1850686366e-09 1.1964701309e+04 7.7245361698e-01 2.0000000000e-02 
5.8091577198e-11 1.2608722448e+04 7.8582418031e-01 2.0000000000e-02 
3.4329911498e-09 1.4546181042e+04 2.2559398477e-01 2.0000000000e-02 
3.1642019894e-10 1.6516322124e+04 4.6270185015e-01 2.0000000000e-02 
2.7388616006e-09 1.3822378539e+04 1.1134941850e+00 2.0000000000e-02 
3.1980539335e-10 1.4838847090e+04 1.1432655429e+00 2.0000000000e-02 
2.0299200224e-09 1.2536944487e+04 3.2261217114e-01 2.0000000000e-02 
4.5909982195e-11 1.5502713322e+04 9.0912383962e-01 2.0000000000e-02 
1.4302888762e-08 1.2340641120e+04 1.9300933192e-01 2.0000000000e-02 
9.4778139389e-09 2.0000000000e+04 4.7312309233e-01 2.0000000000e-02 
6.3705933092e-09 1.2099133635e+04 6.0194496585e-01 2.0000000000e-02 
4.1710226697e-08 1.3981783740e+04 5.2551573481e-01 2.0000000000e-02 
3.2999005976e-10 1.4312379279e+04 7.0205504352e-01 2.0000000000e-02 
8.6091280035e-08 2.0000000000e+04 4.5870934776e-01 2.0000000000e-02 
3.2973401540e-08 1.2420941354e+04 1.1183484154e+00 2.0000000000e-02 
5.9383075447e-08 1.3652768792e+04 2.7433253297e-01 2.0000000000e-02 
2.6771072639e-10 1.2266329169e+04 8.5336410032e-01 2.0000000000e-02 
1.9396823248e-08 1.2177526180e+04 1.0855886264e+00 2.0000000000e-02 
3.1463280216e-10 1.7208691386e+04 4.3736264483e-01 2.0000000000e-02 
2.1622237229e-10 1.1455197574e+04 3.0909567426e-01 2.0000000000e-02 
1.2087329171e-07 1.2822027142e+04 9.5067040086e-01 2.0000000000e-02 
4.6957852077e-11 1.3891541473e+04 1.5631417165e-01 2.0000000000e-02 
7.5038100971e-10 1.1916414979e+04 4.0552794958e-01 2.0000000000e-02 
2.3499999999e-07 1.2965834457e+04 8.3275483594e-02 2.0000000000e-02 
6.6644873123e-08 1.4289429324e+04 2.1968411626e-01 2.0000000000e-02 
2.3500000000e-07 1.4369093970e+04 1.3794495502e+00 2.0000000000e-02 
1.4301121852e-11 1.3857895210e+04 6.4506978846e-01 2.0000000000e-02 
2.1753446149e-10 1.1496084136e+04 1.0313315250e+00 2.0000000000e-02 
1.0480162338e-07 1.2154188358e+04 5.1880719926e-01 2.0000000000e-02 
3.8639804191e-08 1.2432260549e+04 3.1006734767e-01 2.0000000000e-02 
2.3500000000e-07 1.8085381748e+04 1.2379562479e+00 2.0000000000e-02 
1.8678250294e-10 1.4053578791e+04 1.1534587922e+00 2.0000000000e-02 
3.3486023965e-08 1.4778976890e+04 2.2600042340e-01 2.0000000000e-02 
2.9414716827e-09 1.1336945338e+04 8.8140458916e-01 2.0000000000e-02 
9.6741128707e-08 1.2259377129e+04 7.4472884772e-01 2.0000000000e-02 
6.5423094233e-09 1.5074634329e+04 8.8847234486e-01 2.0000000000e-02 
1.3919526703e-09 1.1251196332e+04 7.2957412314e-01 2.0000000000e-02 
1.5750974904e-08 1.6172986742e+04 7.7965962223e-01 2.0000000000e-02 
6.8414633080e-08 1.3865457528e+04 9.3508549299e-01 2.0000000000e-02 
5.2429954969e-10 1.3026941406e+04 4.3155245715e-01 2.0000000000e-02 
8.3812377887e-09 1.5607514754e+04 1.0008257783e+00 2.0000000000e-02 
1.9002723629e-10 1.1945203091e+04 1.2502314034e+00 2.0000000000e-02 
8.0626982907e-08 1.2546909821e+04 5.6775676168e-01 2.0000000000e-02 
2.3500000000e-07 1.5669336777e+04 4.9314472970e-01 2.0000000000e-02 
4.7388191857e-10 1.2568149987e+04 9.5207276131e-01 2.0000000000e-02 
1.4628804961e-07 1.7261250959e+04 6.7772631227e-01 2.0000000000e-02 
2.3500000000e-07 1.2869788314e+04 8.9528151794e-01 2.0000000000e-02 
3.8583323595e-09 1.3563564592e+04 7.3538914696e-01 2.0000000000e-02 
9.6021730321e-08 1.5332498405e+04 1.1864752485e+00 2.0000000000e-02 
5.0389631037e-13 1.5230465547e+04 1.1281023547e+00 2.0000000000e-02 
3.1284433916e-09 1.2110343569e+04 6.3691581024e-01 2.0000000000e-02 
1.2268268953e-08 1.2856784182e+04 8.6690692640e-01 2.0000000000e-02 
4.9149422055e-10 1.2893571463e+04 1.2385927583e+00 2.0000000000e-02 
1.6343837021e-09 1.8182587555e+04 8.9453875063e-01 2.0000000000e-02 
3.2932054886e-11 1.1752902316e+04 1.1638670646e+00 2.0000000000e-02 
6.2520218222e-10 1.1902836577e+04 1.0784131691e+00 2.0000000000e-02 
3.4921762627e-10 1.9624550103e+04 9.6378430561e-01 2.0000000000e-02 
2.3499999999e-07 1.9134039930e+04 2.6269484852e-01 2.0000000000e-02 
3.0162889785e-08 1.1240829328e+04 4.4076890657e-01 2.0000000000e-02 
1.2409000486e-08 1.3977339822e+04 5.1438308628e-01 2.0000000000e-02 
3.8962072323e-08 1.6459223675e+04 9.8193313755e-01 2.0000000000e-02 
1.1359905540e-07 1.2325442784e+04 5.7028090813e-01 2.0000000000e-02 
1.0975772465e-08 1.2577733859e+04 2.8929083832e-01 2.0000000000e-02 
5.6195740480e-12 1.2210364468e+04 2.8712183772e-01 2.0000000000e-02 
1.7179377534e-09 2.0000000000e+04 1.1641427540e+00 2.0000000000e-02 
3.0360144397e-10 1.3041847881e+04 4.8163557912e-01 2.0000000000e-02 
2.3500000000e-07 1.1637991952e+04 6.2058060031e-01 2.0000000000e-02 
2.3500000000e-07 1.1656653194e+04 7.9168388592e-01 2.0000000000e-02 
1.5937052034e-10 1.9343219600e+04 3.3326681850e-01 2.0000000000e-02 
4.9716971219e-10 1.1920483298e+04 1.0052343299e+00 2.0000000000e-02 
7.6939961495e-08 1.2311869301e+04 1.0150893302e+00 2.0000000000e-02 
2.2766855719e-07 1.1425385842e+04 7.3209182197e-01 2.0000000000e-02 
1.4265941544e-08 2.0000000000e+04 8.5216092666e-01 2.0000000000e-02 
6.8955875441e-13 1.7292721339e+04 5.1919087335e-01 2.0000000000e-02 
5.9240641234e-09 2.0000000000e+04 4.7285512201e-01 2.0000000000e-02 
4.3504369478e-09 1.2319808773e+04 4.5212578583e-01 2.0000000000e-02 
2.3499999999e-07 1.7074345313e+04 8.5219373960e-01 2.0000000000e-02 
2.0935280344e-07 1.9195121588e+04 1.1414701492e+00 2.0000000000e-02 
1.4211343014e-09 1.6088178318e+04 1.4039259863e+00 2.0000000000e-02 
1.4159196041e-09 1.2101782183e+04 1.4226461380e+00 2.0000000000e-02 
1.8587325001e-11 1.4540615069e+04 9.3077778778e-01 2.0000000000e-02 
2.3499999999e-07 2.0000000000e+04 1.2547889018e+00 2.0000000000e-02 
1.1540535194e-08 1.2563731720e+04 6.1686864220e-01 2.0000000000e-02 
2.3517147465e-09 1.3242978790e+04 4.5309687444e-01 2.0000000000e-02 
3.7086060779e-10 1.4725872918e+04 1.3067838349e+00 2.0000000000e-02 
1.0676348959e-07 1.9838122927e+04 2.3028404115e-01 2.0000000000e-02 
3.5169406837e-12 1.1524975103e+04 9.6243695041e-01 2.0000000000e-02 
2.1966002287e-08 1.1833040022e+04 9.0438050027e-01 2.0000000000e-02 
1.2741593516e-10 1.1987766110e+04 7.9048928744e-01 2.0000000000e-02 
1.9841603598e-09 1.5926456684e+04 1.3074063945e-01 2.0000000000e-02 
2.6885229668e-09 1.1268973831e+04 5.7545252478e-01 2.0000000000e-02 
1.5322128637e-10 2.0000000000e+04 7.3493961556e-01 2.0000000000e-02 
3.1462684803e-09 1.1425155870e+04 4.5584971971e-01 2.0000000000e-02 
2.3500000000e-07 1.1767840356e+04 1.3335899152e+00 2.0000000000e-02 
1.2606599048e-09 1.4238813645e+04 2.5529576009e-01 2.0000000000e-02 
1.8761737019e-07 1.4524618071e+04 7.4556846508e-01 2.0000000000e-02 
1.4891106717e-10 2.0000000000e+04 3.6474405668e-01 2.0000000000e-02 
1.8680297987e-08 1.3182113309e+04 1.0835726929e+00 2.0000000000e-02 
9.1624719397e-13 1.1968542762e+04 7.8841980917e-01 2.0000000000e-02 
2.2405822830e-08 1.2528805882e+04 8.5127371476e-01 2.0000000000e-02 
3.3448067878e-10 1.7651911036e+04 3.5013053433e-01 2.0000000000e-02 
1.6293175280e-08 1.6226381663e+04 1.2051628857e+00 2.0000000000e-02 
5.9752940799e-08 1.3440862175e+04 1.1530635408e+00 2.0000000000e-02 
1.4839043377e-10 1.4613935809e+04 7.5773220664e-01 2.0000000000e-02 
3.8765520088e-09 1.7842203310e+04 1.0187822623e+00 2.0000000000e-02 
6.7094243230e-09 1.3633835624e+04 8.8811149468e-01 2.0000000000e-02 
3.1291542612e-10 1.2059686177e+04 3.1998795480e-01 2.0000000000e-02 
2.3499999999e-07 1.1813854978e+04 8.9378766763e-01 2.0000000000e-02 
2.3499999999e-07 1.4223759424e+04 1.6618513494e-01 2.0000000000e-02 
2.3499999999e-07 1.8059020915e+04 2.5992300440e-01 2.0000000000e-02 
1.9916035797e-09 1.1920335320e+04 9.4435969956e-01 2.0000000000e-02 
1.3447313368e-07 1.3706732917e+04 4.9454076111e-01 2.0000000000e-02 
2.3500000000e-07 1.4436347528e+04 6.3864414461e-01 2.0000000000e-02 
2.3500000000e-07 1.1363421061e+04 4.6979759125e-01 2.0000000000e-02 
9.9149252422e-12 1.4021531918e+04 3.7488507691e-01 2.0000000000e-02 
2.9132717984e-12 1.7605642720e+04 1.1790452456e+00 2.0000000000e-02 
8.6440590556e-09 1.2654082652e+04 1.7972265284e-01 2.0000000000e-02 
2.3499999999e-07 1.3322245409e+04 4.1380457350e-01 2.0000000000e-02 
2.9425167913e-10 1.2162950425e+04 1.0554745701e+00 2.0000000000e-02 
6.0044016529e-09 1.2818288431e+04 2.4722757704e-01 2.0000000000e-02 
9.1260475267e-09 1.2244928382e+04 1.0340499518e+00 2.0000000000e-02 
3.8711036841e-08 1.1592144496e+04 1.5263920390e+00 2.0000000000e-02 
2.1819924156e-08 1.6231544038e+04 1.0971363827e+00 2.0000000000e-02 
5.3513875436e-11 1.4414994956e+04 5.6539316207e-01 2.0000000000e-02 
5.5433797273e-10 2.0000000000e+04 3.6231174004e-01 2.0000000000e-02 
6.5141052700e-08 1.3982769582e+04 1.0091882166e+00 2.0000000000e-02 
2.3500000000e-07 1.2881772515e+04 8.7119754445e-01 2.0000000000e-02 
3.1844549425e-09 1.1926025456e+04 6.3863660694e-01 2.0000000000e-02 
2.3500000000e-07 1.2678297900e+04 1.5062671020e+00 2.0000000000e-02 
2.3500000000e-07 1.1558583463e+04 6.4047814418e-01 2.0000000000e-02 
1.5865599886e-09 1.1238675709e+04 5.8505908919e-01 2.0000000000e-02 
2.0325286852e-12 1.5507060384e+04 4.3257559721e-01 2.0000000000e-02 
2.3499999999e-07 1.5643317546e+04 3.1109600617e-01 2.0000000000e-02 
1.1096726299e-08 1.2315785763e+04 8.5099350349e-01 2.0000000000e-02 
2.3499999999e-07 1.1892644230e+04 9.5295360710e-01 2.0000000000e-02 
1.2395282115e-11 1.1272821566e+04 8.1671512528e-01 2.0000000000e-02 
9.1340336448e-10 1.2154632962e+04 1.3088197893e+00 2.0000000000e-02 
1.6638454577e-09 1.2131255491e+04 3.7984242810e-01 2.0000000000e-02 
2.3500000000e-07 1.3226772292e+04 2.4789197607e-01 2.0000000000e-02 
1.3681595617e-09 2.0000000000e+04 1.4437006221e+00 2.0000000000e-02 
4.4073284918e-09 1.1430923088e+04 1.3990774645e+00 2.0000000000e-02 
2.8733320613e-08 1.6754175916e+04 4.8569789988e-01 2.0000000000e-02 
1.9737978121e-07 1.1787124060e+04 4.8571876813e-01 2.0000000000e-02 
5.9445060773e-10 1.5179351454e+04 9.2551309485e-01 2.0000000000e-02 
2.3499999999e-07 1.2895420120e+04 1.2544872570e+00 2.0000000000e-02 
2.3500000000e-07 1.2735960364e+04 4.2888896302e-01 2.0000000000e-02 
6.2374891309e-09 1.5447076390e+04 5.1555743372e-01 2.0000000000e-02 
1.3726213784e-09 1.4875397848e+04 9.2744725617e-01 2.0000000000e-02 
1.5671982500e-09 1.1577990584e+04 1.2619933227e+00 2.0000000000e-02 
1.6710448956e-10 1.1738135332e+04 5.2507458392e-01 2.0000000000e-02 
2.3984100160e-09 1.4065891983e+04 1.1257383090e+00 2.0000000000e-02 
8.7225221524e-09 1.2674303156e+04 3.2850535595e-01 2.0000000000e-02 
2.3500000000e-07 1.4990735540e+04 9.0547177965e-01 2.0000000000e-02 
1.2480106329e-09 1.1299432471e+04 1.6267782054e-01 2.0000000000e-02 
2.3499999999e-07 1.7722700560e+04 9.7656809439e-01 2.0000000000e-02 
1.0291308147e-07 1.5427277685e+04 5.4885875638e-01 2.0000000000e-02 
2.0300647657e-09 2.0000000000e+04 2.6649400641e-01 2.0000000000e-02 
2.3537326048e-08 1.1206393110e+04 3.5835908934e-01 2.0000000000e-02 
2.3500000000e-07 1.5693554601e+04 1.3940100891e+00 2.0000000000e-02 
