Mass [kg]        Velocity [m s-1]    Theta [rad]    CO2 [frac]    
9.7527224315e-08 2.0000000000e+04 9.2346682172e-01 6.2000000000e-01 
2.8788870274e-10 1.3682886524e+04 1.1420854500e+00 6.2000000000e-01 
2.7637730235e-10 1.3872123065e+04 1.3501668502e+00 6.2000000000e-01 
1.5557664342e-07 1.1413657190e+04 4.4446394814e-01 6.2000000000e-01 
1.8514071494e-09 1.4601628459e+04 6.8811554487e-01 6.2000000000e-01 
1.5478419433e-09 1.1268494429e+04 9.3932055263e-01 6.2000000000e-01 
5.1855073279e-09 1.2712181843e+04 9.3236251521e-01 6.2000000000e-01 
5.5094337255e-10 1.2906047551e+04 5.9374267688e-01 6.2000000000e-01 
3.0979698205e-12 2.0000000000e+04 6.8990657112e-01 6.2000000000e-01 
1.0406156792e-08 1.2031827933e+04 4.9536238123e-01 6.2000000000e-01 
6.7632652668e-10 1.4396679254e+04 1.8679368610e-01 6.2000000000e-01 
2.1136040115e-09 1.4122034503e+04 9.3077592459e-01 6.2000000000e-01 
1.5029480303e-08 1.2717718218e+04 6.3769598138e-01 6.2000000000e-01 
3.7992947325e-10 1.3514380819e+04 1.1938884485e+00 6.2000000000e-01 
8.8668287023e-11 1.1543927361e+04 9.9014244322e-01 6.2000000000e-01 
8.1027345376e-09 1.7638825308e+04 9.9723173563e-01 6.2000000000e-01 
1.8318390420e-08 1.2491370266e+04 5.5947956375e-01 6.2000000000e-01 
8.4326754166e-12 1.2142475891e+04 1.1824394452e+00 6.2000000000e-01 
3.0419843509e-08 1.4097625370e+04 7.1406302534e-01 6.2000000000e-01 
1.0332756274e-08 1.3675171171e+04 2.4818734464e-01 6.2000000000e-01 
5.5144971182e-08 1.7177263997e+04 9.8703228023e-01 6.2000000000e-01 
4.4314212267e-09 1.2668509691e+04 1.4216756593e+00 6.2000000000e-01 
2.3500000000e-07 1.1227303519e+04 4.9972966625e-01 6.2000000000e-01 
3.6544632658e-08 1.1667337653e+04 7.3039624551e-01 6.2000000000e-01 
2.2070592922e-08 1.4434682253e+04 1.0181999775e+00 6.2000000000e-01 
1.1423027896e-08 1.4436787793e+04 7.3462659008e-01 6.2000000000e-01 
3.4694667468e-10 1.1289416593e+04 1.4557770157e+00 6.2000000000e-01 
2.8221449622e-10 1.4275771105e+04 5.3932196393e-01 6.2000000000e-01 
4.7442396270e-10 1.2825032140e+04 8.9466010469e-01 6.2000000000e-01 
5.7101268689e-08 1.1762192399e+04 1.1676802989e+00 6.2000000000e-01 
2.2511783443e-09 1.4327806241e+04 2.8608517778e-01 6.2000000000e-01 
6.4439637011e-09 1.6695539160e+04 6.9160923372e-01 6.2000000000e-01 
1.2942972327e-07 1.2073795734e+04 1.3757056934e+00 6.2000000000e-01 
2.2999603286e-10 1.4484353190e+04 8.4014342752e-01 6.2000000000e-01 
4.9892739237e-09 1.5431775771e+04 1.0389064003e+00 6.2000000000e-01 
2.6961623829e-08 1.9556025217e+04 8.5523061827e-01 6.2000000000e-01 
3.9146685919e-10 1.3483444935e+04 1.2156235580e+00 6.2000000000e-01 
2.3499999999e-07 1.6047773049e+04 1.3773305692e+00 6.2000000000e-01 
2.3500000000e-07 1.3444299849e+04 3.8454173475e-01 6.2000000000e-01 
4.7731410415e-09 1.7636120158e+04 1.7473192098e-01 6.2000000000e-01 
1.0415613684e-09 1.1800216149e+04 9.0711039053e-01 6.2000000000e-01 
7.4524520592e-08 1.3985379068e+04 2.7141180839e-01 6.2000000000e-01 
2.2177412082e-08 1.1410511175e+04 8.8076576850e-01 6.2000000000e-01 
2.3500000000e-07 1.7102790405e+04 4.1386265319e-01 6.2000000000e-01 
9.5161926759e-11 1.1836465593e+04 5.2923860237e-01 6.2000000000e-01 
4.7034997631e-11 1.2797767673e+04 9.5835443934e-01 6.2000000000e-01 
8.8411693940e-10 1.2330111528e+04 5.3845147315e-01 6.2000000000e-01 
3.5959145293e-11 1.6944549742e+04 1.2435558272e+00 6.2000000000e-01 
2.4399085723e-10 1.2415290583e+04 8.6877068585e-01 6.2000000000e-01 
3.0513285114e-09 1.4407880762e+04 3.9651746898e-01 6.2000000000e-01 
1.2973812087e-07 1.1207568049e+04 6.6322556568e-01 6.2000000000e-01 
1.4746404963e-11 1.2623416723e+04 1.2181884345e+00 6.2000000000e-01 
3.2595485277e-09 1.4437466400e+04 1.2626123627e+00 6.2000000000e-01 
6.7594687456e-10 1.1924898328e+04 1.0052841814e+00 6.2000000000e-01 
1.6183373358e-12 2.0000000000e+04 7.1807725640e-01 6.2000000000e-01 
1.1025784827e-10 1.4297117045e+04 4.8858861366e-01 6.2000000000e-01 
8.1270617551e-08 1.2162012377e+04 9.7629792215e-01 6.2000000000e-01 
1.5865347405e-10 1.2334130300e+04 9.9001139473e-01 6.2000000000e-01 
2.8401468175e-08 1.2152274157e+04 9.5049839914e-01 6.2000000000e-01 
8.5761643677e-10 1.2489556074e+04 9.7525755758e-01 6.2000000000e-01 
4.7210699081e-10 1.3586039071e+04 3.2643837308e-01 6.2000000000e-01 
2.7039206115e-11 1.5995436895e+04 9.1752317473e-01 6.2000000000e-01 
4.1056675501e-10 1.1418543654e+04 1.1450524880e+00 6.2000000000e-01 
6.8469908469e-09 1.7179086234e+04 3.3880049935e-01 6.2000000000e-01 
4.0993922611e-12 1.4203186794e+04 1.1518561027e+00 6.2000000000e-01 
1.5102751290e-09 1.1824753886e+04 1.0782753591e+00 6.2000000000e-01 
1.0164134663e-08 1.3303505976e+04 1.0901267489e+00 6.2000000000e-01 
1.2702479639e-09 1.4584687586e+04 1.0620822041e+00 6.2000000000e-01 
2.3499999999e-07 1.2179480985e+04 1.3215345604e+00 6.2000000000e-01 
2.3500000000e-07 1.2697055342e+04 7.9089057710e-01 6.2000000000e-01 
9.9543828399e-09 1.2138644576e+04 4.0617875358e-01 6.2000000000e-01 
2.2652347129e-07 1.1536366315e+04 1.1523100681e+00 6.2000000000e-01 
3.0621851227e-10 1.3072407386e+04 3.7996186499e-01 6.2000000000e-01 
2.1203094085e-07 1.1495787288e+04 1.1301079031e+00 6.2000000000e-01 
1.0929341681e-10 1.2465577213e+04 1.4594453272e+00 6.2000000000e-01 
3.1323606805e-08 2.0000000000e+04 3.1766740612e-01 6.2000000000e-01 
5.6444159045e-09 1.2161128262e+04 1.0097113378e+00 6.2000000000e-01 
1.5244458594e-08 1.6937723408e+04 4.8607565008e-01 6.2000000000e-01 
5.4966052810e-11 1.9044711905e+04 9.2457597399e-01 6.2000000000e-01 
2.3500000000e-07 1.4820484616e+04 1.1528720576e+00 6.2000000000e-01 
1.6876315498e-11 1.2046572854e+04 7.6140775341e-01 6.2000000000e-01 
2.3500000000e-07 1.4275802342e+04 1.2278317491e+00 6.2000000000e-01 
1.7632260309e-09 2.0000000000e+04 1.3103586229e+00 6.2000000000e-01 
3.8445908266e-08 1.2038726056e+04 6.9904808767e-01 6.2000000000e-01 
5.4670800005e-11 1.3178736082e+04 1.0531260065e+00 6.2000000000e-01 
1.1501656032e-10 1.1713068535e+04 2.8504369771e-01 6.2000000000e-01 
4.2917156948e-09 1.8797290773e+04 7.7387775195e-01 6.2000000000e-01 
1.3333608343e-07 1.2718295534e+04 1.3001766234e+00 6.2000000000e-01 
1.2363261780e-10 1.3698967285e+04 1.4400316273e+00 6.2000000000e-01 
1.1256986523e-09 1.1389512649e+04 6.5979137137e-01 6.2000000000e-01 
4.8989828380e-09 1.2393422354e+04 5.9819577091e-01 6.2000000000e-01 
6.4691278712e-09 1.3782665624e+04 1.5164409200e+00 6.2000000000e-01 
4.1869366141e-09 1.2574525519e+04 1.0637719981e+00 6.2000000000e-01 
2.3518853532e-11 1.4676852118e+04 6.1696076787e-01 6.2000000000e-01 
7.1213309124e-09 1.3702992754e+04 3.2409544223e-01 6.2000000000e-01 
2.3500000000e-07 1.1618047174e+04 5.8254977109e-01 6.2000000000e-01 
2.3781983614e-09 1.5360915179e+04 1.0357479083e+00 6.2000000000e-01 
6.3464700380e-11 1.3845732496e+04 2.1609332578e-01 6.2000000000e-01 
1.5755502898e-07 1.1872734122e+04 7.3774832835e-01 6.2000000000e-01 
3.7952588700e-10 1.5926688659e+04 9.7341116859e-01 6.2000000000e-01 
2.1811422685e-12 1.6598641664e+04 1.2243669024e+00 6.2000000000e-01 
1.4788709637e-09 1.4840824744e+04 5.6697635389e-01 6.2000000000e-01 
5.1557951526e-11 1.7611563561e+04 4.3524613208e-01 6.2000000000e-01 
8.1482443759e-08 1.4473994901e+04 1.2261256791e+00 6.2000000000e-01 
2.8199541194e-10 1.2284225360e+04 2.8544596166e-01 6.2000000000e-01 
2.0261609838e-11 2.0000000000e+04 2.0518717893e-01 6.2000000000e-01 
1.4851011820e-09 1.2555961690e+04 1.2133985984e+00 6.2000000000e-01 
4.1654173097e-10 1.2687828614e+04 1.1429275761e-01 6.2000000000e-01 
2.7266179956e-12 1.5528629715e+04 1.1980656368e+00 6.2000000000e-01 
2.4080600436e-08 1.8605003491e+04 4.4072449854e-01 6.2000000000e-01 
5.4411159195e-10 1.1371186737e+04 6.7823882438e-01 6.2000000000e-01 
2.3500000000e-07 1.5922259863e+04 3.4285107503e-01 6.2000000000e-01 
7.4432654473e-09 1.3255005900e+04 4.4480736234e-01 6.2000000000e-01 
1.2741387908e-11 1.1298459889e+04 3.9035227464e-01 6.2000000000e-01 
2.3500000000e-07 1.1413676532e+04 1.4534922570e+00 6.2000000000e-01 
8.0991502810e-09 2.0000000000e+04 8.4504680785e-01 6.2000000000e-01 
1.8159082077e-08 1.2378201413e+04 9.1243001030e-02 6.2000000000e-01 
6.5448664405e-08 1.5387426706e+04 2.5490728533e-01 6.2000000000e-01 
3.7357493475e-09 1.6887103249e+04 9.5765113054e-02 6.2000000000e-01 
2.3500000000e-07 1.6096754267e+04 1.7339334170e-01 6.2000000000e-01 
4.7869761300e-08 1.1830493546e+04 8.4086593241e-01 6.2000000000e-01 
1.7437292885e-08 1.5487966735e+04 4.5823134729e-01 6.2000000000e-01 
9.7982060068e-10 1.3773914629e+04 1.5638418839e-01 6.2000000000e-01 
1.2920890250e-10 1.2142861288e+04 4.3475720234e-01 6.2000000000e-01 
4.0613007536e-09 1.3361316796e+04 5.1005678325e-01 6.2000000000e-01 
9.4645131380e-09 1.2669400356e+04 1.2494168784e+00 6.2000000000e-01 
1.6139740782e-09 1.4217427335e+04 4.9426298506e-01 6.2000000000e-01 
1.0871190491e-09 1.4439353612e+04 4.5353857299e-01 6.2000000000e-01 
1.4269985971e-08 1.2069509878e+04 6.3005455574e-01 6.2000000000e-01 
1.7631407718e-11 1.2779399007e+04 1.0221597861e+00 6.2000000000e-01 
1.0168632684e-11 1.1833209211e+04 8.7715636965e-01 6.2000000000e-01 
2.3500000000e-07 1.2401527702e+04 5.1656018859e-01 6.2000000000e-01 
2.3500000000e-07 1.2793585787e+04 1.8332484245e-01 6.2000000000e-01 
1.3644765440e-07 1.9785474048e+04 9.9130525420e-01 6.2000000000e-01 
1.2230558016e-12 1.2000093695e+04 2.9004311158e-01 6.2000000000e-01 
9.6868115474e-11 2.0000000000e+04 5.6486701564e-01 6.2000000000e-01 
1.0378080207e-10 1.1638379897e+04 1.3954130782e+00 6.2000000000e-01 
4.4616965281e-08 1.6269291920e+04 9.5690371893e-01 6.2000000000e-01 
1.5934243017e-09 1.1202942864e+04 1.2414328472e+00 6.2000000000e-01 
2.3500000000e-07 1.1597581126e+04 3.4461195266e-01 6.2000000000e-01 
8.2148743618e-10 1.7996868989e+04 1.0309535299e+00 6.2000000000e-01 
2.3500000000e-07 1.2812885278e+04 1.0024872643e+00 6.2000000000e-01 
2.3500000000e-07 1.2966564582e+04 5.9589660923e-01 6.2000000000e-01 
1.3105340182e-08 1.2725290978e+04 9.8087185344e-01 6.2000000000e-01 
5.7325950255e-10 1.1331607290e+04 5.2268595733e-01 6.2000000000e-01 
1.2214735088e-07 1.6715317895e+04 1.5218863363e+00 6.2000000000e-01 
3.1936815379e-09 1.5803288172e+04 1.1133129510e+00 6.2000000000e-01 
2.0529607759e-09 1.4922381427e+04 2.4399392438e-01 6.2000000000e-01 
2.3707718198e-11 1.2272053059e+04 7.1622721816e-01 6.2000000000e-01 
6.9224299858e-10 1.2246067566e+04 1.0768474958e-01 6.2000000000e-01 
2.7637057471e-11 1.3833303512e+04 8.4747645921e-01 6.2000000000e-01 
2.3500000000e-07 1.1418599398e+04 3.3467068525e-01 6.2000000000e-01 
1.6467718366e-09 1.1502368495e+04 5.2788007712e-01 6.2000000000e-01 
2.4401614793e-11 1.3392312499e+04 5.3835218959e-01 6.2000000000e-01 
2.2509520013e-07 1.2669563070e+04 3.9050341837e-01 6.2000000000e-01 
8.9198416935e-10 1.1335249263e+04 9.0913265129e-01 6.2000000000e-01 
1.5833094450e-09 1.2055770936e+04 8.8621255466e-01 6.2000000000e-01 
2.3499999999e-07 1.2783777469e+04 1.4019058109e+00 6.2000000000e-01 
3.5672835643e-10 1.1708043764e+04 6.0843721142e-01 6.2000000000e-01 
5.2897479228e-10 2.0000000000e+04 3.1452386474e-01 6.2000000000e-01 
5.1503520683e-09 1.3643506802e+04 1.2931041946e+00 6.2000000000e-01 
3.8174913497e-11 1.5397340203e+04 8.7875670960e-01 6.2000000000e-01 
2.3499999999e-07 1.2541761299e+04 9.9833631176e-01 6.2000000000e-01 
7.1998897264e-12 1.1485407090e+04 3.7846254230e-01 6.2000000000e-01 
2.2610714388e-08 1.1622408416e+04 1.0060453053e+00 6.2000000000e-01 
1.6296703441e-09 1.1341722158e+04 9.5468015936e-01 6.2000000000e-01 
3.3612381632e-09 1.1337739577e+04 8.0886864316e-01 6.2000000000e-01 
7.6201336015e-08 1.8895569616e+04 5.8471148217e-01 6.2000000000e-01 
8.8119385040e-10 1.4945613852e+04 1.3625720188e+00 6.2000000000e-01 
1.2956593282e-08 1.2891513361e+04 8.9766551393e-01 6.2000000000e-01 
6.2090000885e-08 1.3542539369e+04 4.1138818620e-01 6.2000000000e-01 
4.5454490309e-12 1.1765994851e+04 9.3589629641e-01 6.2000000000e-01 
1.3707213465e-10 1.3171816417e+04 5.6929137810e-01 6.2000000000e-01 
1.0281929594e-08 1.2473070393e+04 6.9044782716e-01 6.2000000000e-01 
8.9361734414e-08 1.7027626811e+04 1.1220231527e+00 6.2000000000e-01 
3.5343278839e-11 1.2340407033e+04 1.1285513666e+00 6.2000000000e-01 
9.1048878343e-11 1.4580323592e+04 1.1090093501e+00 6.2000000000e-01 
3.6142248148e-10 2.0000000000e+04 2.8991019193e-01 6.2000000000e-01 
3.5855772268e-10 1.2741836336e+04 1.3029456960e+00 6.2000000000e-01 
3.7198437075e-10 1.1265063525e+04 8.8161893905e-01 6.2000000000e-01 
5.3304646118e-09 1.3852790060e+04 2.7567432889e-02 6.2000000000e-01 
1.1675142724e-07 1.4737813073e+04 4.0535745508e-01 6.2000000000e-01 
2.6315098780e-08 1.5766617972e+04 5.2482417670e-01 6.2000000000e-01 
8.2881899085e-08 1.1725983650e+04 5.4394708663e-01 6.2000000000e-01 
3.3097169879e-08 1.2776724168e+04 8.8654419656e-01 6.2000000000e-01 
2.0568169739e-09 1.2331430444e+04 5.0000379134e-01 6.2000000000e-01 
2.3500000000e-07 1.6435854179e+04 3.6546593671e-01 6.2000000000e-01 
2.4510200020e-10 1.3862184658e+04 2.4332347793e-01 6.2000000000e-01 
1.5198235709e-08 1.1599697645e+04 7.2030804826e-01 6.2000000000e-01 
9.2026150972e-10 1.4615075169e+04 5.1145371047e-01 6.2000000000e-01 
1.4708658022e-10 1.2060583857e+04 1.3934071919e+00 6.2000000000e-01 
2.1414327000e-09 1.2727280868e+04 6.1539518542e-01 6.2000000000e-01 
2.2068487101e-08 1.4394556568e+04 9.5405860421e-01 6.2000000000e-01 
2.9646312442e-09 1.3268006760e+04 6.4608326166e-01 6.2000000000e-01 
1.8134271222e-08 1.2198149926e+04 7.7071882210e-01 6.2000000000e-01 
2.3499999999e-07 1.9503906930e+04 6.0426106735e-01 6.2000000000e-01 
9.5110315760e-09 1.2181958780e+04 1.2851802469e+00 6.2000000000e-01 
3.7736695302e-10 1.6055591910e+04 1.1246376881e+00 6.2000000000e-01 
2.3500000000e-07 1.4376515578e+04 6.8133770644e-01 6.2000000000e-01 
2.6325537672e-11 1.2233484896e+04 5.4077657850e-01 6.2000000000e-01 
