Mass [kg]        Velocity [m s-1]    Theta [rad]    CO2 [frac]    
8.4153289707e-09 1.1707713764e+04 4.7737889484e-01 4.7000000000e-01 
8.6856112559e-12 1.2173695106e+04 6.7133382863e-01 4.7000000000e-01 
6.7118627634e-09 1.8964522294e+04 5.6132104555e-01 4.7000000000e-01 
1.2419201551e-09 1.2350484317e+04 5.4135042852e-02 4.7000000000e-01 
4.3722970941e-09 1.1630675797e+04 8.3741705962e-01 4.7000000000e-01 
7.1164844547e-12 1.3851837467e+04 5.9078123734e-01 4.7000000000e-01 
2.0429289783e-09 1.1228482735e+04 6.2343049874e-01 4.7000000000e-01 
6.3947035193e-11 1.4151872788e+04 7.0662407262e-01 4.7000000000e-01 
9.1357195279e-11 1.2742739188e+04 3.8001928248e-01 4.7000000000e-01 
1.0711476159e-07 1.3301717323e+04 9.6314630659e-01 4.7000000000e-01 
1.7984643621e-10 1.1423528908e+04 3.9945605347e-01 4.7000000000e-01 
7.0538827074e-09 1.4347108112e+04 3.7893905500e-01 4.7000000000e-01 
7.6418991363e-10 1.7790815851e+04 7.2815318330e-01 4.7000000000e-01 
7.7340063404e-08 1.1429022904e+04 1.1974424896e+00 4.7000000000e-01 
4.9037210224e-08 1.7230792601e+04 1.3316486966e+00 4.7000000000e-01 
1.2700143899e-11 1.4579725094e+04 9.3602859107e-01 4.7000000000e-01 
2.1120804258e-09 1.1266014520e+04 6.6255478565e-01 4.7000000000e-01 
4.6753446136e-10 1.1797576380e+04 7.4543371828e-01 4.7000000000e-01 
6.1321021000e-10 1.3809014086e+04 2.5094566482e-01 4.7000000000e-01 
5.1903757360e-10 1.4901879588e+04 9.8095994350e-02 4.7000000000e-01 
8.8820017976e-08 1.1468269736e+04 3.1299407490e-01 4.7000000000e-01 
2.3500000000e-07 1.3608454105e+04 9.2594020785e-01 4.7000000000e-01 
2.3499999999e-07 1.2982438553e+04 8.5377003214e-01 4.7000000000e-01 
2.3499999999e-07 1.2540912141e+04 1.0289676728e+00 4.7000000000e-01 
1.6778048129e-08 1.2677254337e+04 1.0130044913e+00 4.7000000000e-01 
1.0045620681e-08 1.1247007535e+04 1.1954511015e+00 4.7000000000e-01 
2.5947621143e-08 1.4791524648e+04 2.3191158205e-01 4.7000000000e-01 
2.3500000000e-07 1.5062405601e+04 8.5468612180e-01 4.7000000000e-01 
1.5819799373e-08 1.9649928530e+04 1.0126168868e+00 4.7000000000e-01 
1.7036246461e-09 1.2056052718e+04 1.2466687606e+00 4.7000000000e-01 
2.3499999999e-07 1.1244154190e+04 6.6572093508e-01 4.7000000000e-01 
8.7225356309e-09 1.5107885465e+04 8.6754209655e-01 4.7000000000e-01 
7.0774227589e-09 2.0000000000e+04 9.8058458725e-01 4.7000000000e-01 
6.0325765937e-09 1.1852053960e+04 1.2266671709e+00 4.7000000000e-01 
5.8801914847e-12 1.4999198877e+04 9.5348388509e-01 4.7000000000e-01 
2.1742146756e-11 1.4653289692e+04 7.1893812339e-01 4.7000000000e-01 
2.3499999999e-07 1.1532250443e+04 3.8311170232e-01 4.7000000000e-01 
2.3499999999e-07 1.9871564042e+04 4.3561082027e-01 4.7000000000e-01 
9.1274725466e-09 1.8663913536e+04 8.1730298771e-01 4.7000000000e-01 
1.9099385251e-07 1.1416438640e+04 3.3284935081e-01 4.7000000000e-01 
1.9975801052e-08 1.1752008981e+04 5.9143561868e-01 4.7000000000e-01 
2.5097278813e-11 1.1862157075e+04 4.8647738322e-01 4.7000000000e-01 
6.5288622089e-10 1.4596297529e+04 1.2098448101e+00 4.7000000000e-01 
1.9603369122e-07 1.5977442028e+04 1.2717161480e+00 4.7000000000e-01 
2.3500000000e-07 1.1453446768e+04 1.1119601159e+00 4.7000000000e-01 
1.4966346295e-09 2.0000000000e+04 2.6550297398e-01 4.7000000000e-01 
2.5271894186e-11 1.2096166473e+04 1.1959698985e+00 4.7000000000e-01 
8.3767102309e-11 1.2004201858e+04 9.4990252566e-01 4.7000000000e-01 
1.0178052658e-09 1.1439825382e+04 3.3912534391e-01 4.7000000000e-01 
1.0820045301e-08 1.1472985026e+04 8.1513881259e-01 4.7000000000e-01 
1.4195833079e-07 1.1439914933e+04 1.0056719284e+00 4.7000000000e-01 
6.7335211572e-09 1.4850650405e+04 6.7261919128e-01 4.7000000000e-01 
3.0851515292e-11 1.4240407623e+04 4.0792392399e-01 4.7000000000e-01 
1.3717372965e-08 1.2346732875e+04 1.0021425192e+00 4.7000000000e-01 
8.7756856891e-09 1.2935108119e+04 7.3754759304e-01 4.7000000000e-01 
1.2092437885e-07 1.6006412015e+04 9.1470819425e-01 4.7000000000e-01 
2.1188608292e-08 1.2641878530e+04 1.2684696141e+00 4.7000000000e-01 
4.0961098917e-10 1.4018872043e+04 7.0753996396e-01 4.7000000000e-01 
2.0723296768e-07 1.5352493181e+04 6.0781410882e-01 4.7000000000e-01 
2.3499999999e-07 1.2092060971e+04 8.6241450744e-01 4.7000000000e-01 
4.5992007846e-09 1.1358617681e+04 5.4842786404e-01 4.7000000000e-01 
1.0556318224e-09 1.1868686867e+04 8.0832951551e-01 4.7000000000e-01 
7.2319585333e-10 1.3805515024e+04 3.4817862520e-02 4.7000000000e-01 
4.2775183434e-08 1.2759802874e+04 3.5345549850e-01 4.7000000000e-01 
1.0904454588e-10 1.5247946693e+04 2.6903423461e-01 4.7000000000e-01 
2.5591268682e-08 1.6676843925e+04 5.1640945500e-01 4.7000000000e-01 
7.6870952584e-12 1.1903563195e+04 1.3530680052e+00 4.7000000000e-01 
2.3499999999e-07 1.2825402240e+04 1.1293273558e+00 4.7000000000e-01 
1.5386463306e-08 1.6763650612e+04 1.1060966368e+00 4.7000000000e-01 
1.1869002788e-08 1.1712774913e+04 8.1287353331e-01 4.7000000000e-01 
1.6726922359e-09 1.1215542763e+04 8.3547586246e-01 4.7000000000e-01 
4.3291640642e-09 1.3991664871e+04 8.8801315490e-01 4.7000000000e-01 
5.6851590470e-08 1.1631688863e+04 2.1772617887e-01 4.7000000000e-01 
1.8557444314e-09 2.0000000000e+04 1.0123309347e+00 4.7000000000e-01 
3.1181222564e-10 1.2941434852e+04 6.0849477275e-01 4.7000000000e-01 
2.3500000000e-07 1.3622194308e+04 5.8836146178e-01 4.7000000000e-01 
1.9670811022e-09 2.0000000000e+04 1.1806398646e+00 4.7000000000e-01 
1.0155532692e-08 1.2606545155e+04 3.9858019843e-01 4.7000000000e-01 
4.8491896402e-10 1.1282643870e+04 6.9969000848e-01 4.7000000000e-01 
2.3500000000e-07 1.3606501281e+04 1.5201679028e+00 4.7000000000e-01 
2.2013915189e-08 1.1566541181e+04 3.3053720498e-01 4.7000000000e-01 
3.0788469491e-09 2.0000000000e+04 3.2662086092e-01 4.7000000000e-01 
2.3500000000e-07 1.1992211022e+04 1.0656833792e+00 4.7000000000e-01 
2.3955155218e-11 1.2987756180e+04 9.1099040769e-01 4.7000000000e-01 
1.2047158225e-09 1.1304513398e+04 7.7044595734e-01 4.7000000000e-01 
3.5185305005e-09 1.9682486444e+04 5.2048486486e-01 4.7000000000e-01 
2.2365811677e-09 1.4195385778e+04 1.0968777490e+00 4.7000000000e-01 
1.4097640549e-08 1.1462029244e+04 4.3309205329e-01 4.7000000000e-01 
1.8953328644e-12 1.4204995638e+04 9.8230383614e-01 4.7000000000e-01 
3.3675006748e-08 1.1639627547e+04 5.0055433880e-01 4.7000000000e-01 
1.1001559175e-09 2.0000000000e+04 2.7074336054e-01 4.7000000000e-01 
2.5056640356e-08 1.4148197938e+04 9.4323085662e-01 4.7000000000e-01 
5.7201559050e-11 1.1479439950e+04 4.4724993233e-01 4.7000000000e-01 
2.3500000000e-07 1.4713343358e+04 3.3379773664e-01 4.7000000000e-01 
1.2336044376e-07 2.0000000000e+04 2.2483082363e-01 4.7000000000e-01 
5.2202152997e-12 2.0000000000e+04 7.8252194570e-01 4.7000000000e-01 
5.3616851292e-12 1.1817249017e+04 6.7450520767e-01 4.7000000000e-01 
8.4427744690e-10 1.4672448301e+04 9.8251136154e-01 4.7000000000e-01 
4.8837592379e-10 1.8826659256e+04 8.4518145369e-01 4.7000000000e-01 
2.7327432501e-12 1.2519768388e+04 1.3548513722e+00 4.7000000000e-01 
1.0488989845e-08 1.2630693897e+04 4.3342021249e-01 4.7000000000e-01 
1.2757350736e-09 1.4473264698e+04 1.6321931276e-01 4.7000000000e-01 
1.2574349460e-09 1.2352998320e+04 1.3862670649e+00 4.7000000000e-01 
3.3688504807e-08 1.4631241192e+04 6.2838409793e-01 4.7000000000e-01 
2.3499999999e-07 1.4825224460e+04 5.9147784022e-01 4.7000000000e-01 
3.5664198971e-08 1.1864512139e+04 7.2327120774e-02 4.7000000000e-01 
1.0788066574e-08 2.0000000000e+04 5.3106817413e-01 4.7000000000e-01 
1.7456958336e-11 1.1764099532e+04 1.0584151562e+00 4.7000000000e-01 
1.5072952564e-07 1.2978885045e+04 7.2525514723e-01 4.7000000000e-01 
2.6506118875e-11 1.2337590283e+04 7.7421165520e-01 4.7000000000e-01 
6.9979013777e-10 1.5175557488e+04 1.0455433758e+00 4.7000000000e-01 
1.4713292564e-07 1.4040946398e+04 5.2990489560e-01 4.7000000000e-01 
2.6830083829e-09 1.7637430736e+04 1.1919126683e+00 4.7000000000e-01 
1.5650627073e-08 1.2082756266e+04 4.2930422280e-01 4.7000000000e-01 
1.3777402061e-09 1.1353411900e+04 1.1483406489e+00 4.7000000000e-01 
4.6542602936e-10 1.3802856187e+04 2.5269306182e-01 4.7000000000e-01 
1.8420048771e-08 1.4579707931e+04 1.0042053005e+00 4.7000000000e-01 
4.2036486692e-09 1.4053166584e+04 1.4160182432e+00 4.7000000000e-01 
2.3500000000e-07 1.5477717755e+04 7.0157487903e-01 4.7000000000e-01 
2.3499999999e-07 1.1313248094e+04 6.4102489463e-01 4.7000000000e-01 
2.3500000000e-07 1.2955147260e+04 1.2043688419e+00 4.7000000000e-01 
1.0666435463e-09 1.6739914309e+04 1.1141609312e+00 4.7000000000e-01 
8.7656348268e-13 1.5802825109e+04 5.3268048066e-01 4.7000000000e-01 
2.2214085318e-08 1.2206167743e+04 9.0611896753e-01 4.7000000000e-01 
5.9940599950e-11 1.5769605500e+04 6.6025084502e-01 4.7000000000e-01 
8.0099045272e-11 1.5454989311e+04 8.6190928707e-01 4.7000000000e-01 
3.3938384882e-09 1.9723876986e+04 6.4772642363e-01 4.7000000000e-01 
2.1198137950e-10 1.2444699979e+04 5.6939660263e-01 4.7000000000e-01 
2.6576194242e-08 1.2337809603e+04 9.7760779803e-01 4.7000000000e-01 
4.2406230330e-09 1.2765088021e+04 9.5925834862e-01 4.7000000000e-01 
1.4694856948e-08 1.1205696526e+04 1.0377504850e+00 4.7000000000e-01 
1.9675860110e-07 1.9047326143e+04 8.7106310461e-01 4.7000000000e-01 
4.6845460943e-08 1.4262435704e+04 1.2157498586e+00 4.7000000000e-01 
8.5669424203e-09 2.0000000000e+04 5.8036526009e-01 4.7000000000e-01 
2.4365737181e-09 1.6853110732e+04 3.1248965450e-01 4.7000000000e-01 
5.8943319378e-08 1.4413659495e+04 1.1052550626e+00 4.7000000000e-01 
6.9256738171e-08 1.2149798799e+04 1.4181327419e+00 4.7000000000e-01 
9.9738848305e-10 1.2092528033e+04 1.0244263779e+00 4.7000000000e-01 
4.8084920253e-09 1.6410435538e+04 1.7572111377e-01 4.7000000000e-01 
7.9132263912e-08 1.2448911890e+04 6.9246357684e-01 4.7000000000e-01 
5.3064945718e-10 1.5225534530e+04 7.4936754833e-01 4.7000000000e-01 
1.1257874107e-07 1.4126237259e+04 9.2533914430e-01 4.7000000000e-01 
5.6966697586e-08 1.1545496382e+04 1.0676903900e+00 4.7000000000e-01 
2.1800219421e-07 1.6106275814e+04 1.0136288472e+00 4.7000000000e-01 
1.6838899624e-09 1.1972893198e+04 1.2520460425e+00 4.7000000000e-01 
2.5085438882e-10 1.2373693410e+04 8.6715263793e-01 4.7000000000e-01 
1.4430564154e-09 1.1464884503e+04 4.1696121501e-01 4.7000000000e-01 
1.2079616517e-08 1.3996052889e+04 5.2542377820e-01 4.7000000000e-01 
1.8075684525e-11 1.3122710624e+04 1.1597120911e+00 4.7000000000e-01 
1.1277957302e-10 1.4904121460e+04 1.1985432507e+00 4.7000000000e-01 
3.0137184214e-09 1.6290373746e+04 4.9191977646e-01 4.7000000000e-01 
3.1931997237e-11 1.6005980258e+04 3.7847689742e-01 4.7000000000e-01 
5.4626587031e-10 1.7846610178e+04 9.4206973907e-01 4.7000000000e-01 
1.4622416268e-08 1.2928427451e+04 9.6434254538e-01 4.7000000000e-01 
4.5310131242e-10 1.4048203407e+04 7.6531222405e-01 4.7000000000e-01 
2.8202366617e-10 1.6507536666e+04 6.6047882741e-01 4.7000000000e-01 
4.2121907359e-08 1.1747699128e+04 1.2737037622e+00 4.7000000000e-01 
1.4387733302e-10 1.5698780503e+04 2.0750560735e-01 4.7000000000e-01 
3.0614765496e-09 1.2616578143e+04 1.0001280234e+00 4.7000000000e-01 
7.9660596628e-10 1.3199075340e+04 7.8513617577e-01 4.7000000000e-01 
2.3500000000e-07 1.2297502343e+04 1.3877112564e+00 4.7000000000e-01 
8.7984530920e-08 1.1257861671e+04 1.0205359912e-01 4.7000000000e-01 
4.4483732935e-08 2.0000000000e+04 5.4584583160e-01 4.7000000000e-01 
1.7546078661e-08 1.3183593837e+04 1.1016996279e+00 4.7000000000e-01 
1.2996200592e-11 1.1443972900e+04 1.5960315337e-01 4.7000000000e-01 
1.8428350661e-07 2.0000000000e+04 9.7027767861e-01 4.7000000000e-01 
1.1037991038e-07 1.2196979057e+04 2.0989062715e-01 4.7000000000e-01 
9.6129349600e-11 1.2263184680e+04 8.5023315308e-01 4.7000000000e-01 
2.3500000000e-07 1.1893796914e+04 1.9755238695e-01 4.7000000000e-01 
1.8082191839e-08 1.4357020418e+04 1.2183820976e+00 4.7000000000e-01 
6.5766492964e-10 1.1695206286e+04 5.4484732262e-01 4.7000000000e-01 
1.9434716883e-10 1.4815658716e+04 4.0956895413e-01 4.7000000000e-01 
2.9598383372e-09 1.7038922704e+04 7.9883048609e-01 4.7000000000e-01 
9.4468434827e-10 2.0000000000e+04 4.6225609569e-01 4.7000000000e-01 
6.2099528161e-08 1.1725667315e+04 9.9304883562e-01 4.7000000000e-01 
6.9031046618e-11 1.2950927175e+04 9.5916626253e-01 4.7000000000e-01 
2.3500000000e-07 2.0000000000e+04 1.4211207574e-01 4.7000000000e-01 
1.7985067437e-10 1.1310772451e+04 6.1767352863e-01 4.7000000000e-01 
4.2996482977e-08 1.1736874789e+04 6.5180415768e-01 4.7000000000e-01 
3.4781752553e-08 1.3585262368e+04 5.2657813408e-01 4.7000000000e-01 
2.3500000000e-07 1.3840452676e+04 7.9389341633e-01 4.7000000000e-01 
8.5669528573e-09 1.2452006032e+04 8.3310122115e-01 4.7000000000e-01 
1.0021011340e-09 1.3386282006e+04 1.1080256063e+00 4.7000000000e-01 
1.1551690250e-11 2.0000000000e+04 7.3223772729e-01 4.7000000000e-01 
1.6999559244e-10 1.3727330292e+04 4.0723183400e-02 4.7000000000e-01 
9.7062671566e-09 1.2227708526e+04 1.1329333423e+00 4.7000000000e-01 
5.4355146806e-09 1.2549165191e+04 6.0596062657e-01 4.7000000000e-01 
2.3500000000e-07 1.2210326224e+04 3.8603290689e-01 4.7000000000e-01 
1.1661180470e-08 1.1627647519e+04 9.9945606115e-01 4.7000000000e-01 
2.3499999999e-07 1.3124094601e+04 7.1179780100e-01 4.7000000000e-01 
2.3500000000e-07 1.4505544611e+04 1.0029076989e-01 4.7000000000e-01 
7.4798243095e-09 1.2657431660e+04 8.1854755208e-01 4.7000000000e-01 
2.3500000000e-07 1.2793116196e+04 4.9003795634e-01 4.7000000000e-01 
2.3500000000e-07 1.1824993460e+04 5.3954513675e-01 4.7000000000e-01 
1.5534273961e-08 1.7495692286e+04 7.2733804180e-01 4.7000000000e-01 
2.2029364738e-10 1.8949641429e+04 8.6774375152e-01 4.7000000000e-01 
1.2108337759e-08 1.2738479329e+04 1.2856665086e+00 4.7000000000e-01 
7.5152833685e-11 1.8819482657e+04 8.9195172973e-01 4.7000000000e-01 
2.3500000000e-07 1.3351991604e+04 5.6305860702e-01 4.7000000000e-01 
2.3499999999e-07 1.1248160026e+04 7.7050143620e-01 4.7000000000e-01 
