Mass [kg]        Velocity [m s-1]    Theta [rad]    CO2 [frac]    
8.9005139461e-11 1.5268773541e+04 7.6727260945e-01 3.2000000000e-01 
5.6967816125e-10 2.0000000000e+04 6.9605481579e-02 3.2000000000e-01 
1.2367620126e-08 1.4424518049e+04 1.4761054688e+00 3.2000000000e-01 
6.0198768539e-08 1.1220142021e+04 1.0850747263e+00 3.2000000000e-01 
4.4640058331e-08 1.5780608419e+04 9.2601297711e-01 3.2000000000e-01 
5.2636388992e-09 1.3706265408e+04 1.0002155144e+00 3.2000000000e-01 
4.5452962632e-08 1.3162250442e+04 5.4685992859e-01 3.2000000000e-01 
1.1750694325e-09 1.2423079332e+04 1.0081347658e+00 3.2000000000e-01 
2.3499999999e-07 2.0000000000e+04 1.0486266325e+00 3.2000000000e-01 
1.4733828834e-08 1.3037231673e+04 5.0960438612e-01 3.2000000000e-01 
8.1420917013e-10 1.7357786759e+04 6.9555212428e-01 3.2000000000e-01 
4.0320606461e-09 1.2097582504e+04 9.2616888967e-01 3.2000000000e-01 
3.5798596056e-08 1.8655877894e+04 7.1843889191e-01 3.2000000000e-01 
1.9947632968e-10 1.8190949447e+04 1.3279673572e+00 3.2000000000e-01 
3.5529458471e-11 1.7239596730e+04 8.9361909573e-01 3.2000000000e-01 
3.9495728733e-11 1.1460429983e+04 9.1994844008e-01 3.2000000000e-01 
3.8999452550e-12 1.2658388845e+04 1.8903635918e-01 3.2000000000e-01 
1.6675936822e-10 1.3679344293e+04 7.5704418649e-01 3.2000000000e-01 
1.2135804049e-08 1.2664172088e+04 1.2889449014e+00 3.2000000000e-01 
1.1749567182e-10 1.4535349124e+04 8.1352403726e-01 3.2000000000e-01 
8.6937998175e-11 1.7838511327e+04 1.4299915492e+00 3.2000000000e-01 
5.9833151734e-10 1.5036106333e+04 7.9600286910e-01 3.2000000000e-01 
9.4289460417e-10 1.1495816432e+04 5.5903866580e-01 3.2000000000e-01 
2.3500000000e-07 1.3125638794e+04 7.4502017123e-01 3.2000000000e-01 
3.3329830564e-10 1.2515764054e+04 5.5632413221e-01 3.2000000000e-01 
3.5707271474e-10 1.1391845153e+04 1.1271035994e+00 3.2000000000e-01 
2.3499999999e-07 1.5769185278e+04 1.3230470470e+00 3.2000000000e-01 
2.5723685172e-10 2.0000000000e+04 1.0876536379e+00 3.2000000000e-01 
3.4697114746e-08 1.3225586134e+04 1.2100971501e+00 3.2000000000e-01 
2.5762191288e-10 1.2390372938e+04 3.0227447732e-01 3.2000000000e-01 
2.0067009591e-08 1.2925700615e+04 6.1473421236e-01 3.2000000000e-01 
1.0223295773e-09 1.2323536580e+04 3.5197251752e-01 3.2000000000e-01 
2.9819683739e-10 1.2537389275e+04 4.0122714886e-01 3.2000000000e-01 
4.6259943201e-09 1.7989399775e+04 2.9420821717e-01 3.2000000000e-01 
4.3692241049e-09 1.8447484784e+04 1.6364193879e-01 3.2000000000e-01 
2.3499999999e-07 1.2195962379e+04 1.6174025647e-01 3.2000000000e-01 
6.7803367229e-09 1.2977473734e+04 3.3562253769e-01 3.2000000000e-01 
1.7144162599e-09 1.3403163377e+04 3.1479739024e-01 3.2000000000e-01 
1.7196683606e-08 1.2150492739e+04 9.2403928810e-01 3.2000000000e-01 
2.5827384351e-10 1.3815778570e+04 4.5147693010e-01 3.2000000000e-01 
1.5986748437e-11 1.1970360161e+04 9.2053315586e-01 3.2000000000e-01 
2.5061186138e-09 1.3363739905e+04 3.1132476823e-01 3.2000000000e-01 
2.3499999999e-07 2.0000000000e+04 6.1877497344e-01 3.2000000000e-01 
4.8150955975e-11 1.5570409483e+04 3.2423231493e-01 3.2000000000e-01 
1.9074528690e-08 1.2040948304e+04 8.0130954999e-01 3.2000000000e-01 
5.9944429824e-09 1.2327808397e+04 2.4222938694e-01 3.2000000000e-01 
3.4330603473e-10 1.7501669635e+04 1.1450887485e+00 3.2000000000e-01 
2.3499999999e-07 1.1688393134e+04 5.1547107790e-01 3.2000000000e-01 
2.3318709333e-09 1.1670242819e+04 5.4541017572e-02 3.2000000000e-01 
6.2458081270e-08 1.9010638648e+04 2.4520711653e-01 3.2000000000e-01 
2.3500000000e-07 1.7151989341e+04 4.1066523129e-01 3.2000000000e-01 
2.3499999999e-07 1.1207188248e+04 1.3337020294e+00 3.2000000000e-01 
2.3499999999e-07 1.3057106908e+04 4.5734723682e-01 3.2000000000e-01 
2.4889733232e-09 1.2709746454e+04 5.3165332978e-01 3.2000000000e-01 
1.8524009132e-09 1.1899818944e+04 9.9040626159e-01 3.2000000000e-01 
1.4310953431e-09 1.5459259761e+04 1.2523497786e+00 3.2000000000e-01 
2.1076495205e-08 1.2229218466e+04 1.4975241325e+00 3.2000000000e-01 
9.2997903033e-09 1.1444123995e+04 9.6353628760e-01 3.2000000000e-01 
5.9160120566e-11 1.2212691162e+04 4.4341872299e-01 3.2000000000e-01 
6.0536922298e-11 1.2077417724e+04 7.2677606984e-01 3.2000000000e-01 
1.3158910562e-09 1.2091899705e+04 1.2157832373e+00 3.2000000000e-01 
4.2676885716e-08 1.1856391376e+04 7.1872705807e-01 3.2000000000e-01 
2.1737124133e-09 1.9308004794e+04 1.1472674129e+00 3.2000000000e-01 
1.2593809424e-08 2.0000000000e+04 3.5843387986e-01 3.2000000000e-01 
9.9897227009e-09 1.5295155075e+04 1.0127295701e+00 3.2000000000e-01 
2.3499999999e-07 1.1808270153e+04 5.0357604200e-01 3.2000000000e-01 
2.1250060897e-09 1.5261486237e+04 9.0664713542e-01 3.2000000000e-01 
7.6090874298e-11 1.1808963931e+04 1.3793641545e+00 3.2000000000e-01 
7.3094176883e-10 1.1980654515e+04 5.4462742511e-01 3.2000000000e-01 
2.3499999999e-07 1.5238719049e+04 8.2242155122e-01 3.2000000000e-01 
2.9341581599e-09 1.3064563055e+04 8.3367967360e-01 3.2000000000e-01 
2.0207865702e-10 1.3614940038e+04 8.8575781893e-01 3.2000000000e-01 
6.5953469297e-10 1.2197410889e+04 9.3989877903e-01 3.2000000000e-01 
1.3029113931e-12 1.3198349530e+04 6.8209693672e-01 3.2000000000e-01 
5.9849300767e-10 1.2221239648e+04 8.4863406456e-01 3.2000000000e-01 
2.4662664603e-09 1.3622973884e+04 1.2384390946e+00 3.2000000000e-01 
3.4585933851e-11 1.1271815949e+04 5.3740661741e-01 3.2000000000e-01 
1.0374899059e-07 1.2836733083e+04 4.9861572622e-01 3.2000000000e-01 
2.6747952062e-10 1.4979237720e+04 1.0841603278e+00 3.2000000000e-01 
5.2269464169e-10 1.3464131017e+04 7.8332182006e-01 3.2000000000e-01 
7.1176502158e-10 1.1213361455e+04 7.6702973107e-01 3.2000000000e-01 
7.9883848172e-12 1.4832029074e+04 2.0742793503e-01 3.2000000000e-01 
1.5026693615e-08 1.1437889780e+04 7.1151437895e-01 3.2000000000e-01 
1.3530014643e-07 1.1556715862e+04 1.4868623974e+00 3.2000000000e-01 
2.3499999999e-07 1.2343910492e+04 7.5874600245e-01 3.2000000000e-01 
1.1344185477e-09 1.3073111690e+04 5.9548355957e-01 3.2000000000e-01 
3.6097939266e-11 1.5535111647e+04 4.9742826856e-01 3.2000000000e-01 
2.3500000000e-07 1.2884849472e+04 8.6959395736e-01 3.2000000000e-01 
1.1426921343e-10 1.1755271569e+04 8.6975401613e-01 3.2000000000e-01 
5.3387703199e-09 1.5390933272e+04 9.7346429808e-01 3.2000000000e-01 
1.4994903357e-11 1.1362034438e+04 5.4651196152e-01 3.2000000000e-01 
2.3500000000e-07 1.3261447553e+04 3.5254429158e-01 3.2000000000e-01 
1.9212340478e-09 1.2118268398e+04 7.8025396359e-01 3.2000000000e-01 
2.9365653524e-09 1.4302735205e+04 1.1045585963e+00 3.2000000000e-01 
7.1361812881e-10 1.7842494478e+04 7.4032175599e-01 3.2000000000e-01 
7.6253807779e-10 1.9091197998e+04 1.1066942403e+00 3.2000000000e-01 
2.3499999999e-07 1.2873648090e+04 2.6175635842e-01 3.2000000000e-01 
3.8660228263e-10 1.7193170594e+04 1.9975927233e-01 3.2000000000e-01 
4.3344894509e-08 1.2343616421e+04 6.3970920528e-01 3.2000000000e-01 
8.0362502156e-10 1.4627678125e+04 7.9154205166e-01 3.2000000000e-01 
2.8844004968e-09 1.5561642842e+04 7.5829487163e-01 3.2000000000e-01 
3.2770222881e-08 2.0000000000e+04 2.7474248041e-02 3.2000000000e-01 
2.3499999999e-07 1.2407395801e+04 1.1575029354e+00 3.2000000000e-01 
1.5645492366e-11 1.7882803124e+04 5.7566750629e-01 3.2000000000e-01 
2.3351031497e-09 2.0000000000e+04 1.1287236489e+00 3.2000000000e-01 
2.3499999999e-07 1.2069098942e+04 1.1132855310e+00 3.2000000000e-01 
3.9257266146e-08 1.4756107982e+04 5.9560038250e-01 3.2000000000e-01 
2.3500000000e-07 1.1737460054e+04 2.2889195603e-01 3.2000000000e-01 
1.7716990844e-11 2.0000000000e+04 8.5506846077e-01 3.2000000000e-01 
2.2583157645e-09 1.1431605864e+04 5.2940862112e-01 3.2000000000e-01 
2.0144272036e-07 1.2357235962e+04 8.3926247401e-01 3.2000000000e-01 
1.5940842573e-08 1.2676722877e+04 9.5218942683e-01 3.2000000000e-01 
4.0134712881e-10 2.0000000000e+04 5.8773771659e-01 3.2000000000e-01 
9.1744055350e-08 1.3238047960e+04 5.7315038355e-01 3.2000000000e-01 
1.0051726320e-11 1.1453125959e+04 5.1293835665e-01 3.2000000000e-01 
2.3500000000e-07 1.3071078008e+04 4.8015482727e-01 3.2000000000e-01 
1.9286898270e-09 1.1404104564e+04 9.6402214573e-01 3.2000000000e-01 
1.4575436007e-09 1.8232590859e+04 7.7348947171e-01 3.2000000000e-01 
2.3499999999e-07 1.2245234101e+04 1.1028840186e+00 3.2000000000e-01 
1.1276183496e-08 1.2271622321e+04 5.6003789411e-01 3.2000000000e-01 
4.4012077827e-10 1.7768756846e+04 1.4071977777e+00 3.2000000000e-01 
1.7055082372e-07 1.2554513151e+04 2.9870714834e-01 3.2000000000e-01 
2.3499999999e-07 1.2987659429e+04 5.0245041150e-01 3.2000000000e-01 
2.6689136542e-09 1.5396891219e+04 1.9575166091e-01 3.2000000000e-01 
2.2238198840e-07 1.4300228814e+04 1.0125408111e+00 3.2000000000e-01 
1.0355772297e-07 1.7751988757e+04 5.2367215158e-01 3.2000000000e-01 
2.5923126424e-08 1.1942942488e+04 1.4622004770e+00 3.2000000000e-01 
2.3499999999e-07 1.1585030232e+04 8.2190032136e-01 3.2000000000e-01 
2.3499999999e-07 1.3314924389e+04 8.7607162053e-01 3.2000000000e-01 
2.6732145385e-09 1.4336787033e+04 6.5725185515e-01 3.2000000000e-01 
1.0662600533e-10 1.1787530501e+04 1.5103992945e+00 3.2000000000e-01 
9.5403858812e-11 1.5045764547e+04 1.0158276554e+00 3.2000000000e-01 
1.2501441030e-07 1.4631690115e+04 8.1671699075e-01 3.2000000000e-01 
1.0245358133e-10 1.6579642488e+04 1.4921119450e+00 3.2000000000e-01 
1.9989793707e-12 1.1534412795e+04 7.9261296077e-01 3.2000000000e-01 
1.3209631391e-09 1.3197558967e+04 1.1842540894e+00 3.2000000000e-01 
4.2453931360e-10 1.3185841758e+04 1.1200170546e-01 3.2000000000e-01 
1.4441527018e-07 1.1236639694e+04 4.5142099355e-01 3.2000000000e-01 
4.7928814062e-09 1.9873796653e+04 9.5529302531e-01 3.2000000000e-01 
9.2029650686e-08 1.1946048547e+04 2.2936273629e-01 3.2000000000e-01 
3.7437020458e-10 1.5258117926e+04 1.3830452768e+00 3.2000000000e-01 
8.5708347287e-09 1.2789782277e+04 7.9075144919e-01 3.2000000000e-01 
3.6772775583e-09 1.5630666778e+04 9.2846192683e-01 3.2000000000e-01 
2.3499999999e-07 1.1647342669e+04 4.6539472988e-01 3.2000000000e-01 
2.3500000000e-07 1.1512648783e+04 5.3195534573e-01 3.2000000000e-01 
9.4457188745e-11 2.0000000000e+04 1.2550000802e+00 3.2000000000e-01 
1.2636661699e-08 1.2169674878e+04 6.7302449665e-01 3.2000000000e-01 
3.9261676048e-11 1.4468552783e+04 1.3915482220e+00 3.2000000000e-01 
2.3343108837e-08 2.0000000000e+04 2.1023050899e-01 3.2000000000e-01 
1.0933844399e-08 1.2914782042e+04 2.7853394478e-01 3.2000000000e-01 
5.4754014407e-09 1.2101610339e+04 6.5070519995e-01 3.2000000000e-01 
2.3500000000e-07 2.0000000000e+04 9.4906624317e-01 3.2000000000e-01 
1.4941549434e-09 1.2349358320e+04 8.6718431728e-01 3.2000000000e-01 
2.1719485561e-10 1.5804287861e+04 1.2831773260e+00 3.2000000000e-01 
8.7383470125e-09 1.5565098717e+04 2.2167039395e-01 3.2000000000e-01 
1.0522770446e-08 1.3254610099e+04 2.3902823626e-01 3.2000000000e-01 
2.3500000000e-07 1.3819213041e+04 9.6197435198e-01 3.2000000000e-01 
6.1220015931e-10 1.8943265407e+04 1.0911941852e+00 3.2000000000e-01 
2.5382465640e-08 1.5455361711e+04 9.8051265869e-01 3.2000000000e-01 
3.0429398698e-10 1.2395825914e+04 9.2328134530e-01 3.2000000000e-01 
1.6435051744e-07 1.2574532339e+04 3.3938129087e-01 3.2000000000e-01 
2.3500000000e-07 1.2917826106e+04 3.4783546702e-01 3.2000000000e-01 
1.6212601614e-11 1.7029285512e+04 1.0749049314e+00 3.2000000000e-01 
1.5465297063e-11 1.1571958874e+04 1.1182678151e+00 3.2000000000e-01 
3.0669175070e-12 1.2665705468e+04 1.1378338293e+00 3.2000000000e-01 
7.0524719974e-09 1.6885291210e+04 5.8671701045e-01 3.2000000000e-01 
2.0554935859e-08 1.1585946803e+04 1.4282584063e+00 3.2000000000e-01 
4.9020601938e-08 1.3416439808e+04 5.2494750906e-01 3.2000000000e-01 
1.1375524746e-07 1.1502730730e+04 9.5746092078e-01 3.2000000000e-01 
6.7623194347e-11 1.1334237797e+04 3.8946439990e-01 3.2000000000e-01 
9.0016330153e-12 1.3102641312e+04 1.2790566665e+00 3.2000000000e-01 
2.3499999999e-07 1.1841159933e+04 9.5997212430e-01 3.2000000000e-01 
3.9662932867e-09 2.0000000000e+04 8.6198833952e-01 3.2000000000e-01 
6.1360012339e-08 1.3280273559e+04 1.1144616660e+00 3.2000000000e-01 
2.1352037207e-09 1.2440217298e+04 7.5081018877e-01 3.2000000000e-01 
3.0203802597e-08 1.1448656310e+04 6.1871997671e-01 3.2000000000e-01 
9.7011841247e-09 1.5945567481e+04 2.1884523598e-01 3.2000000000e-01 
1.4035390657e-09 1.2394055735e+04 7.1461550349e-01 3.2000000000e-01 
3.4194968964e-10 1.4798780966e+04 6.3774343141e-01 3.2000000000e-01 
2.3500000000e-07 1.6436157280e+04 6.6588867095e-01 3.2000000000e-01 
9.3006957539e-12 2.0000000000e+04 1.4104595402e+00 3.2000000000e-01 
1.4420869283e-08 1.1901906357e+04 7.4162706632e-01 3.2000000000e-01 
4.0660048613e-10 1.3578042276e+04 9.1358162133e-01 3.2000000000e-01 
1.4613156746e-08 1.3916694012e+04 1.0872706479e+00 3.2000000000e-01 
3.0005551536e-08 1.4798318315e+04 7.1929345265e-01 3.2000000000e-01 
2.8563573086e-08 1.4092512984e+04 1.0061675501e+00 3.2000000000e-01 
1.0309859571e-08 1.4349992019e+04 7.2731816979e-01 3.2000000000e-01 
1.2547045899e-07 1.3347327260e+04 1.2567414589e-01 3.2000000000e-01 
3.5952501205e-10 1.2719416866e+04 2.9237062951e-01 3.2000000000e-01 
2.4159600715e-08 1.3923930113e+04 9.5209769043e-01 3.2000000000e-01 
9.1776314004e-09 1.3185413400e+04 1.5049945761e+00 3.2000000000e-01 
4.5421986999e-11 1.2580924475e+04 1.1028045750e+00 3.2000000000e-01 
1.7632228470e-09 1.5279530102e+04 1.1097144955e+00 3.2000000000e-01 
2.3500000000e-07 1.2852659813e+04 9.5961046712e-01 3.2000000000e-01 
2.3499999999e-07 1.1709079801e+04 9.1713638263e-01 3.2000000000e-01 
2.3500000000e-07 1.3938918120e+04 1.0619147754e+00 3.2000000000e-01 
2.3499999999e-07 2.0000000000e+04 8.8068122938e-01 3.2000000000e-01 
1.2000036062e-10 2.0000000000e+04 8.5304496567e-01 3.2000000000e-01 
1.1763886268e-10 2.0000000000e+04 3.8737356212e-01 3.2000000000e-01 
2.3499999999e-07 2.0000000000e+04 9.9978018163e-01 3.2000000000e-01 
