Radius [m]       Fe Area [frac]    Max Temp [k]    
4.8092929372e-05 4.0004653104e-01 2.4071043651e+03 
3.9484939401e-05 2.6382728936e-01 2.2308566021e+03 
4.7052795105e-05 4.3300338985e-01 2.4373012741e+03 
8.4589437995e-06 4.7252334076e-01 2.4551982878e+03 
2.2705507084e-05 4.0395054358e-01 2.3693010418e+03 
5.8264408031e-05 4.2655701263e-01 2.4128683008e+03 
9.4321350147e-06 1.0000000000e+00 1.4322535882e+03 
1.7657386939e-05 4.1083183410e-01 2.3275184934e+03 
5.1545417063e-05 2.9083494624e-01 2.3419641421e+03 
3.9083663026e-05 3.7106832010e-01 1.8889906575e+03 
7.3269369349e-05 4.4744781869e-01 2.5601187298e+03 
1.2480477944e-05 3.5510687936e-01 1.9095095659e+03 
1.8565554849e-05 4.6641792354e-01 2.5017994825e+03 
3.9865087508e-05 3.0120039360e-01 2.3292320929e+03 
9.8318973563e-05 4.3538865605e-01 2.5504550246e+03 
9.0535425309e-05 1.0000000000e+00 3.1762468779e+02 
1.8357899340e-04 4.0736486746e-01 2.4756814991e+03 
5.8486858961e-05 4.5237333740e-01 2.5509722721e+03 
1.1950360227e-04 4.1590123013e-01 2.4341187609e+03 
7.6196934593e-05 2.9575180030e-01 2.3610366410e+03 
1.7399964027e-05 8.4635536354e-01 1.6510273041e+03 
7.1175935738e-05 4.3489584707e-01 2.5129893335e+03 
3.2599997868e-05 2.6458654352e-01 2.2340903866e+03 
1.6139597494e-05 4.5757071639e-01 2.3565478588e+03 
1.9144255167e-05 2.9617502853e-01 2.2547985635e+03 
6.0352954108e-06 4.4006012936e-01 2.3102601425e+03 
3.4734137662e-05 3.8661982605e-01 1.8735464266e+03 
4.2528957800e-05 2.8759348494e-01 2.3040183053e+03 
1.0493770453e-04 3.4763688041e-01 2.3841541580e+03 
4.0991232241e-05 3.4926843068e-01 2.3774404402e+03 
2.7364443352e-05 4.2895854153e-01 2.3784904055e+03 
1.4277596399e-05 4.5782419626e-01 2.4428869394e+03 
1.0780269554e-04 4.3652272416e-01 2.5712792224e+03 
3.3998326244e-05 4.1864821354e-01 2.3821265802e+03 
1.0184164062e-04 4.3841903750e-01 2.5719587617e+03 
3.7102391640e-05 4.1342984574e-01 2.4122441117e+03 
1.2609866291e-04 4.3160624636e-01 2.5496609285e+03 
6.1244337724e-05 1.0000000000e+00 1.3788966096e+03 
4.2719573174e-05 2.6389752886e-01 2.1884978463e+03 
6.9685310559e-06 4.4283049423e-01 2.3130130164e+03 
9.0968199623e-05 3.1436863829e-01 2.3749925308e+03 
1.5475990502e-05 4.4638607170e-01 2.3367117633e+03 
6.7768771221e-06 4.1684914158e-01 2.3041624847e+03 
9.9232033581e-05 3.8211063130e-01 2.4371419005e+03 
3.8204762353e-05 1.0000000000e+00 3.0000000000e+02 
7.1717744560e-06 1.0000000000e+00 1.4475773934e+03 
1.2290047330e-05 4.4482756653e-01 2.3390010980e+03 
4.4168288033e-05 2.6549402067e-01 2.1585824405e+03 
1.9264368996e-04 3.4721946196e-01 1.9428914418e+03 
9.2404215286e-06 1.0000000000e+00 1.6475922814e+03 
1.3220588704e-04 4.2903666373e-01 2.5644116815e+03 
5.2073568582e-05 4.3118835071e-01 2.4723676336e+03 
4.1197196638e-05 2.6448697570e-01 2.2283425106e+03 
2.3907807199e-05 3.0316999350e-01 2.0418742070e+03 
2.7481294305e-05 3.0374375148e-01 2.0522549097e+03 
8.4245880452e-05 4.4254330482e-01 2.5552567001e+03 
5.2279361520e-05 4.4567135122e-01 2.5114241469e+03 
2.2005215963e-05 2.6030583711e-01 2.1705424561e+03 
8.4172367785e-05 4.4388155100e-01 2.5755649210e+03 
6.8439456722e-05 4.4888187378e-01 2.5556002108e+03 
1.7749407428e-05 2.9342308460e-01 2.0471354311e+03 
1.5517388209e-05 2.7078889502e-01 2.2094264778e+03 
3.4577642449e-05 2.6511075607e-01 2.1762218446e+03 
1.1801358861e-04 4.3412079215e-01 2.5497585509e+03 
2.5887993123e-05 2.6642524845e-01 2.1540983979e+03 
3.7224411223e-05 2.9148200952e-01 2.3066215283e+03 
8.2868558634e-05 3.3267289909e-01 2.3819281157e+03 
8.0938471582e-06 3.0225100285e-01 1.9635919373e+03 
1.0714239366e-05 1.0000000000e+00 1.6382947328e+03 
1.2498203458e-04 4.3106455904e-01 2.5697694920e+03 
9.3792358874e-06 4.7131771490e-01 2.4500418014e+03 
1.3487286715e-05 6.0617360689e-01 1.6906049058e+03 
1.0120914680e-04 4.2612231928e-01 2.5234334244e+03 
6.1391845185e-05 4.2055296688e-01 2.4687486783e+03 
5.8622254700e-05 2.6794461100e-01 2.2792080561e+03 
3.7637211733e-05 4.0715408088e-01 2.4181206686e+03 
9.1636337577e-05 4.4178303495e-01 2.5433263092e+03 
7.2771129282e-05 3.1409141545e-01 2.0249335432e+03 
7.2334624438e-06 1.0000000000e+00 1.4131602169e+03 
1.9199870633e-05 2.7140172324e-01 2.0830077910e+03 
1.6454607093e-04 4.1705582372e-01 2.4447901515e+03 
3.7362462215e-05 4.3962527359e-01 2.4655761632e+03 
1.3002420721e-04 4.2051467683e-01 2.4698542560e+03 
7.0039558001e-06 1.0000000000e+00 1.2895852398e+03 
1.6677150166e-05 1.0000000000e+00 1.6425877106e+03 
2.2720507174e-04 2.8377529879e-01 2.1874690696e+03 
2.6004630828e-05 4.3785998605e-01 2.3096578461e+03 
5.6977227108e-05 4.5214219488e-01 2.4649734863e+03 
2.1270285345e-05 4.1048910229e-01 1.8698827625e+03 
6.9001769718e-06 4.3970142586e-01 2.3102447179e+03 
8.6561452703e-06 4.8102409773e-01 2.6206454971e+03 
2.7349606919e-05 1.0000000000e+00 3.2497216875e+02 
4.0829327696e-05 1.0000000000e+00 1.4111856188e+03 
2.9391892449e-05 3.9161315837e-01 1.8864701348e+03 
1.2307459358e-04 1.0000000000e+00 1.4375290873e+03 
1.7648663780e-04 4.1121272260e-01 2.4764178256e+03 
1.1804563946e-05 1.0000000000e+00 1.3650407952e+03 
1.4185196298e-04 4.2647451014e-01 2.5372802814e+03 
1.3016435089e-04 4.2137322944e-01 2.5164344373e+03 
1.4947548350e-04 3.4258120986e-01 2.3669405174e+03 
9.6289147753e-05 4.4064599953e-01 2.5540872795e+03 
7.4292831272e-05 2.6613137312e-01 2.2640417161e+03 
4.5599786802e-05 4.2760350912e-01 2.3800997531e+03 
8.2687794085e-06 1.0000000000e+00 1.3574386188e+03 
4.5513033843e-05 2.6517144922e-01 2.2479074212e+03 
2.0453049589e-05 3.7152060667e-01 1.8858537372e+03 
1.7160078521e-05 4.4002426811e-01 2.3098171283e+03 
3.1463449934e-05 2.6412275676e-01 2.2221983621e+03 
9.4675126409e-05 2.7577750615e-01 2.2976814547e+03 
9.1646436632e-05 2.8494337354e-01 2.2445759503e+03 
4.2163429192e-05 4.5870002439e-01 2.5343235098e+03 
2.1488890050e-04 3.0753928509e-01 2.3653915206e+03 
2.0899572460e-05 1.0000000000e+00 1.6271915718e+03 
5.9707428426e-06 4.4571444938e-01 2.3204521522e+03 
2.3227708907e-05 4.6967566796e-01 1.7728893508e+03 
6.0111850503e-06 4.6943037683e-01 2.4131365960e+03 
3.3703401224e-05 4.3912171000e-01 2.3990720599e+03 
2.1061039213e-05 4.3744175802e-01 2.3798688377e+03 
5.6641965135e-06 4.5873699014e-01 2.3616961018e+03 
4.0157648328e-05 3.9695762245e-01 2.3989148069e+03 
6.1536934620e-05 4.2254198296e-01 2.4687820846e+03 
4.8990010966e-05 4.1624863101e-01 2.4384969070e+03 
5.7305345132e-06 1.0000000000e+00 1.0071113689e+03 
8.1843491828e-05 4.3375135948e-01 2.5095798141e+03 
3.3003049046e-05 3.3127624163e-01 1.9877908997e+03 
4.3122268224e-05 4.0774963221e-01 2.4204929143e+03 
8.1315230987e-05 4.4643860529e-01 2.4589648748e+03 
8.3660479153e-05 4.1269031615e-01 2.4847284325e+03 
3.1429576728e-05 4.6134867331e-01 2.5457717785e+03 
9.6544649217e-06 4.7883390358e-01 2.6723965003e+03 
3.9659900372e-05 1.0000000000e+00 8.9672668343e+02 
2.1654645599e-05 3.2425300692e-01 2.2953968566e+03 
3.6495594073e-05 3.4729145065e-01 1.9472268884e+03 
1.2240974212e-04 3.4528376352e-01 2.4147707547e+03 
9.1996591701e-05 4.3112901634e-01 2.5198646626e+03 
8.6833410548e-06 1.0000000000e+00 1.6499855128e+03 
1.0513900923e-05 4.5310656435e-01 2.3805262466e+03 
2.2165422462e-05 4.0529146658e-01 2.3386207845e+03 
4.8462779550e-05 4.3462955986e-01 2.3942578869e+03 
3.4218451873e-05 2.6336985650e-01 2.2259108816e+03 
9.7107254580e-05 4.3980808026e-01 2.5747137869e+03 
1.1826574390e-05 3.7040796199e-01 2.2886629562e+03 
2.0012148912e-04 1.0000000000e+00 1.1736395421e+03 
1.7523500701e-04 4.1183403105e-01 2.4786089195e+03 
5.1179948290e-05 2.6493457894e-01 2.1721958839e+03 
1.3710551315e-04 3.1373308212e-01 2.3918199993e+03 
2.2600341022e-05 2.6249920548e-01 2.1044090292e+03 
2.1749747927e-05 3.1108678529e-01 2.0082853312e+03 
6.8926151770e-05 4.3104907695e-01 2.4953470290e+03 
1.3192758574e-05 4.5472684288e-01 2.3469159118e+03 
9.2611072745e-05 4.2581885527e-01 2.4888493209e+03 
9.4626141344e-05 3.9163367502e-01 2.4572126511e+03 
3.5011655559e-05 6.2854271092e-01 1.6764070766e+03 
3.5153464319e-05 4.5921349679e-01 2.4467580321e+03 
6.4991877561e-05 4.3485306185e-01 2.4581707640e+03 
6.7697076343e-05 3.0226415919e-01 2.0594628314e+03 
4.2627786856e-05 4.4897745373e-01 2.5099281176e+03 
1.1064522444e-04 4.3631409668e-01 2.5521594200e+03 
6.2050374096e-05 4.4726795938e-01 2.5308601678e+03 
6.6874635651e-05 2.9853920971e-01 2.3646969204e+03 
9.5740734702e-06 1.0000000000e+00 9.9742071108e+02 
2.3432893954e-05 3.1076695025e-01 2.0237675572e+03 
8.4730040768e-05 2.9623790042e-01 2.3649800016e+03 
9.5539720901e-06 6.9351755278e-01 1.6678950116e+03 
2.1623664362e-06 1.0000000000e+00 7.3935879027e+02 
6.0054221390e-05 2.8090575739e-01 2.0423569457e+03 
2.8230224151e-05 4.2069695663e-01 2.4072502080e+03 
6.3721165002e-06 4.4696147578e-01 2.3241102097e+03 
7.1100019357e-05 3.6640361297e-01 2.4198199671e+03 
6.6951276085e-06 4.8180767356e-01 2.6892481196e+03 
7.8904679694e-05 3.6779698684e-01 2.4236958536e+03 
2.1248168446e-05 4.5411646981e-01 1.8074813511e+03 
6.6429658950e-05 3.8423109926e-01 2.3931228893e+03 
1.4172172503e-04 4.2653431748e-01 2.5422350696e+03 
8.9014985583e-05 4.3226824384e-01 2.4698815588e+03 
4.3431186075e-05 4.3605577401e-01 2.4540166883e+03 
1.4072628659e-04 4.2192698298e-01 2.5137133707e+03 
6.5746747424e-05 3.2567527643e-01 2.3989327480e+03 
6.2675290004e-05 4.4141640957e-01 2.5206594091e+03 
1.9880193758e-05 2.9793341142e-01 2.0337148184e+03 
2.1726612498e-05 1.0000000000e+00 1.5509465363e+03 
4.8761364771e-05 3.6128478305e-01 1.9375745549e+03 
1.0292844782e-05 4.3557820225e-01 2.3257857941e+03 
1.6732581949e-05 3.0528902366e-01 2.2149027070e+03 
3.7925743372e-05 3.2117158446e-01 2.3276319512e+03 
4.7683276520e-05 4.4176738477e-01 2.4646790876e+03 
2.3421792969e-04 3.1563128370e-01 2.0271385986e+03 
2.0752074841e-05 2.6979401225e-01 2.1035221549e+03 
3.7462826570e-05 3.2111033949e-01 1.9999568487e+03 
5.2846718604e-05 2.9680872889e-01 2.0557708965e+03 
3.2782225175e-05 4.2835226932e-01 2.4102608406e+03 
2.4832435965e-05 4.6662855995e-01 2.5730430702e+03 
4.8145238402e-05 4.4920393457e-01 2.5268459537e+03 
7.6583328276e-05 4.4347499180e-01 2.4959669868e+03 
2.4805858376e-05 4.1152089278e-01 1.8661242359e+03 
7.7219415485e-05 4.1770445892e-01 2.4836453979e+03 
1.2713660018e-04 2.9554822773e-01 2.0295046046e+03 
2.5038331423e-05 4.5633549250e-01 2.4655711358e+03 
4.6206657149e-06 1.0000000000e+00 1.4896612744e+03 
4.3959910152e-05 2.6486517213e-01 2.2242171516e+03 
