Radius [m]       Fe Area [frac]    Max Temp [k]    
6.7582235494e-05 4.2834701745e-01 2.3007248424e+03 
2.0637449755e-05 3.8677013650e-01 1.8552129050e+03 
2.7036522855e-05 5.5547838019e-01 1.7127828021e+03 
4.1771102749e-05 4.3192737539e-01 1.8082391864e+03 
9.6881208130e-06 1.0000000000e+00 1.4571143983e+03 
2.3142535503e-05 2.9730951805e-01 2.5482959160e+03 
1.5885371207e-05 2.5625639379e-01 2.2123304879e+03 
5.8972524869e-05 1.5796633758e-01 2.5236365689e+03 
2.0160658057e-05 3.1681459140e-01 2.4615067250e+03 
4.0071244581e-05 1.5091660293e-01 2.1431309186e+03 
7.2221224575e-05 2.2235802324e-01 2.0567237768e+03 
6.9350719719e-06 4.1275843481e-01 2.4012468002e+03 
9.3800516521e-05 1.8645906008e-01 2.1082432541e+03 
3.3827198904e-05 1.9564333796e-01 2.1665964030e+03 
5.6292949119e-05 3.7491793650e-01 1.8711444325e+03 
9.1806881285e-06 5.5332851849e-01 1.7170614911e+03 
9.9140886052e-05 1.4386503108e-01 2.5508903826e+03 
7.9217708777e-06 3.5457415588e-01 2.6417350306e+03 
2.8716433964e-06 1.0000000000e+00 1.2182523022e+03 
4.4665485558e-05 1.9398501007e-01 2.2300191343e+03 
2.0293413956e-05 2.5571131113e-01 2.0571571943e+03 
1.2290864772e-05 4.1988291586e-01 2.3810669280e+03 
1.2606675643e-05 1.0000000000e+00 3.3044383432e+02 
2.7689558571e-05 4.0259908455e-01 1.8364922856e+03 
7.3720740157e-06 1.0000000000e+00 1.6459104771e+03 
2.3478869786e-05 4.5907147552e-01 1.7813684281e+03 
5.2586614282e-05 2.1013855034e-01 2.4626623615e+03 
9.7001555139e-05 2.8279257843e-01 2.4408482980e+03 
6.2248493023e-06 3.7657200406e-01 2.5550590126e+03 
5.3617674146e-05 2.8692858895e-01 2.0213152781e+03 
1.7951866308e-04 3.0736623106e-02 2.3008872469e+03 
7.6466722990e-05 1.1895088670e-01 2.5414789400e+03 
5.4204228560e-06 1.0000000000e+00 1.2813393324e+03 
2.4396918514e-05 2.9484677682e-01 2.4391615755e+03 
5.9753843403e-05 1.0000000000e+00 1.4757084525e+03 
7.0341922140e-05 1.6319849985e-01 2.4638188582e+03 
1.4627091983e-05 1.0000000000e+00 1.4371682471e+03 
1.3449155560e-04 0.0000000000e+00 2.6038228825e+03 
3.5912787623e-05 2.5032836242e-01 2.3084370945e+03 
1.2046884718e-04 7.0525688780e-02 2.5795228734e+03 
1.7465389189e-05 3.7224306394e-01 2.3465734985e+03 
1.0942352023e-05 3.5286476393e-01 2.4718871824e+03 
6.6695619751e-05 2.4648489775e-01 2.5034591287e+03 
1.2523718110e-05 3.2280326032e-01 1.9553786003e+03 
1.0753766555e-05 3.8122005520e-01 2.3560852950e+03 
9.4827471280e-06 3.9094154982e-01 2.3983735340e+03 
2.7887634533e-05 2.7148721290e-01 2.3870092354e+03 
3.1402826522e-05 2.9477082043e-01 2.5262062160e+03 
2.5911446111e-05 3.7565281296e-01 1.8666915114e+03 
1.0544080902e-05 5.0571091137e-01 1.7484837621e+03 
6.9289807854e-05 1.5736602208e-01 2.4651377923e+03 
1.0656134975e-05 1.0000000000e+00 1.6347077012e+03 
1.0819603981e-04 4.3219924298e-02 2.5827634066e+03 
1.2524513196e-04 0.0000000000e+00 2.5979827008e+03 
2.0073891080e-05 3.4425181104e-01 2.3764471481e+03 
2.8855744329e-05 2.1853122178e-01 2.1559947370e+03 
4.2244235812e-05 1.7928707740e-01 2.3695632892e+03 
4.5196583142e-05 2.3869908560e-01 2.5444250444e+03 
2.2289798654e-05 3.2465368820e-01 2.3673242089e+03 
3.1450974672e-05 2.5772341051e-01 2.4327690839e+03 
2.9364835696e-05 3.3310038301e-01 1.9169706717e+03 
8.2481478245e-05 1.8881131803e-01 2.5052138507e+03 
9.9698950967e-06 4.2473383019e-01 2.3119703793e+03 
2.3374958433e-05 3.9407545196e-01 1.8597930032e+03 
2.4620661161e-05 2.9076490368e-01 1.9687763689e+03 
1.3428417731e-04 2.4043749997e-02 2.5703775596e+03 
6.9594338593e-05 1.6194266108e-01 2.5618495921e+03 
5.4074712042e-05 1.9440175193e-01 2.1027450581e+03 
4.6910076174e-06 1.0000000000e+00 1.4025030286e+03 
1.0735985442e-05 4.3370336416e-01 2.3171788221e+03 
1.7186265535e-05 5.7088278706e-01 1.7068647963e+03 
2.2527387402e-05 2.9087788725e-01 1.9730272085e+03 
8.8004244870e-06 3.4831673958e-01 2.6475203782e+03 
6.6176516104e-06 3.9044766695e-01 2.4661104984e+03 
7.9783248953e-05 1.4004177562e-01 2.3938211477e+03 
8.1454886021e-06 3.8056975335e-01 2.5846351763e+03 
2.1613075761e-05 4.2811785801e-01 1.8092319320e+03 
1.0869810625e-04 4.2322144474e-02 2.5912930835e+03 
4.1738282181e-05 1.9635475447e-01 2.1577170137e+03 
4.5975558318e-05 2.4491744715e-01 2.0280304680e+03 
2.2909310409e-05 2.4544184434e-01 2.0454636758e+03 
3.8998388364e-05 2.3217245805e-01 2.4543102986e+03 
8.3815234728e-05 1.9341498171e-01 2.4484571666e+03 
8.1276441153e-05 1.0000000000e+00 3.0628579064e+02 
1.0517955997e-05 3.7709358220e-01 2.5717399914e+03 
3.5178953065e-06 1.0000000000e+00 1.1394705375e+03 
1.3318345802e-05 4.2318363236e-01 2.3096202882e+03 
1.6303175330e-04 4.0728183961e-02 2.5534885260e+03 
1.4247637652e-05 2.5553462216e-01 2.1691307818e+03 
9.2553006522e-05 2.4636351981e-02 2.3345509355e+03 
3.4528525747e-05 2.2950432177e-01 2.5333187658e+03 
6.9898010943e-05 1.8529656502e-01 2.1216410902e+03 
1.2812577158e-05 4.3225325023e-01 2.3153113022e+03 
2.9619977298e-05 1.8691700229e-01 2.1534614800e+03 
5.2036350239e-05 1.9097122597e-01 2.4935525135e+03 
5.8968754466e-05 1.6438459867e-01 2.4900621756e+03 
1.1070774641e-04 5.2022388078e-02 2.2668451179e+03 
9.7207443453e-05 8.9696601309e-02 2.5432246816e+03 
1.4136506399e-04 1.4549819278e-01 2.4234875951e+03 
5.0160423405e-05 2.0395638860e-01 2.1293860975e+03 
2.0235305884e-05 2.7257935633e-01 2.3064623736e+03 
2.5292953332e-05 3.0666289888e-01 2.3674385782e+03 
7.4307133433e-05 2.5005485347e-01 2.4654378099e+03 
1.2311344245e-04 3.4465340764e-01 2.3562211572e+03 
7.4641905396e-06 4.2753622839e-01 2.3939301157e+03 
1.0308253916e-05 1.0000000000e+00 1.5235341655e+03 
6.6340375201e-05 1.7217859549e-01 2.4471409408e+03 
1.6829291170e-05 4.1172484086e-01 1.8331438192e+03 
6.2271232948e-06 3.7382834456e-01 2.5525183918e+03 
5.8579673917e-06 1.0000000000e+00 1.5303445780e+03 
6.1645899069e-06 4.3039096364e-01 2.3162380393e+03 
1.3719123108e-05 3.5808907618e-01 2.3504577408e+03 
1.1749795386e-04 1.3523361169e-01 2.3962662450e+03 
8.6178245726e-05 1.1572716838e-01 2.3267430958e+03 
7.0849209918e-05 2.3633617486e-01 2.0351407498e+03 
7.1067844477e-05 1.6961667313e-01 2.4557728534e+03 
6.2160374733e-05 1.5212297766e-01 2.5899816578e+03 
1.3518638223e-04 9.3775856840e-02 2.3051883168e+03 
2.2890866434e-04 0.0000000000e+00 2.4047186232e+03 
5.5656156307e-05 2.3286936839e-01 2.3254821702e+03 
1.0077861765e-05 4.3463237329e-01 2.3456607553e+03 
2.5798260251e-05 2.9109585404e-01 2.5308438860e+03 
7.4765654894e-06 4.9208755610e-01 1.7514796621e+03 
3.3735188764e-05 3.1516079115e-01 1.9540157997e+03 
1.0952626193e-04 2.0343638225e-01 2.4215265682e+03 
3.1206952824e-05 4.9373608531e-01 1.7539929260e+03 
7.4203077809e-06 3.8809915981e-01 2.5726994137e+03 
7.7598953496e-06 4.3502590368e-01 2.3318712839e+03 
3.1020767359e-05 3.7356031928e-01 2.3643914985e+03 
3.0208214580e-05 3.1328577311e-01 2.3795378766e+03 
3.2915719438e-05 1.8280983588e-01 2.1473056961e+03 
7.7272770240e-05 1.0000000000e+00 3.0156692466e+02 
8.2470266890e-05 3.0705980704e-01 1.9564261246e+03 
4.4509378734e-05 1.4170052404e-01 2.3319618154e+03 
9.2576436530e-05 9.7240061291e-02 2.4752997854e+03 
1.7557005279e-04 1.0542937381e-01 2.4624475542e+03 
5.4203649830e-05 8.5227818617e-02 2.3411854291e+03 
7.8197352144e-06 1.0000000000e+00 1.5681612890e+03 
2.7961418863e-05 3.0683091458e-01 2.4375131004e+03 
4.7323281295e-05 1.8677058896e-01 2.1611419969e+03 
6.5086806776e-05 0.0000000000e+00 2.3446505970e+03 
8.0989488494e-06 3.1302251626e-01 2.7067006995e+03 
1.5427212144e-05 6.3775017464e-01 1.6792029658e+03 
2.8438360572e-05 3.3957615963e-01 1.9107217665e+03 
1.6580317128e-05 3.4605986289e-01 2.3210572460e+03 
5.7554409136e-05 1.0163159360e-01 2.3025136462e+03 
1.2228687380e-05 3.9999188452e-01 2.3327097560e+03 
1.0566861510e-05 3.0074779617e-01 2.0074277752e+03 
6.6680020786e-05 2.0212659081e-01 2.5424032505e+03 
1.1953562330e-04 6.5676344871e-02 2.5796891989e+03 
2.7211288013e-05 3.5536334571e-01 1.8992285822e+03 
6.3691350851e-05 9.5040024867e-02 2.2384049841e+03 
3.5658986316e-05 2.1962636948e-01 2.5321897763e+03 
6.9325332364e-05 1.7495155077e-01 2.5615457857e+03 
1.9391477445e-05 3.8433285693e-01 2.3422608293e+03 
3.2128954128e-05 2.6294125179e-01 2.0486423331e+03 
1.1126181262e-05 3.7411991692e-01 2.4301785839e+03 
6.6982897437e-05 0.0000000000e+00 2.3838981582e+03 
1.3686529544e-04 8.1595858845e-02 2.5587435010e+03 
2.8226030053e-05 2.2418360946e-01 2.0599154762e+03 
4.9492527143e-05 1.2725008229e-01 2.2702062059e+03 
2.9351946217e-05 2.4324844718e-01 2.1286726080e+03 
1.7545954699e-05 1.0000000000e+00 3.0000000000e+02 
5.2570573971e-06 4.0662218250e-01 2.4882405204e+03 
1.5321390800e-05 7.0864436178e-01 1.6621788799e+03 
1.1057435972e-04 1.9670762922e-01 2.0964138316e+03 
2.2015029321e-05 3.7386424307e-01 1.8703982048e+03 
6.2089151744e-05 2.2244328012e-01 2.4277178474e+03 
7.4112553750e-06 4.2427795604e-01 2.3361316034e+03 
1.0889466118e-04 8.7860136576e-02 2.5186232196e+03 
1.9882159546e-05 3.7436139240e-01 1.8854610396e+03 
2.1478273043e-05 2.5730193041e-01 2.6578329132e+03 
2.0220908416e-05 2.7135218594e-01 2.3031619928e+03 
1.5044552819e-05 4.7262469741e-01 1.7731788872e+03 
4.9576820150e-05 2.0414938015e-01 2.4671425090e+03 
3.3899767955e-05 2.6512168791e-01 2.0006435518e+03 
4.8189640143e-05 1.2959224128e-01 2.3010270821e+03 
6.4248729816e-05 2.0351281998e-01 2.4244602068e+03 
1.0827749603e-04 5.5401333713e-02 2.5982866554e+03 
5.1688901931e-05 7.7866708623e-02 2.3072247408e+03 
1.0562498498e-05 3.6281410006e-01 2.6054509937e+03 
1.2550341799e-04 0.0000000000e+00 2.6023463923e+03 
9.4080412927e-05 1.6337549090e-01 2.1443040702e+03 
7.1943909659e-05 3.1641074042e-01 1.9343605741e+03 
8.0543459948e-06 4.3467993468e-01 2.3340191690e+03 
5.3174188837e-05 4.4055717599e-01 2.3442012904e+03 
1.4639688333e-04 3.7376491332e-02 2.5587551636e+03 
3.0782851268e-05 2.4092340548e-01 2.0463346088e+03 
3.4921672190e-05 2.6095669827e-01 2.4661273798e+03 
6.1647610433e-06 7.6561936056e-01 1.6542434369e+03 
2.4427836510e-05 2.8937875477e-01 2.3771582452e+03 
1.0904259580e-05 4.2781248456e-01 2.3918176403e+03 
3.6372859174e-05 2.6626312315e-01 2.0156857220e+03 
1.2882543092e-04 5.2297481474e-02 2.5805058301e+03 
2.2001832180e-05 3.2430212455e-01 1.9320847039e+03 
6.7212692458e-05 1.5712551576e-01 2.5473460127e+03 
1.0625224163e-05 3.7861316438e-01 2.3686338110e+03 
1.1596784720e-04 3.1172164422e-02 2.6007422956e+03 
7.0764795341e-06 4.3017880190e-01 2.3162006740e+03 
4.5715521350e-05 9.6775547082e-02 2.2327825526e+03 
