Radius [m]       Fe Area [frac]    Max Temp [k]    
7.7539228616e-05 5.8153863648e-01 2.4268799653e+03 
6.6400009003e-06 1.0000000000e+00 8.6859777454e+02 
9.1847586215e-05 5.6342981310e-01 2.3490232172e+03 
1.7528481553e-05 6.1654982297e-01 2.5225106889e+03 
2.1538992881e-04 5.5331561916e-01 1.9979553567e+03 
2.3884011525e-05 5.9812707559e-01 2.5720578450e+03 
1.3216537914e-05 5.4058194474e-01 2.0213905262e+03 
4.0906187122e-05 1.0000000000e+00 3.0000000000e+02 
1.6450530297e-05 5.6667816536e-01 1.9180468246e+03 
5.7987368250e-05 6.1332817018e-01 1.8188224035e+03 
2.9248233469e-05 5.2251959171e-01 2.0495294648e+03 
6.9393122274e-05 5.7392209903e-01 2.3968828806e+03 
5.8817271812e-05 5.6802042672e-01 2.3966487500e+03 
3.9997796178e-05 6.1723163366e-01 2.3506416842e+03 
1.2513154319e-04 5.6152617720e-01 2.4535411715e+03 
2.1064152729e-05 5.6631917108e-01 1.9190243463e+03 
4.6156423269e-06 6.6621209313e-01 2.2310430646e+03 
4.1307632876e-05 5.2130178141e-01 2.0600634874e+03 
5.3389534230e-05 5.8023970854e-01 2.4948980500e+03 
3.1604960811e-05 5.9496831644e-01 2.2917600035e+03 
6.0019460936e-06 6.5188355081e-01 2.4924861889e+03 
1.4112069244e-04 5.6474945662e-01 2.3958951875e+03 
2.4617425411e-05 5.5695969479e-01 1.9404567863e+03 
1.2287871644e-05 6.2107069052e-01 2.3757609348e+03 
5.9696910228e-06 6.6309617603e-01 2.2319407465e+03 
2.7249311073e-05 7.0674959797e-01 1.7122363906e+03 
2.4449304245e-05 6.0624579858e-01 2.4761287742e+03 
9.8229474096e-05 5.7529987220e-01 2.3996855907e+03 
5.1787740515e-05 5.8927413936e-01 2.4065264355e+03 
9.5095022389e-06 6.6943458020e-01 2.2624243710e+03 
4.7661304331e-05 5.8254690295e-01 2.4680899877e+03 
6.1501437777e-06 6.6926784730e-01 2.3188899173e+03 
9.9793604197e-05 5.7020975651e-01 2.4267284409e+03 
4.0377635657e-05 5.3541706454e-01 2.1841378693e+03 
9.9126849379e-06 6.5055541483e-01 2.2725501816e+03 
5.7777932698e-06 6.2600287776e-01 2.6003903356e+03 
5.2051763067e-06 6.7001588732e-01 2.3021112012e+03 
8.7585822061e-05 5.5924853818e-01 2.3568977183e+03 
4.9971834814e-05 5.6892294287e-01 2.3400900137e+03 
1.3284915685e-05 6.2320779453e-01 2.3246022137e+03 
1.9033629291e-05 5.6758001716e-01 1.9103755697e+03 
4.3867689636e-05 5.9503321134e-01 2.2903229287e+03 
4.6264035001e-05 5.8294238351e-01 2.5007437051e+03 
3.8687724034e-05 5.9610116640e-01 2.3732853554e+03 
5.0470186230e-05 6.0091676041e-01 2.2982070630e+03 
1.8065382938e-05 1.0000000000e+00 1.5330461529e+03 
1.5380047087e-04 5.6267871619e-01 2.3422276798e+03 
7.8417610400e-05 5.6610377560e-01 2.4603038741e+03 
9.6443709620e-06 6.3173305067e-01 2.3992192699e+03 
5.5842795283e-06 6.5466747593e-01 2.4241445466e+03 
8.0020910667e-05 5.6914810289e-01 2.3583217144e+03 
5.0212567314e-05 5.9301268397e-01 2.2742799083e+03 
5.3922633459e-06 6.4031178113e-01 1.7644642449e+03 
2.1589048091e-05 6.0733558154e-01 2.2778668939e+03 
2.1807689949e-05 5.2955975860e-01 2.0997467461e+03 
3.1214009256e-05 5.2193772765e-01 2.0521286034e+03 
4.5157328881e-06 6.5099784248e-01 2.4776311678e+03 
3.8801859812e-05 5.8325703183e-01 2.3141973612e+03 
3.8061723758e-05 6.2184919800e-01 1.8059448563e+03 
6.1539813693e-05 5.7248420639e-01 2.3198088310e+03 
3.9230411364e-05 5.8739110563e-01 2.2897332094e+03 
1.2569713079e-05 7.6266345343e-01 1.6762230016e+03 
4.3349800044e-05 1.0000000000e+00 6.7982260465e+02 
9.4401088947e-06 1.0000000000e+00 1.2028044450e+03 
8.9494273852e-05 5.6772331002e-01 2.4916826330e+03 
1.1035738159e-04 5.6159170355e-01 2.4863214543e+03 
2.6007195970e-05 6.1509688234e-01 2.2699716398e+03 
3.1029952193e-05 5.9231059398e-01 2.4203843132e+03 
2.4234397216e-05 5.4347731468e-01 2.0735319042e+03 
3.6152649575e-05 5.4826303452e-01 1.9176536625e+03 
6.7983342004e-05 1.0000000000e+00 3.0000000000e+02 
1.6316925273e-05 7.3995471155e-01 1.6868727133e+03 
4.5780220148e-05 5.8388508409e-01 2.3429554492e+03 
2.3516056865e-05 6.3176606442e-01 1.7914984532e+03 
4.3474934440e-05 8.2679188658e-01 1.6591924645e+03 
2.0851906716e-05 6.0605271714e-01 2.2878509706e+03 
4.7981383653e-05 6.0029132895e-01 2.2879877031e+03 
5.9783923943e-05 5.8007687490e-01 2.4775579864e+03 
6.3444901333e-05 5.7858945238e-01 2.3902418689e+03 
1.2296834623e-04 5.6096699444e-01 2.4635803606e+03 
9.5592610171e-05 5.7160823301e-01 2.4429476830e+03 
1.1610496745e-05 7.2209484717e-01 1.6960321192e+03 
8.9164432027e-05 5.6544496420e-01 2.4330852222e+03 
4.9458663330e-06 1.0000000000e+00 7.5187178620e+02 
1.0977637476e-05 6.2839706681e-01 2.2968404363e+03 
5.7808052099e-05 5.7463903628e-01 1.8981701972e+03 
7.0645220320e-05 5.2261308509e-01 2.1043237116e+03 
6.8009737721e-05 5.6969737902e-01 2.4066540812e+03 
3.5975223300e-05 5.8236044321e-01 1.8765304219e+03 
3.0693035967e-05 5.3434796970e-01 2.1340938980e+03 
1.3588331109e-05 6.3144835599e-01 2.2823436925e+03 
3.8986358069e-05 5.2330114546e-01 2.1528314054e+03 
4.8167511663e-06 6.6954457248e-01 2.2649120089e+03 
4.7276283076e-06 1.0000000000e+00 1.5498905968e+03 
1.5095212216e-05 1.0000000000e+00 1.2643212697e+03 
2.6757170444e-05 5.2712225215e-01 2.1892805778e+03 
1.6381578739e-05 7.0088455309e-01 1.7156802359e+03 
1.0415800602e-05 1.0000000000e+00 1.4447869727e+03 
2.4187523105e-05 5.9760933272e-01 2.3510529626e+03 
1.4522239750e-05 5.3722312378e-01 2.0651543180e+03 
1.2722732208e-04 5.7068488198e-01 2.3465236681e+03 
3.1333338404e-05 6.2341131040e-01 2.2681348262e+03 
2.3273475167e-05 1.0000000000e+00 1.5038282733e+03 
7.0014050673e-05 5.8210735499e-01 2.4081512478e+03 
3.2105901127e-05 5.8219651178e-01 2.3033160721e+03 
1.8252019579e-05 5.2820148103e-01 2.1058542294e+03 
9.8814009060e-06 1.0000000000e+00 1.3979844440e+03 
2.4403451593e-05 7.7521645044e-01 1.6742011137e+03 
6.1583466104e-05 5.6352961574e-01 2.3660819079e+03 
6.3690369521e-05 6.0551481973e-01 1.8323727470e+03 
1.5359820063e-04 5.5880182186e-01 2.4066748494e+03 
2.6943742445e-05 1.0000000000e+00 1.5513777086e+03 
6.7076313821e-05 5.7859431829e-01 2.4577856069e+03 
4.1242632151e-05 6.1102628061e-01 2.2704286628e+03 
1.3053839777e-05 5.9230065306e-01 1.8592571019e+03 
1.5437503831e-05 5.3653199184e-01 2.0939968630e+03 
5.9228958975e-06 6.3337794868e-01 2.5831587804e+03 
9.6852117416e-06 1.0000000000e+00 4.4761743963e+02 
8.8927651941e-05 5.6433423421e-01 2.4497719102e+03 
1.5387164676e-05 6.1677266921e-01 2.4381276472e+03 
1.5573762348e-05 5.3365618529e-01 1.9902815087e+03 
4.2455570987e-05 5.8768068121e-01 2.3349473438e+03 
1.2124564314e-04 5.6437242332e-01 2.4366266355e+03 
1.1194842834e-05 6.4742594183e-01 1.7650322319e+03 
7.3851041000e-05 5.7135170560e-01 2.4557945093e+03 
1.2180879393e-05 6.5205979468e-01 2.4919064882e+03 
7.1538810127e-05 5.7305608503e-01 2.3515524662e+03 
1.1134544878e-04 5.7562195839e-01 2.3257580930e+03 
1.8118601840e-05 6.5906742826e-01 2.4215449608e+03 
4.0444068157e-05 5.3435850707e-01 2.1234773149e+03 
8.4841391180e-05 5.6817442474e-01 2.4992916130e+03 
8.9956110354e-05 5.4117907551e-01 2.0812792112e+03 
5.5532905123e-05 5.6323622834e-01 2.3711737278e+03 
2.4004614610e-05 6.2344674710e-01 2.3551727436e+03 
1.4500895257e-05 6.3019028923e-01 2.3266954591e+03 
4.8957996439e-05 5.8539596189e-01 2.3012919942e+03 
5.0105280820e-06 6.3798396395e-01 2.5605722333e+03 
8.3489976366e-06 1.0000000000e+00 1.3526634547e+03 
3.8278006765e-05 5.8180461501e-01 2.4103882946e+03 
6.1518972793e-05 5.1238243495e-01 2.1886517652e+03 
5.5131440860e-06 1.0000000000e+00 1.4345894689e+03 
1.5172362642e-05 1.0000000000e+00 3.9843656324e+02 
4.6844100966e-05 5.8743652917e-01 2.3376248822e+03 
1.2599171055e-05 6.2144020070e-01 2.2623338899e+03 
1.0302412390e-05 6.2080039267e-01 2.5890775740e+03 
4.6923295073e-06 6.3864947506e-01 2.5615232728e+03 
2.8329885861e-05 6.7064376141e-01 2.3176227535e+03 
6.6995167535e-05 5.9640699704e-01 2.3011545268e+03 
6.8218904771e-06 6.3287444663e-01 2.5833293251e+03 
5.6557150043e-05 5.9050272402e-01 2.3000282587e+03 
1.6002500220e-05 6.9160231660e-01 1.7232837297e+03 
1.7802989220e-04 5.6333033334e-01 2.3410372759e+03 
1.4312872502e-05 6.0520564809e-01 2.6213412407e+03 
1.1408708289e-04 5.5941650420e-01 2.4946870252e+03 
3.9788778265e-05 5.8854394699e-01 2.4923470982e+03 
4.4422841835e-05 5.4871561365e-01 2.1463539729e+03 
5.5748926372e-06 1.0000000000e+00 1.2472631865e+03 
1.0568533183e-04 5.6141426598e-01 2.4746756007e+03 
5.7653396737e-06 6.5564253340e-01 2.4065061555e+03 
2.3588158877e-05 5.5164366939e-01 1.9502969120e+03 
1.3046603124e-04 5.6367387039e-01 2.4242063781e+03 
3.0546390418e-05 5.8139527153e-01 2.3044508190e+03 
6.4072210036e-05 5.6899188042e-01 2.3804154529e+03 
7.5112747842e-05 5.7299990707e-01 2.4872215529e+03 
9.0472432687e-06 6.2582160466e-01 2.5815173838e+03 
1.1400022738e-04 5.8142044761e-01 2.3055882694e+03 
7.1468958258e-05 5.8899159838e-01 2.4063035503e+03 
2.6835421491e-05 5.7738662310e-01 1.8907326843e+03 
1.9568343912e-05 6.5156655821e-01 2.2865844470e+03 
8.1755588573e-05 5.5743532953e-01 2.3543177125e+03 
8.8254877513e-06 6.4611426127e-01 2.2504609240e+03 
4.4552561325e-05 5.8598709307e-01 2.2798546552e+03 
5.1915956177e-05 5.6652747435e-01 2.3547686647e+03 
5.0061870100e-06 6.6045211537e-01 2.2320457147e+03 
1.1624993184e-05 7.0173907986e-01 1.7105177963e+03 
6.8850475790e-06 6.6995274347e-01 2.2748473699e+03 
2.9909391099e-05 1.0000000000e+00 1.5990384796e+03 
5.1801495364e-05 5.8049617006e-01 2.3875275928e+03 
1.3658469510e-05 1.0000000000e+00 1.3760442482e+03 
5.3452611935e-06 1.0000000000e+00 1.3286355509e+03 
4.5839096944e-06 6.5115679742e-01 2.4753370383e+03 
2.4745939986e-05 5.3036761493e-01 2.0886380496e+03 
3.1139079774e-05 5.8379167433e-01 2.2923547819e+03 
1.1187423268e-05 5.5227503712e-01 1.9638255558e+03 
2.1003507469e-05 6.0907822511e-01 2.3888942724e+03 
2.8281890437e-05 6.0397616009e-01 2.2688202670e+03 
2.7080036463e-05 5.8449328922e-01 1.8737097257e+03 
3.4017027163e-05 5.6615242242e-01 1.9194202420e+03 
3.4313849158e-05 5.1678697644e-01 2.1069454954e+03 
5.4137783299e-05 5.7435057568e-01 2.3899444585e+03 
1.0009408209e-04 5.6436133098e-01 2.4894384715e+03 
4.2891195491e-05 5.3765362215e-01 1.9914534171e+03 
8.8466067765e-05 5.7159093519e-01 2.4606556771e+03 
1.3088763928e-05 6.4238953416e-01 2.2912659674e+03 
1.2697804383e-05 6.1987430447e-01 2.4042263834e+03 
1.8275164771e-05 6.0720664050e-01 1.8297335703e+03 
3.0713761316e-05 5.9288049557e-01 2.3502861673e+03 
1.2831992457e-04 5.6097074721e-01 2.4499849617e+03 
5.9565937334e-05 5.9251797583e-01 2.3154025112e+03 
8.3010824872e-05 5.3876119909e-01 2.2089420108e+03 
