Mass [kg]        Velocity [m s-1]    Theta [rad]    CO2 [frac]    
1.1945903853e-07 1.5501153546e+04 3.2547702455e-01 6.2000000000e-01 
4.3839623249e-08 1.2207059333e+04 2.7680809565e-01 6.2000000000e-01 
2.8301858529e-08 1.2525916715e+04 1.1960832507e+00 6.2000000000e-01 
6.0659827838e-08 1.8787496860e+04 4.4126869068e-01 6.2000000000e-01 
1.6962274204e-09 1.4299096850e+04 3.7757433728e-01 6.2000000000e-01 
1.0757176741e-07 1.3368409106e+04 1.0722135170e+00 6.2000000000e-01 
1.3258631135e-09 2.0000000000e+04 1.6685981877e-01 6.2000000000e-01 
2.8478848787e-08 1.1722118580e+04 1.2087546249e+00 6.2000000000e-01 
8.5433236205e-12 1.7536313529e+04 1.1444894490e+00 6.2000000000e-01 
5.3223422419e-11 1.1548379507e+04 1.3485375818e+00 6.2000000000e-01 
2.0018797112e-08 1.3145685178e+04 1.1743480509e+00 6.2000000000e-01 
1.5318977491e-09 1.1582934018e+04 6.5744497068e-01 6.2000000000e-01 
2.3500000000e-07 1.6293704390e+04 8.3423815064e-01 6.2000000000e-01 
6.4418984836e-09 1.1837723143e+04 1.2533963283e+00 6.2000000000e-01 
4.5925209527e-09 1.9797122565e+04 5.6202418754e-01 6.2000000000e-01 
3.7776275184e-12 1.4671282030e+04 1.3144418409e+00 6.2000000000e-01 
7.3643846104e-09 1.4091577326e+04 1.3436941265e-01 6.2000000000e-01 
2.4394054592e-08 1.1711445593e+04 8.8566866176e-01 6.2000000000e-01 
1.9011222475e-08 1.3168231473e+04 1.4198506824e+00 6.2000000000e-01 
2.0164224986e-10 1.4490657092e+04 1.0569692734e+00 6.2000000000e-01 
1.1553964691e-10 2.0000000000e+04 5.2352219451e-01 6.2000000000e-01 
4.2651758851e-10 1.4834463831e+04 1.1331708932e+00 6.2000000000e-01 
5.5380942226e-11 1.3031090769e+04 8.9661411203e-01 6.2000000000e-01 
1.3154096912e-10 1.8698293786e+04 6.2603820437e-01 6.2000000000e-01 
2.1102679453e-09 1.1686252208e+04 1.0307334811e+00 6.2000000000e-01 
1.2131374011e-09 1.4513845657e+04 9.8121238600e-01 6.2000000000e-01 
5.3513061449e-09 1.1510235367e+04 6.3583890415e-01 6.2000000000e-01 
5.2244673671e-12 1.2729940893e+04 8.5636748042e-01 6.2000000000e-01 
5.9318434188e-10 1.3129472386e+04 7.3000583174e-01 6.2000000000e-01 
3.8185166105e-10 1.3950994563e+04 4.7678156810e-01 6.2000000000e-01 
5.1836690051e-10 2.0000000000e+04 4.9900816315e-01 6.2000000000e-01 
1.3200759431e-10 2.0000000000e+04 3.2986035983e-01 6.2000000000e-01 
2.3499999999e-07 2.0000000000e+04 6.2939930492e-01 6.2000000000e-01 
1.8210127065e-08 1.5927072034e+04 1.1420831085e+00 6.2000000000e-01 
4.3368240835e-09 1.1298773636e+04 9.4806513060e-01 6.2000000000e-01 
1.2544521409e-09 1.4843895023e+04 3.0263442398e-01 6.2000000000e-01 
1.2910603626e-10 1.4113847678e+04 1.9692625972e-01 6.2000000000e-01 
6.2475759328e-09 1.1875980739e+04 6.5087483609e-01 6.2000000000e-01 
9.6751986717e-09 1.1454844865e+04 1.3550061860e+00 6.2000000000e-01 
1.7161702749e-08 1.3058236037e+04 1.0508336253e+00 6.2000000000e-01 
2.3500000000e-07 1.4079756128e+04 6.8899679776e-01 6.2000000000e-01 
2.3500000000e-07 1.7351889608e+04 7.0497837162e-01 6.2000000000e-01 
1.1709773771e-07 1.1527629186e+04 1.4946402070e+00 6.2000000000e-01 
1.8874003981e-10 1.8355909041e+04 1.1206617026e+00 6.2000000000e-01 
5.9607190952e-09 1.2456727194e+04 1.2341710347e+00 6.2000000000e-01 
3.5745048766e-08 1.8203008878e+04 1.2094741650e+00 6.2000000000e-01 
6.7472854137e-09 1.5990600431e+04 3.6776941660e-01 6.2000000000e-01 
9.2123310834e-09 1.1546395121e+04 7.9108778548e-01 6.2000000000e-01 
3.4454750559e-09 2.0000000000e+04 8.8557747828e-01 6.2000000000e-01 
1.1885614409e-08 1.1383130588e+04 3.8789325183e-01 6.2000000000e-01 
1.8694320635e-08 1.9367370045e+04 1.2155433838e-01 6.2000000000e-01 
4.5733511996e-10 1.3786988927e+04 6.8960864021e-01 6.2000000000e-01 
4.3630661808e-08 1.2704498767e+04 6.2643233728e-01 6.2000000000e-01 
6.1670957859e-10 1.3275237701e+04 8.0034161380e-01 6.2000000000e-01 
8.9228470998e-08 1.3280885860e+04 2.0691717122e-01 6.2000000000e-01 
9.0924754848e-08 1.5925934241e+04 1.3585559193e+00 6.2000000000e-01 
4.4297669776e-08 1.1687372804e+04 8.9612887629e-01 6.2000000000e-01 
4.0286755956e-10 1.8203830995e+04 1.2083971068e+00 6.2000000000e-01 
2.3500000000e-07 1.1598079655e+04 8.0419818534e-01 6.2000000000e-01 
5.9027737691e-12 1.1607213282e+04 1.0295056661e+00 6.2000000000e-01 
1.0529249150e-10 1.1637219400e+04 6.1859455606e-01 6.2000000000e-01 
3.7515896034e-11 1.1214764889e+04 6.2740559847e-01 6.2000000000e-01 
8.4869672755e-09 2.0000000000e+04 1.4060445271e+00 6.2000000000e-01 
7.2585939646e-10 1.3603379736e+04 4.5292918292e-01 6.2000000000e-01 
2.3499999999e-07 1.7623361648e+04 7.6601538020e-01 6.2000000000e-01 
2.3500000000e-07 1.1792090946e+04 5.2393499598e-01 6.2000000000e-01 
5.2243484820e-10 1.4880756978e+04 1.4148152802e+00 6.2000000000e-01 
2.4586792479e-10 1.7745725899e+04 5.4765576733e-01 6.2000000000e-01 
1.4008532420e-08 1.5136019589e+04 5.4266373316e-01 6.2000000000e-01 
7.1980532143e-11 1.2545038804e+04 1.0671801696e+00 6.2000000000e-01 
3.9528326818e-12 1.2748108982e+04 1.1392326134e+00 6.2000000000e-01 
3.3239179873e-09 1.4848231180e+04 1.0107143451e+00 6.2000000000e-01 
3.3289241998e-10 1.7020424080e+04 1.3066001230e+00 6.2000000000e-01 
5.4954403418e-10 1.6625285720e+04 7.8899528348e-01 6.2000000000e-01 
9.4070191298e-11 1.2084245439e+04 3.3523632622e-01 6.2000000000e-01 
2.3499999999e-07 1.3348935284e+04 2.4817731984e-01 6.2000000000e-01 
4.1351040652e-10 1.2942241208e+04 1.2220519725e+00 6.2000000000e-01 
5.8849034598e-09 1.2248762780e+04 6.3715384360e-01 6.2000000000e-01 
6.4343335796e-10 1.3361742672e+04 1.1819659792e+00 6.2000000000e-01 
2.6416413893e-10 1.1755718807e+04 6.2293801946e-01 6.2000000000e-01 
2.4636402308e-08 1.2873972940e+04 7.6454176525e-01 6.2000000000e-01 
2.4743463144e-08 1.2406695030e+04 3.6383381649e-01 6.2000000000e-01 
4.6892569434e-10 1.1454991551e+04 2.5479714814e-01 6.2000000000e-01 
3.2660854738e-13 1.4527023089e+04 6.1454916771e-01 6.2000000000e-01 
1.1314887617e-08 1.6221336006e+04 7.1287819317e-01 6.2000000000e-01 
5.9190783996e-11 1.2192160392e+04 7.6573529870e-01 6.2000000000e-01 
7.1627624662e-09 2.0000000000e+04 9.5867616244e-01 6.2000000000e-01 
4.3103943381e-10 1.2633725082e+04 3.6118424652e-01 6.2000000000e-01 
1.0187403391e-09 1.1513907343e+04 8.3724881387e-01 6.2000000000e-01 
2.2036739794e-07 1.1434559375e+04 4.8707968316e-01 6.2000000000e-01 
1.0705546654e-08 1.2469541101e+04 8.5095162270e-01 6.2000000000e-01 
3.1332251851e-09 1.3456198883e+04 1.2368705543e+00 6.2000000000e-01 
2.3499999999e-07 1.1408099297e+04 2.1532906981e-01 6.2000000000e-01 
1.0808255010e-07 1.6333626940e+04 1.1185940330e+00 6.2000000000e-01 
2.5568599394e-08 1.1877482133e+04 1.3296793914e+00 6.2000000000e-01 
2.2259025233e-10 1.1407705970e+04 1.0740228149e+00 6.2000000000e-01 
2.0895205834e-10 1.5530994349e+04 5.0329939310e-01 6.2000000000e-01 
2.3499999999e-07 1.1958945418e+04 1.0846626337e+00 6.2000000000e-01 
7.3625517508e-08 1.1750132203e+04 4.0047082350e-01 6.2000000000e-01 
7.1539504434e-09 1.3323037095e+04 1.1204540277e+00 6.2000000000e-01 
1.4973716825e-09 1.1248407952e+04 1.1386382683e+00 6.2000000000e-01 
6.2464060728e-09 1.6714164931e+04 1.0627284349e+00 6.2000000000e-01 
2.8153402471e-08 1.2428993529e+04 6.8724144974e-01 6.2000000000e-01 
2.0296502082e-11 1.2288967883e+04 5.6640101777e-01 6.2000000000e-01 
9.8797954865e-12 1.1911514529e+04 1.1195274425e+00 6.2000000000e-01 
3.5412252905e-10 1.1678317660e+04 1.2138253406e+00 6.2000000000e-01 
1.7745259260e-12 1.1628762345e+04 5.6396103866e-01 6.2000000000e-01 
1.4491310786e-10 1.3218141065e+04 1.0150677640e+00 6.2000000000e-01 
2.0472859309e-09 1.2116623740e+04 1.0646153025e+00 6.2000000000e-01 
1.1057267518e-08 1.3597905074e+04 1.0564410451e+00 6.2000000000e-01 
1.2269162051e-11 1.2825218501e+04 8.0509724980e-01 6.2000000000e-01 
2.6223011767e-10 2.0000000000e+04 6.1336172787e-01 6.2000000000e-01 
1.2505209105e-08 1.1214520588e+04 6.0341851403e-01 6.2000000000e-01 
2.3500000000e-07 1.2872970318e+04 2.5830595550e-01 6.2000000000e-01 
1.3426504635e-10 1.9061011781e+04 6.5200767939e-01 6.2000000000e-01 
2.3499999999e-07 1.5588449895e+04 5.3344760157e-01 6.2000000000e-01 
2.9852726860e-09 1.4449646999e+04 9.2861541484e-01 6.2000000000e-01 
2.9563538993e-12 2.0000000000e+04 1.3614489723e+00 6.2000000000e-01 
8.1495030539e-09 1.2123075500e+04 1.2937461882e+00 6.2000000000e-01 
2.3500000000e-07 1.2076983873e+04 6.7540995397e-01 6.2000000000e-01 
2.3500000000e-07 1.6443308505e+04 4.8848875641e-01 6.2000000000e-01 
7.6142169824e-09 1.7356282300e+04 7.1680654932e-01 6.2000000000e-01 
4.1664257137e-08 1.1348926636e+04 7.0014960127e-01 6.2000000000e-01 
1.0916043454e-07 1.3291674783e+04 8.8720820862e-01 6.2000000000e-01 
2.3500000000e-07 1.4657777991e+04 9.8557412486e-01 6.2000000000e-01 
1.1639196217e-08 1.1568224252e+04 5.5496337904e-01 6.2000000000e-01 
5.1698996681e-08 1.2389249331e+04 7.6055141334e-01 6.2000000000e-01 
2.3499999999e-07 1.4713262215e+04 1.0047689373e+00 6.2000000000e-01 
1.7913931222e-08 1.2370349941e+04 1.2333536815e+00 6.2000000000e-01 
1.9371756317e-08 1.4733463548e+04 9.4592468821e-01 6.2000000000e-01 
2.3499999999e-07 1.5898410427e+04 6.8899398215e-01 6.2000000000e-01 
6.5904237831e-08 1.1781380144e+04 1.3230272809e+00 6.2000000000e-01 
1.5635685735e-09 1.2398774044e+04 7.6854560817e-01 6.2000000000e-01 
2.3499999999e-07 1.5511436659e+04 5.5156939127e-01 6.2000000000e-01 
1.6360599442e-07 1.1325984403e+04 1.3711325232e+00 6.2000000000e-01 
3.8204312402e-10 1.3818066493e+04 6.6909565291e-01 6.2000000000e-01 
2.3499999999e-07 1.3241173574e+04 6.2947217084e-01 6.2000000000e-01 
7.0002166030e-10 1.9958848324e+04 1.1453769562e+00 6.2000000000e-01 
5.1074316223e-09 1.2336194149e+04 1.3292587820e+00 6.2000000000e-01 
2.4436132045e-10 1.2123879129e+04 6.4285083775e-01 6.2000000000e-01 
6.0010163219e-12 1.1486876258e+04 9.1909342779e-01 6.2000000000e-01 
4.8034766597e-12 1.2253233197e+04 5.5859313148e-01 6.2000000000e-01 
2.9628254027e-08 1.2466930089e+04 4.8536569630e-01 6.2000000000e-01 
1.6654747606e-08 1.4345579334e+04 1.0984178374e+00 6.2000000000e-01 
2.5071841239e-11 1.3669314019e+04 6.1543606010e-01 6.2000000000e-01 
2.3500000000e-07 1.1404962582e+04 5.5213885507e-01 6.2000000000e-01 
7.0352213572e-10 1.1936647146e+04 9.3925107898e-01 6.2000000000e-01 
1.3434326060e-07 1.3070397659e+04 1.1093731762e+00 6.2000000000e-01 
4.2086068008e-10 1.2444910460e+04 1.3794750051e+00 6.2000000000e-01 
2.0172048842e-08 1.2163139126e+04 1.0579739799e+00 6.2000000000e-01 
1.6884444308e-07 1.3374263533e+04 7.1372087146e-01 6.2000000000e-01 
1.4368263051e-07 1.1342609582e+04 1.4904885335e-01 6.2000000000e-01 
1.0210789377e-09 1.1474728829e+04 7.3118146649e-01 6.2000000000e-01 
2.3500000000e-07 1.1290058981e+04 4.2924465717e-01 6.2000000000e-01 
1.7337400893e-09 1.3897294222e+04 9.3508510265e-01 6.2000000000e-01 
1.5364935287e-09 1.7048907392e+04 1.0446500780e+00 6.2000000000e-01 
2.0367907320e-07 1.8394322241e+04 6.1697686450e-01 6.2000000000e-01 
2.3499999999e-07 1.9014363972e+04 1.0831318201e+00 6.2000000000e-01 
3.9207794219e-09 1.1666056021e+04 8.1679540500e-01 6.2000000000e-01 
1.7013336464e-09 1.9106307515e+04 7.1825929367e-01 6.2000000000e-01 
1.4083922027e-09 1.4225053239e+04 8.6595635955e-01 6.2000000000e-01 
9.0523198980e-11 1.3730389197e+04 1.1806099914e+00 6.2000000000e-01 
1.2469455663e-09 1.3361758424e+04 3.8024368239e-01 6.2000000000e-01 
4.7288104349e-10 1.4084678307e+04 9.6779449736e-01 6.2000000000e-01 
2.4203150665e-08 1.1680823540e+04 5.9390912618e-01 6.2000000000e-01 
2.3127213322e-10 1.1790505659e+04 8.2767001430e-01 6.2000000000e-01 
2.1529230018e-07 1.4028303334e+04 3.1676960804e-01 6.2000000000e-01 
4.9550450897e-09 1.5980411564e+04 6.0562304360e-01 6.2000000000e-01 
2.3500000000e-07 1.2913923103e+04 5.8417526805e-01 6.2000000000e-01 
2.3500000000e-07 1.5498342251e+04 9.4702196623e-01 6.2000000000e-01 
2.3500000000e-07 1.2788206253e+04 4.2124136116e-01 6.2000000000e-01 
3.9636197329e-09 2.0000000000e+04 4.7547703991e-01 6.2000000000e-01 
2.4182611248e-11 2.0000000000e+04 7.8502585445e-01 6.2000000000e-01 
1.4081393236e-12 1.2236137570e+04 4.4224077763e-01 6.2000000000e-01 
6.5426255302e-09 1.1492368264e+04 9.6118103248e-01 6.2000000000e-01 
2.3499999999e-07 1.3356929388e+04 6.7922064056e-01 6.2000000000e-01 
1.5301700453e-10 1.3914780857e+04 2.5476622360e-01 6.2000000000e-01 
1.9552361103e-09 1.5868179043e+04 3.7977233728e-01 6.2000000000e-01 
2.8614561499e-09 1.1904830019e+04 6.5780878926e-01 6.2000000000e-01 
1.9819019826e-07 1.1508579512e+04 1.2270124844e+00 6.2000000000e-01 
1.2124324452e-07 1.1815753041e+04 7.3575123911e-01 6.2000000000e-01 
4.8546092767e-11 1.1701966625e+04 4.4388289417e-01 6.2000000000e-01 
1.6059507450e-08 1.1743389808e+04 4.7720710833e-01 6.2000000000e-01 
3.0498159430e-09 1.9900301215e+04 4.8658401247e-01 6.2000000000e-01 
7.2829979383e-09 1.4468964259e+04 1.1880022316e+00 6.2000000000e-01 
5.5126479172e-11 1.3049825167e+04 1.0857841925e+00 6.2000000000e-01 
4.7208053802e-08 1.5432479824e+04 9.5202008467e-01 6.2000000000e-01 
3.6049370239e-09 1.4819793232e+04 9.5946247514e-01 6.2000000000e-01 
6.4913101106e-10 1.1880998402e+04 7.7461468663e-01 6.2000000000e-01 
8.2553207893e-11 1.2914349146e+04 1.3055986733e+00 6.2000000000e-01 
3.3941717895e-09 2.0000000000e+04 1.0767222301e+00 6.2000000000e-01 
7.4388944752e-08 1.3168289949e+04 1.0589152550e+00 6.2000000000e-01 
1.7598111885e-09 1.8392544528e+04 2.9566592603e-01 6.2000000000e-01 
6.1589295913e-12 1.7064106164e+04 4.3296429490e-02 6.2000000000e-01 
7.9983988902e-10 1.6129750080e+04 5.9068795187e-01 6.2000000000e-01 
3.0281102352e-09 1.2167066859e+04 5.2170382111e-01 6.2000000000e-01 
9.8837509766e-08 1.3612491910e+04 2.8285192784e-01 6.2000000000e-01 
6.5576910914e-09 1.1743767993e+04 1.2807196452e+00 6.2000000000e-01 
2.2425988240e-11 1.2003441688e+04 1.3327378897e+00 6.2000000000e-01 
3.7881564947e-08 1.1638832161e+04 1.0322817161e+00 6.2000000000e-01 
