Mass [kg]        Velocity [m s-1]    Theta [rad]    CO2 [frac]    
2.3499999999e-07 1.1719732653e+04 7.7602748793e-01 1.7000000000e-01 
4.1640200857e-10 1.1488298529e+04 8.0829155316e-01 1.7000000000e-01 
2.3500000000e-07 1.2002576195e+04 5.5628331165e-01 1.7000000000e-01 
7.6103205460e-08 1.1576033214e+04 1.1089146644e+00 1.7000000000e-01 
1.7648676512e-08 1.5175338366e+04 1.2381432499e+00 1.7000000000e-01 
3.3349142291e-08 1.2349714310e+04 1.0102705784e+00 1.7000000000e-01 
4.3476748932e-08 1.1697465690e+04 9.1015596886e-01 1.7000000000e-01 
2.3499999999e-07 1.1306274139e+04 6.7306671347e-01 1.7000000000e-01 
1.8897422456e-07 1.2793714331e+04 1.4712389609e+00 1.7000000000e-01 
2.3500000000e-07 1.1600852138e+04 6.3272365093e-01 1.7000000000e-01 
7.7038385873e-11 1.8463281710e+04 8.3460160415e-01 1.7000000000e-01 
7.4792709386e-09 1.1362644990e+04 5.4874901799e-01 1.7000000000e-01 
1.8452773217e-10 1.3994586216e+04 5.7242906910e-01 1.7000000000e-01 
2.3500000000e-07 1.1303117453e+04 5.6356727662e-01 1.7000000000e-01 
2.3500000000e-07 1.2410959394e+04 2.5488145847e-01 1.7000000000e-01 
4.9245261897e-10 1.1209653096e+04 5.6520614904e-01 1.7000000000e-01 
1.2591729842e-10 1.2064821067e+04 8.7107037009e-01 1.7000000000e-01 
2.3499999999e-07 1.1351087736e+04 1.0516295484e+00 1.7000000000e-01 
5.4030247797e-13 1.8215958715e+04 1.1694823703e+00 1.7000000000e-01 
4.6691177595e-08 1.1469445052e+04 7.5135589161e-01 1.7000000000e-01 
1.0462408908e-11 1.3155480415e+04 4.3257130267e-01 1.7000000000e-01 
1.4781035591e-08 1.2474118123e+04 2.7706312672e-01 1.7000000000e-01 
1.6906642071e-10 1.4596794195e+04 1.0672181352e+00 1.7000000000e-01 
2.7871454573e-10 1.2233876697e+04 8.0109592828e-01 1.7000000000e-01 
2.0178827252e-10 1.2377087956e+04 1.4716822703e+00 1.7000000000e-01 
3.8190597216e-09 1.1416819997e+04 4.9505150030e-01 1.7000000000e-01 
6.0185090964e-10 1.3713477799e+04 8.5097807365e-01 1.7000000000e-01 
3.1139147230e-10 1.5040929300e+04 9.6293953381e-01 1.7000000000e-01 
3.8763273123e-10 1.4250814604e+04 7.1095488082e-01 1.7000000000e-01 
1.1780131324e-09 1.4700892724e+04 1.1630023150e+00 1.7000000000e-01 
1.2378134366e-10 1.4657233938e+04 4.1664634822e-01 1.7000000000e-01 
6.4052614743e-08 1.4750112813e+04 7.9328192290e-01 1.7000000000e-01 
2.3499999999e-07 1.2533456803e+04 1.1769972268e+00 1.7000000000e-01 
2.9858103249e-10 1.4131431695e+04 1.6207356713e-01 1.7000000000e-01 
2.9252842170e-09 1.3753502838e+04 3.3129912296e-01 1.7000000000e-01 
1.7468299921e-09 1.4720096620e+04 5.3777475320e-01 1.7000000000e-01 
1.4840430143e-07 1.2392078082e+04 9.8736881649e-01 1.7000000000e-01 
2.3136651645e-09 1.3433332647e+04 1.1400085081e+00 1.7000000000e-01 
3.0513129334e-08 1.2514684711e+04 8.2493454700e-01 1.7000000000e-01 
2.3499999999e-07 1.8954245247e+04 6.2966600079e-01 1.7000000000e-01 
1.2521079757e-07 1.2744270272e+04 6.9355083037e-01 1.7000000000e-01 
1.6259787225e-07 1.1639567006e+04 1.2578922416e+00 1.7000000000e-01 
2.3500000000e-07 2.0000000000e+04 5.5530206269e-01 1.7000000000e-01 
1.3635560595e-09 1.4802782309e+04 1.3580463351e+00 1.7000000000e-01 
7.2734323766e-10 1.4728824332e+04 1.0193458580e+00 1.7000000000e-01 
2.3500000000e-07 2.0000000000e+04 7.2619278239e-01 1.7000000000e-01 
1.4228121079e-10 1.3173850779e+04 3.0718202671e-01 1.7000000000e-01 
1.4707004251e-10 1.2535393571e+04 1.1210470688e+00 1.7000000000e-01 
7.8701382682e-10 1.3028523628e+04 6.7397345394e-01 1.7000000000e-01 
8.1171991829e-10 1.1280912399e+04 1.3734209427e+00 1.7000000000e-01 
7.6235448134e-08 1.1400580959e+04 1.3568748061e+00 1.7000000000e-01 
1.5935049417e-08 1.1733806085e+04 6.1412688965e-01 1.7000000000e-01 
4.5000267524e-08 1.2359062469e+04 3.7591713987e-01 1.7000000000e-01 
3.8647026303e-09 1.1655920618e+04 3.8289754295e-01 1.7000000000e-01 
1.2142498808e-09 1.2198624731e+04 3.0215650059e-01 1.7000000000e-01 
1.7605176778e-09 1.1639393795e+04 3.7997301175e-01 1.7000000000e-01 
1.4386419919e-09 1.1892614023e+04 9.0866523159e-01 1.7000000000e-01 
1.8100015415e-09 1.2062341700e+04 1.4050302986e+00 1.7000000000e-01 
7.1492629254e-10 1.4414214841e+04 1.0390488751e+00 1.7000000000e-01 
2.6549848158e-08 1.7313314210e+04 1.1420106389e+00 1.7000000000e-01 
2.3500000000e-07 1.5820302857e+04 4.2188513977e-01 1.7000000000e-01 
1.0520566675e-09 1.2919996625e+04 1.0898125414e+00 1.7000000000e-01 
7.5905975017e-09 1.4029817913e+04 1.1730069759e+00 1.7000000000e-01 
6.4871561259e-10 1.5493467312e+04 5.5220072288e-01 1.7000000000e-01 
9.4936628090e-10 1.3476747465e+04 9.5072394779e-01 1.7000000000e-01 
6.5541734283e-09 2.0000000000e+04 1.0989601116e+00 1.7000000000e-01 
1.2323623294e-07 1.3197964918e+04 5.2223082045e-01 1.7000000000e-01 
2.3500000000e-07 1.3527893139e+04 8.7130817168e-01 1.7000000000e-01 
2.3500000000e-07 1.7095841979e+04 2.3132340030e-01 1.7000000000e-01 
2.5854540991e-09 1.6093264129e+04 5.7219121876e-01 1.7000000000e-01 
2.5008096616e-10 1.3378819512e+04 1.9304868630e-01 1.7000000000e-01 
1.9850161594e-11 2.0000000000e+04 5.3974074219e-01 1.7000000000e-01 
2.5283479555e-10 1.1668092818e+04 7.9929205987e-01 1.7000000000e-01 
4.8583042002e-09 1.4402968514e+04 1.1433483096e+00 1.7000000000e-01 
9.3918015614e-09 2.0000000000e+04 9.4613927313e-01 1.7000000000e-01 
3.4810269491e-09 1.1949931698e+04 1.1843579931e+00 1.7000000000e-01 
4.8908583136e-10 1.1452304440e+04 1.1267763328e+00 1.7000000000e-01 
1.8295524324e-10 1.3203716749e+04 7.2110493263e-01 1.7000000000e-01 
4.9212744064e-13 2.0000000000e+04 1.3481540566e+00 1.7000000000e-01 
2.3500000000e-07 1.2543751693e+04 6.3379563748e-01 1.7000000000e-01 
1.3567037364e-09 1.1965748509e+04 6.1853254137e-02 1.7000000000e-01 
1.1819036833e-09 1.1394653962e+04 8.7400046932e-01 1.7000000000e-01 
5.7100311330e-08 1.7401562460e+04 7.7316599360e-01 1.7000000000e-01 
3.9617307165e-08 1.1307740486e+04 1.9602491195e-01 1.7000000000e-01 
1.1872260522e-09 1.1237630094e+04 1.1476217503e+00 1.7000000000e-01 
9.7850143895e-11 1.5993906221e+04 8.3593969609e-01 1.7000000000e-01 
4.1193303130e-11 2.0000000000e+04 1.3456939781e+00 1.7000000000e-01 
8.0087888850e-10 1.3797546160e+04 7.3916396086e-01 1.7000000000e-01 
2.3499999999e-07 1.5164074426e+04 1.3666081447e+00 1.7000000000e-01 
3.8881414837e-09 1.2068861107e+04 1.1256027821e+00 1.7000000000e-01 
3.4996557822e-08 1.3326096371e+04 7.0225696481e-01 1.7000000000e-01 
2.6091706440e-10 1.9422258552e+04 5.7248438685e-01 1.7000000000e-01 
4.0661888084e-11 1.3496299443e+04 7.4487216236e-01 1.7000000000e-01 
1.5638105063e-10 1.1558587801e+04 5.7658336680e-01 1.7000000000e-01 
2.3500000000e-07 1.4446383461e+04 3.9610655890e-01 1.7000000000e-01 
1.3091444276e-09 1.3411066699e+04 5.7665192714e-01 1.7000000000e-01 
1.6881388084e-07 1.4145530437e+04 7.8412393190e-01 1.7000000000e-01 
1.8703408755e-11 1.2132674952e+04 1.0847514002e+00 1.7000000000e-01 
8.8349844015e-10 1.2275272874e+04 1.0054380179e+00 1.7000000000e-01 
1.9307562067e-09 1.1381252056e+04 6.6237831202e-01 1.7000000000e-01 
5.9848671851e-10 1.8824538472e+04 1.1735905694e+00 1.7000000000e-01 
3.0976296957e-10 1.5308997547e+04 2.4883354929e-01 1.7000000000e-01 
3.8456863684e-11 1.2324868474e+04 8.6252765076e-01 1.7000000000e-01 
1.1434744909e-09 1.7922679554e+04 7.1033579394e-01 1.7000000000e-01 
4.8432184040e-08 1.2121652713e+04 1.5716022268e-01 1.7000000000e-01 
1.7339701423e-08 2.0000000000e+04 5.3297892088e-01 1.7000000000e-01 
2.8685949367e-09 1.4004812922e+04 9.8291876676e-01 1.7000000000e-01 
7.0352196637e-09 2.0000000000e+04 9.7280982222e-01 1.7000000000e-01 
8.2768056480e-10 1.1821350384e+04 5.7388874587e-01 1.7000000000e-01 
1.6172295536e-07 1.2736204841e+04 5.7015019930e-01 1.7000000000e-01 
1.2765720773e-10 1.3304000048e+04 6.9671877369e-01 1.7000000000e-01 
4.8945580657e-10 1.1813711337e+04 9.0085260194e-01 1.7000000000e-01 
1.4003337323e-10 1.1954892986e+04 5.0954078928e-01 1.7000000000e-01 
2.3499999999e-07 1.1333482404e+04 2.0812444794e-01 1.7000000000e-01 
1.7221276868e-09 1.2106811893e+04 1.3032411913e+00 1.7000000000e-01 
4.0164660678e-11 1.4613777711e+04 5.8531070799e-01 1.7000000000e-01 
1.6138762290e-08 1.7136603850e+04 9.5110274010e-01 1.7000000000e-01 
3.8238555029e-08 1.1791536362e+04 1.1752565245e+00 1.7000000000e-01 
1.6822425660e-09 1.2038567685e+04 9.3680462893e-01 1.7000000000e-01 
1.1328223892e-08 1.3683855507e+04 3.2727990543e-01 1.7000000000e-01 
1.2312010710e-07 1.1706444039e+04 4.3558871261e-01 1.7000000000e-01 
2.0223045038e-10 1.2439652598e+04 1.2061749252e+00 1.7000000000e-01 
7.8756147241e-11 2.0000000000e+04 9.4038134228e-01 1.7000000000e-01 
1.5932789931e-08 1.4335329842e+04 1.4333945847e+00 1.7000000000e-01 
7.7775510002e-09 1.2455848039e+04 1.2448755841e+00 1.7000000000e-01 
2.5034531076e-10 1.3008769329e+04 1.0957738490e+00 1.7000000000e-01 
3.2467747385e-09 1.6750682274e+04 9.9642441641e-01 1.7000000000e-01 
2.3500000000e-07 1.1785668751e+04 1.0942182379e+00 1.7000000000e-01 
5.9914714400e-13 1.4403806321e+04 9.1775417053e-01 1.7000000000e-01 
5.0034295172e-10 1.3097084518e+04 2.6396375364e-01 1.7000000000e-01 
1.6605164351e-09 1.1619410245e+04 1.3251456521e+00 1.7000000000e-01 
8.6873971980e-10 2.0000000000e+04 5.4792436584e-01 1.7000000000e-01 
6.1329034592e-11 1.3138533773e+04 6.5510527416e-01 1.7000000000e-01 
2.3500000000e-07 1.1441262150e+04 5.8372902048e-01 1.7000000000e-01 
3.5644224275e-11 1.2617809446e+04 1.0529884284e+00 1.7000000000e-01 
2.9463206188e-10 2.0000000000e+04 5.0505442902e-01 1.7000000000e-01 
3.8993720924e-09 1.1653528208e+04 1.0716805712e+00 1.7000000000e-01 
6.3880713556e-12 1.3851398386e+04 4.9198497386e-01 1.7000000000e-01 
4.2015635279e-10 1.4136012251e+04 1.1999009993e+00 1.7000000000e-01 
2.7187866854e-09 2.0000000000e+04 9.2472907041e-01 1.7000000000e-01 
3.5190661678e-09 1.2124651075e+04 9.0886915099e-01 1.7000000000e-01 
2.3499999999e-07 1.3223258610e+04 4.9464864790e-01 1.7000000000e-01 
6.3262359539e-10 1.5079616694e+04 1.2217017860e+00 1.7000000000e-01 
8.3689400908e-09 1.1835266248e+04 3.8570226020e-01 1.7000000000e-01 
3.7945475379e-10 1.4507456066e+04 4.7958910029e-01 1.7000000000e-01 
2.2658036882e-10 1.1924553201e+04 1.0680550590e+00 1.7000000000e-01 
7.4808151302e-10 2.0000000000e+04 9.3813410599e-01 1.7000000000e-01 
6.0136326308e-09 1.2169678751e+04 4.6257592618e-01 1.7000000000e-01 
7.9454475781e-08 1.1311730989e+04 5.3953991682e-01 1.7000000000e-01 
1.8582195673e-09 1.4171962053e+04 1.1186950220e+00 1.7000000000e-01 
1.2388866326e-08 1.4343282351e+04 7.9870260249e-01 1.7000000000e-01 
3.2044133897e-12 1.6386600342e+04 1.1035932477e+00 1.7000000000e-01 
2.3499999999e-07 1.4298216618e+04 1.2020197496e+00 1.7000000000e-01 
1.7805632251e-09 1.2023923582e+04 4.0343514069e-01 1.7000000000e-01 
2.3810397956e-08 1.2302971515e+04 5.4746866126e-01 1.7000000000e-01 
5.8912720324e-10 2.0000000000e+04 9.4355267920e-01 1.7000000000e-01 
2.6621549833e-10 1.2724395024e+04 8.7053579501e-01 1.7000000000e-01 
1.3085914635e-08 1.2655404748e+04 2.5360008616e-01 1.7000000000e-01 
1.3822622841e-08 1.3017465278e+04 4.5023879205e-01 1.7000000000e-01 
2.3499999999e-07 1.1805567399e+04 1.0924392936e+00 1.7000000000e-01 
8.3030902267e-12 1.6579867548e+04 1.0078343226e+00 1.7000000000e-01 
3.7312130775e-09 1.2640119110e+04 4.7347123021e-01 1.7000000000e-01 
1.6776718343e-07 2.0000000000e+04 5.8228321547e-01 1.7000000000e-01 
5.6336247689e-08 1.1498656210e+04 1.3706220698e+00 1.7000000000e-01 
3.7507503284e-10 1.4240811221e+04 1.3532301336e-01 1.7000000000e-01 
2.3500000000e-07 1.2556349109e+04 4.2712802922e-01 1.7000000000e-01 
1.7611259476e-10 1.1800450197e+04 4.3353507819e-01 1.7000000000e-01 
1.4295705941e-07 1.3685647580e+04 9.0913286224e-01 1.7000000000e-01 
3.6184183708e-08 1.1534331980e+04 1.0873549770e+00 1.7000000000e-01 
2.5543745577e-11 1.2001893684e+04 1.3203747234e+00 1.7000000000e-01 
1.0776467406e-07 1.1952960217e+04 7.5077303403e-01 1.7000000000e-01 
1.3566158030e-10 1.1443375741e+04 4.9393707430e-01 1.7000000000e-01 
2.3500000000e-07 1.4439607091e+04 3.1504675452e-01 1.7000000000e-01 
1.0985378915e-09 1.7017435893e+04 1.7097179678e-01 1.7000000000e-01 
3.5402248316e-09 1.1473992961e+04 1.3645839519e+00 1.7000000000e-01 
2.3499999999e-07 1.6421216891e+04 3.4553466190e-01 1.7000000000e-01 
2.2132007006e-08 1.1425397125e+04 3.3631386722e-01 1.7000000000e-01 
5.5694966980e-08 1.1890284445e+04 4.9967430426e-01 1.7000000000e-01 
8.8448720568e-10 1.8356649093e+04 8.0048986451e-01 1.7000000000e-01 
1.5040273290e-11 1.2357633235e+04 6.9524043062e-01 1.7000000000e-01 
4.0215657580e-10 1.1804504161e+04 3.2117474461e-01 1.7000000000e-01 
9.1588464229e-09 1.3599516529e+04 4.3536269078e-01 1.7000000000e-01 
1.4879101137e-09 1.1219654833e+04 1.2793092356e-01 1.7000000000e-01 
7.3423926071e-08 1.2768251274e+04 1.0046740722e-01 1.7000000000e-01 
4.1263169199e-09 1.1859300190e+04 4.0284095011e-01 1.7000000000e-01 
2.3499999999e-07 1.5098135677e+04 8.8599377568e-01 1.7000000000e-01 
2.3500000000e-07 1.4126178829e+04 2.2958635722e-01 1.7000000000e-01 
5.8107126751e-09 1.6290658754e+04 4.4959280057e-01 1.7000000000e-01 
5.9554972544e-08 1.6467652676e+04 9.1094918845e-01 1.7000000000e-01 
3.5007692048e-12 1.5904784266e+04 8.6900004593e-01 1.7000000000e-01 
2.3499999999e-07 1.9030193773e+04 1.1412224503e+00 1.7000000000e-01 
2.2227426699e-09 1.3283168515e+04 1.2596546481e+00 1.7000000000e-01 
2.0311254575e-07 1.3875101396e+04 8.0155778782e-01 1.7000000000e-01 
2.7110918866e-08 1.7698218553e+04 5.1275821903e-01 1.7000000000e-01 
9.4244009124e-10 1.2669316994e+04 2.9331567890e-01 1.7000000000e-01 
1.7109859011e-11 1.2319780199e+04 4.1799363170e-01 1.7000000000e-01 
1.5913118620e-07 1.2162951803e+04 9.0979442733e-01 1.7000000000e-01 
3.2317317910e-09 1.3020956181e+04 8.4794062297e-01 1.7000000000e-01 
5.9121061620e-10 1.8765398848e+04 1.2081917310e+00 1.7000000000e-01 
1.2205026102e-10 1.1806586773e+04 7.5552405039e-01 1.7000000000e-01 
