Radius [m]       Fe Area [frac]    Max Temp [k]    
8.1354274824e-06 3.5453535963e-01 1.3661897847e+03 
2.4096471514e-05 2.5355990173e-01 2.3422772248e+03 
1.0026483080e-05 2.9738039432e-01 2.2177395965e+03 
7.2033747017e-05 1.4035853745e-01 2.5062314077e+03 
1.7652759918e-04 1.1504708251e-01 2.4137064125e+03 
5.8676519470e-05 1.7362122258e-01 2.4929497377e+03 
3.7589324352e-05 2.1193068533e-01 2.3623934490e+03 
4.7660490965e-05 1.7763430241e-01 2.4940494947e+03 
5.7823733247e-05 2.1438850936e-01 1.8288112495e+03 
1.5182385688e-04 2.3204795029e-01 2.3494149985e+03 
1.7827572922e-04 9.7456674242e-02 2.4302362538e+03 
1.9176260068e-05 2.5627961448e-01 2.3117448749e+03 
2.2536041360e-05 1.6830649039e-01 1.9498252020e+03 
7.9907859366e-05 1.2743284923e-01 2.5160909843e+03 
6.5838135342e-06 2.6614111083e-01 1.6382801212e+03 
9.2795847713e-05 1.2836790956e-01 2.4930090847e+03 
3.5642609131e-05 3.1654990239e-01 1.4727007941e+03 
5.3039488430e-05 1.5783961456e-01 2.3814376138e+03 
1.6936971565e-05 2.1245157997e-01 1.8340090178e+03 
1.3930749118e-04 1.4980246249e-01 2.4096713940e+03 
1.3336666472e-05 2.5720713926e-01 1.6917086925e+03 
1.0060531085e-05 3.2843383283e-01 2.5338081993e+03 
3.0327675679e-05 1.5967131097e-01 2.1858775137e+03 
5.6934685377e-05 1.5469093994e-01 2.4588419014e+03 
7.5847315654e-05 1.2177977485e-01 2.4221104568e+03 
2.0406066220e-05 2.4787443474e-01 1.7192901933e+03 
5.3330554562e-05 1.5052542680e-01 2.3350927853e+03 
1.2949832203e-04 1.9187265165e-01 2.2087576951e+03 
1.3264365606e-05 1.8494629426e-01 1.9400248657e+03 
1.0385091091e-05 3.1909409509e-01 2.3523794308e+03 
6.8866220236e-05 1.0000000000e+00 3.0000000000e+02 
6.1077132737e-06 3.2457608657e-01 1.4283168590e+03 
2.2637726142e-05 2.3694961167e-01 2.4480830527e+03 
8.5425113707e-06 2.8055386003e-01 1.6085197740e+03 
4.2438839064e-05 2.4754148766e-01 2.4407737717e+03 
4.0486069430e-05 9.4086469584e-02 2.2274624217e+03 
2.2950840057e-05 1.0000000000e+00 8.7013001705e+02 
6.8226849112e-05 1.4923143095e-01 2.4111877075e+03 
2.9001103883e-05 2.5195221068e-01 2.4741339343e+03 
4.4255861563e-05 1.8323328508e-01 2.3868290474e+03 
1.6532759583e-05 2.5221448162e-01 1.7062954295e+03 
1.9072581125e-05 1.6149586290e-01 2.1157730243e+03 
2.1159962039e-05 2.2717118443e-01 1.7862085379e+03 
6.3674099012e-05 5.5506301400e-02 2.2661925299e+03 
1.3281023178e-05 3.1848945788e-01 2.3093012761e+03 
1.4582425363e-04 1.0378147109e-01 2.4566851541e+03 
6.6827949944e-06 3.1331118001e-01 1.4870519154e+03 
3.9500845408e-05 1.1386496812e-01 2.0392574326e+03 
7.0239675302e-06 3.4806981137e-01 1.3680176706e+03 
6.2822565594e-05 1.7210345125e-01 2.0958417757e+03 
5.2046196662e-06 3.4154303468e-01 1.3835041944e+03 
1.8772000518e-05 2.7404202926e-01 1.6224354704e+03 
2.4992733111e-05 2.7144023853e-01 2.4662135170e+03 
2.7567222763e-05 1.5365052988e-01 2.1666843630e+03 
8.0967104512e-05 1.6715657480e-01 2.4610272875e+03 
1.6005807529e-04 9.0359000651e-02 2.4570836668e+03 
1.1738853804e-04 1.2568689132e-01 2.4287434107e+03 
5.1912456609e-05 9.9866994699e-02 2.3000215695e+03 
7.7189105324e-05 1.4557485015e-01 2.3948868005e+03 
2.2802211431e-05 1.9491274573e-01 1.8717260008e+03 
4.0279988106e-05 8.3904862679e-02 2.2352141948e+03 
7.7424332683e-06 3.1111327112e-01 1.5088786876e+03 
3.5008216050e-05 2.4194437971e-01 1.7387888062e+03 
5.7435385068e-06 3.1493195626e-01 2.5684318322e+03 
1.5070456094e-05 2.8409292450e-01 2.3307027939e+03 
1.1971950248e-04 1.1021326581e-01 2.4799467816e+03 
8.3141414413e-05 1.5380946721e-01 2.4273274537e+03 
2.0356282117e-05 1.9857527065e-01 1.8878421214e+03 
1.4843456425e-05 1.0000000000e+00 1.5253536091e+03 
3.7819376442e-05 2.0121857058e-01 2.3638329753e+03 
2.8817309724e-05 1.3309172125e-01 2.0708222831e+03 
6.5064159379e-06 2.9080605628e-01 2.6391263414e+03 
1.5797552484e-05 2.8408268525e-01 2.3187668101e+03 
2.0012149456e-04 1.0000000000e+00 3.0000000000e+02 
3.5115003387e-05 1.3856754139e-01 2.0312654463e+03 
1.2627539832e-04 1.0323643461e-01 2.4803470194e+03 
4.9906856775e-05 1.6334277885e-01 2.3036456488e+03 
9.9310708270e-06 3.3637839922e-01 1.4333043821e+03 
2.7254422217e-05 2.1636225097e-01 2.2610282029e+03 
6.6790029326e-05 1.3975349373e-01 2.5236672639e+03 
6.7544347738e-05 1.3750161366e-01 2.5099453083e+03 
6.3315082456e-05 7.2704990231e-02 2.1307632503e+03 
6.0555767703e-05 3.0649597584e-01 1.5286167481e+03 
9.0792165474e-05 2.5528057746e-01 2.3397773152e+03 
4.3241839241e-05 1.8268610400e-01 1.8955542634e+03 
3.4280781987e-05 1.5591956489e-01 2.1430364584e+03 
1.1590613448e-04 1.1156073025e-01 2.4832623346e+03 
2.7342065520e-05 2.9210485204e-01 2.3959088639e+03 
3.9618350064e-05 1.8956459031e-01 1.9123572605e+03 
8.9745290839e-05 1.2685995414e-01 2.4358850248e+03 
1.5745507112e-04 1.0123732984e-01 2.4113593396e+03 
3.3782803073e-05 2.3989321792e-01 2.4185384282e+03 
9.7469684648e-05 1.3164175630e-01 2.4820476821e+03 
1.1837438892e-05 3.4190589898e-01 1.4180684828e+03 
1.4658142863e-04 8.3584718381e-02 2.4797466310e+03 
3.3774051856e-05 1.2850463737e-01 2.2444970689e+03 
2.4149924680e-05 2.4176368280e-01 2.3419736651e+03 
1.2767692597e-04 1.0000000000e+00 5.2809394309e+02 
1.2277824615e-04 8.4158174685e-02 2.4851504884e+03 
6.3717598109e-05 1.4848673129e-01 2.4606075189e+03 
6.5915864147e-05 3.1327529455e-01 2.3204472266e+03 
1.8622892094e-05 3.1292683457e-01 2.3087749258e+03 
5.7704848573e-05 1.5097368874e-01 2.3693610530e+03 
7.0689122478e-05 1.5931198421e-01 2.3355409478e+03 
1.4961072314e-05 2.2305823872e-01 1.8000884752e+03 
8.5207443438e-06 3.1282582953e-01 2.5855961260e+03 
1.3233156837e-04 7.3688790481e-02 2.5063308104e+03 
3.3765567391e-05 1.2447967685e-01 2.1982281664e+03 
4.9516346593e-06 3.4684686913e-01 2.3705130223e+03 
3.3905384689e-06 1.0000000000e+00 3.9238289265e+02 
5.3432694828e-05 1.8928578703e-01 2.2998482756e+03 
1.4049515148e-04 8.7064437711e-02 2.4660561693e+03 
1.6653660902e-04 1.0633753105e-01 2.2462363609e+03 
5.3322018629e-05 1.6654150449e-01 2.3795624140e+03 
9.0725349953e-05 2.1342036355e-01 2.3951522704e+03 
2.8587546765e-05 1.8790985486e-01 1.8728924648e+03 
4.5650686825e-05 1.9434344552e-01 2.4291124139e+03 
1.7975533893e-04 1.4158554824e-01 2.3899901336e+03 
1.1878657095e-05 2.6250542467e-01 2.6286563711e+03 
9.7928286567e-05 1.3347364905e-01 2.4176118905e+03 
8.7100480097e-06 3.1587098738e-01 2.5771740772e+03 
3.6814830891e-05 2.4957238304e-01 2.3347643759e+03 
1.0821648847e-04 2.5652460326e-01 1.6770562189e+03 
6.5404892001e-05 1.4178765277e-01 2.5240841171e+03 
6.9268690324e-05 1.5119135774e-01 2.4588727866e+03 
8.4873022664e-06 3.4686543517e-01 2.3979291263e+03 
1.0202101636e-04 1.0439548623e-01 2.5010183046e+03 
3.5534134892e-05 2.2684278589e-01 2.4501328152e+03 
6.7181758521e-06 2.6728818340e-01 1.6317541804e+03 
2.0497089957e-04 1.3069831771e-01 2.3880895352e+03 
7.1174630969e-06 2.2724817385e-01 1.7696336674e+03 
2.3192948153e-05 1.8979309325e-01 1.8724716208e+03 
2.3111119968e-05 2.6959129052e-01 2.3985428527e+03 
2.6269327351e-05 2.8448196922e-01 1.6015383784e+03 
3.8635073052e-05 2.0533271478e-01 2.3625027487e+03 
1.2404130868e-04 1.1323953766e-01 2.4161988598e+03 
2.9573691480e-05 1.4280470154e-01 2.0535666363e+03 
1.1522937261e-04 1.3403660362e-01 2.4556721324e+03 
4.1655353368e-05 1.0791239724e-01 2.1074549496e+03 
5.7939950890e-06 3.4742885592e-01 2.3940800869e+03 
1.3267386421e-04 7.5485000274e-02 2.5042214822e+03 
7.5135381189e-05 1.1157807903e-01 2.3241578891e+03 
8.0923920352e-05 1.5841989145e-01 2.3608398742e+03 
2.1545801896e-05 1.5092553192e-01 2.1643718220e+03 
1.4068615340e-05 2.9492173891e-01 2.3215507546e+03 
7.1672325305e-06 3.4010149102e-01 2.2810199536e+03 
2.5054837431e-05 2.2455709904e-01 1.7865612517e+03 
2.3843082297e-05 3.3160616314e-01 1.4248568966e+03 
2.3423006734e-05 1.7924891559e-01 2.0097672767e+03 
6.7461564239e-06 1.0000000000e+00 1.4890430549e+03 
3.9796295588e-05 2.1525010198e-01 2.3621636400e+03 
4.0828786382e-05 8.9422004993e-02 2.2236677877e+03 
3.6903100944e-05 1.8331390545e-01 2.1710368196e+03 
4.1555554010e-05 1.5425294409e-01 1.9546550963e+03 
1.7664624184e-05 1.9369260440e-01 1.8835092490e+03 
4.5073369959e-05 1.2539626261e-01 2.2944522438e+03 
1.9353366872e-05 3.3057586796e-01 2.2993614764e+03 
3.2513390545e-05 3.1572225360e-01 1.4940746558e+03 
4.2528988830e-05 1.0000000000e+00 3.7010975307e+02 
2.4537795080e-05 3.2479993673e-01 1.4700535520e+03 
2.8991998822e-05 1.8769118261e-01 1.9194737724e+03 
2.1384207348e-05 3.1447923233e-01 2.3201227088e+03 
3.1651801002e-05 2.5514649342e-01 1.6968203594e+03 
2.5346723490e-05 1.6841593188e-01 1.9193397717e+03 
3.0242721764e-05 2.5219756640e-01 2.3889237808e+03 
3.3258180344e-05 1.0296290873e-01 2.0983614706e+03 
5.2652994212e-06 3.5147655277e-01 2.3589754594e+03 
8.1799023058e-05 1.3343651456e-01 2.4142894771e+03 
8.9594960930e-06 3.6406749820e-01 1.3307856475e+03 
3.1418639398e-05 9.9627786353e-02 2.1640880426e+03 
1.2898831619e-05 3.0377496282e-01 2.3124528077e+03 
1.6599248263e-04 1.4497431774e-01 2.3878353604e+03 
6.2152237442e-05 1.5384094821e-01 2.4965934234e+03 
4.0673937357e-05 8.1904166606e-02 2.1476883571e+03 
3.8957134727e-05 1.8473635950e-01 2.3692336568e+03 
9.7536421537e-05 1.0000000000e+00 3.0000000000e+02 
2.9875476999e-05 2.5053578478e-01 2.3426105489e+03 
2.3470666884e-05 2.8159804328e-01 2.3289907369e+03 
7.5407707107e-05 2.3068489296e-01 2.3500289068e+03 
5.1653593208e-05 2.1570241310e-01 2.3407541910e+03 
6.9246976410e-06 2.9656164374e-01 1.5478120422e+03 
1.2593356251e-05 2.6843664233e-01 1.6568492828e+03 
1.1036394798e-04 1.6515667581e-01 2.4233437795e+03 
2.0532526940e-05 2.5824883466e-01 1.6674811668e+03 
2.0002204297e-05 3.2542329670e-01 2.2793839345e+03 
1.4353411418e-04 1.1158688489e-01 2.3990218019e+03 
3.7606208679e-05 2.5587122453e-01 1.6724864439e+03 
8.8504556758e-05 1.4146299848e-01 2.4823706397e+03 
1.0182522416e-04 2.4755314459e-01 1.7173831895e+03 
6.7699866437e-06 3.4892660141e-01 2.3794632881e+03 
1.4797849661e-04 1.3319163329e-01 2.4199257555e+03 
7.6081791080e-05 1.4413660184e-01 2.3922235505e+03 
2.3946789771e-05 2.3883928148e-01 2.3484976013e+03 
4.5042123781e-05 2.4959644276e-01 2.4329509597e+03 
1.3691222284e-05 2.8873036178e-01 2.4408067384e+03 
5.9899377680e-05 5.3416699939e-02 2.2470277092e+03 
2.7631471643e-05 2.4370047904e-01 2.3932559786e+03 
1.3013194499e-05 1.0000000000e+00 1.5138429873e+03 
2.6145651482e-05 2.2660655346e-01 1.7794830434e+03 
1.3502571011e-05 2.8328886454e-01 1.6111486594e+03 
