Radius [m]       Fe Area [frac]    Max Temp [k]    
5.6643680779e-05 7.2303654224e-01 2.0969364694e+03 
4.5467711406e-05 6.5999901405e-01 2.2461269629e+03 
3.4155209081e-05 7.3580163530e-01 2.3703362798e+03 
1.0180631049e-04 6.8959909411e-01 2.5276847309e+03 
6.4020883813e-06 7.6510835929e-01 2.6614221404e+03 
1.1052942675e-04 6.9345591262e-01 2.5098315233e+03 
1.7628254740e-05 7.3306994993e-01 2.0115299134e+03 
6.7019871861e-05 7.0236088061e-01 2.4182284451e+03 
6.7469111769e-06 7.7600303235e-01 2.3927874178e+03 
1.0831141566e-04 6.8534532551e-01 2.5304757518e+03 
1.9149518467e-05 7.4636247775e-01 1.9857874241e+03 
1.0187366968e-04 6.9426980655e-01 2.5166521232e+03 
9.8391526030e-05 6.9393307149e-01 2.5052480612e+03 
1.0411485694e-04 7.1652959115e-01 2.4606817535e+03 
7.6458980014e-05 7.1545597593e-01 2.3821347931e+03 
2.8401743789e-05 7.0081707102e-01 2.0501605395e+03 
2.7048767876e-05 1.0000000000e+00 1.1550690297e+03 
2.8390691474e-05 8.2414656355e-01 1.7169669279e+03 
4.9701466095e-05 6.6344647337e-01 2.2349429755e+03 
6.8000401546e-05 6.5966232249e-01 2.3513239541e+03 
3.9397929898e-05 7.4202080977e-01 2.3485514079e+03 
3.8847280114e-05 6.6872133534e-01 2.2213508890e+03 
6.6637679650e-05 7.5342260815e-01 1.8838394446e+03 
1.0758462570e-05 7.7046623791e-01 2.5645757521e+03 
5.2077223119e-05 6.5320979418e-01 2.2648167278e+03 
7.0663366690e-05 7.0558623542e-01 2.4212290478e+03 
1.2038865382e-04 6.9040254352e-01 2.5069522130e+03 
2.8488567977e-05 6.9670800091e-01 2.2999906524e+03 
3.0066330164e-05 7.7290328860e-01 1.9168100361e+03 
7.4861882249e-06 1.0000000000e+00 1.4680046574e+03 
4.3483210051e-05 7.3953693856e-01 1.9322196263e+03 
1.4314231461e-04 7.1045113087e-01 2.4355810756e+03 
3.7810018326e-05 7.2699521247e-01 2.3969952071e+03 
1.3861158162e-05 7.7182270656e-01 1.8118408978e+03 
6.2399467471e-06 1.0000000000e+00 1.3863521830e+03 
6.1621540276e-06 7.6414857072e-01 2.6645682589e+03 
2.3808534293e-05 7.6989876091e-01 1.7806709440e+03 
6.6926429210e-05 7.0623834626e-01 2.4158406258e+03 
8.0518008882e-06 1.0000000000e+00 1.5865125597e+03 
6.7689842934e-06 7.3892750062e-01 1.8038228188e+03 
5.0002634487e-06 7.7600826835e-01 2.4347773639e+03 
7.4179011004e-05 7.2898861044e-01 2.3524253596e+03 
8.6870371378e-06 7.6702754372e-01 2.4194436657e+03 
2.0389258796e-04 6.8906126572e-01 2.1264536097e+03 
5.8016149905e-05 7.3175593481e-01 2.4824257050e+03 
7.2423430133e-05 7.0078368098e-01 2.5386862886e+03 
1.0466851596e-05 7.7632291177e-01 2.4100070691e+03 
3.6354872128e-05 7.4449714388e-01 1.7233804592e+03 
5.2201879071e-05 7.2252595210e-01 2.3881774772e+03 
6.9669023930e-05 7.0098059562e-01 2.4245055806e+03 
1.1919855312e-05 7.7453824773e-01 2.5387505535e+03 
2.4686709339e-05 7.3800102291e-01 2.2747417820e+03 
6.2380283438e-06 1.0000000000e+00 1.5463922991e+03 
8.4167399751e-05 6.9351415524e-01 2.4915514072e+03 
4.7481525323e-06 7.7636911778e-01 2.3898796401e+03 
3.1212468733e-05 7.5438466842e-01 2.4786660900e+03 
3.0213420550e-05 7.6503052656e-01 1.9281214458e+03 
4.1323344771e-05 7.2675941687e-01 2.5042051604e+03 
7.5906027583e-05 7.1580521664e-01 2.4228687364e+03 
1.2557329115e-05 1.0000000000e+00 5.1475423131e+02 
4.8228399166e-05 8.0718907482e-01 1.7455217081e+03 
1.3360634453e-05 7.6457815789e-01 2.2723197466e+03 
1.2382005533e-05 7.5211072184e-01 2.3029009787e+03 
3.6783709037e-05 6.4412801296e-01 2.2823173419e+03 
1.6477559528e-05 7.5287114713e-01 1.9222489820e+03 
7.8359313188e-05 6.3930451551e-01 2.3267374023e+03 
1.2218225875e-04 6.9897653535e-01 2.4845949110e+03 
5.6688889304e-05 7.1608576006e-01 2.4400324434e+03 
4.6241502667e-05 7.2073979635e-01 2.5039020671e+03 
9.6641809543e-06 9.1806024725e-01 1.6545668363e+03 
8.5027469555e-05 6.9509939673e-01 2.4803804436e+03 
3.5534333987e-05 1.0000000000e+00 3.0000000000e+02 
2.0627579842e-05 1.0000000000e+00 1.6144191650e+03 
2.0100947370e-05 7.2795073838e-01 2.0255338490e+03 
1.2552884299e-05 8.1118956993e-01 1.7645309720e+03 
1.2665824976e-05 7.1729395965e-01 1.9859701044e+03 
1.2073742380e-05 7.7838954270e-01 1.7605237955e+03 
3.5616609071e-05 6.5390962451e-01 2.2614002683e+03 
5.9013259636e-05 7.8983085411e-01 1.7492122641e+03 
3.9849003160e-05 7.2172646806e-01 2.5448241133e+03 
4.7888224918e-06 7.7235045586e-01 2.5799084750e+03 
6.6387514908e-06 7.7389335436e-01 2.3471496814e+03 
7.3701281577e-05 7.2144228093e-01 2.0380976695e+03 
2.5083733423e-05 6.6990851179e-01 2.2829879556e+03 
3.1847413152e-05 7.3304368021e-01 2.4869176462e+03 
4.1486092114e-06 8.1702731257e-01 1.6827923256e+03 
1.4589058296e-04 7.0081652258e-01 2.4551833687e+03 
3.1786362367e-05 7.0857123168e-01 2.1185369257e+03 
1.0997331981e-04 6.8110949193e-01 2.5377355968e+03 
1.5036458222e-05 7.6624296600e-01 1.9030847221e+03 
1.2006009868e-05 7.6017184789e-01 2.2998870691e+03 
2.2303369053e-05 7.5031670080e-01 2.4416489557e+03 
1.7330691640e-05 7.7296239776e-01 1.8973203101e+03 
5.7150641451e-05 7.0722895152e-01 2.5457661397e+03 
3.2737400046e-05 7.5560617040e-01 2.4047982473e+03 
1.5666561969e-05 7.4975188999e-01 2.3215448935e+03 
6.3968108760e-05 7.2129824279e-01 2.5010841866e+03 
1.6889997167e-05 1.0000000000e+00 1.1214014343e+03 
6.7673294486e-06 7.7357212477e-01 2.3390478125e+03 
1.3660615585e-04 6.9125717235e-01 2.4880536856e+03 
2.0586297673e-05 6.7285908860e-01 2.2258928961e+03 
1.5206132830e-05 8.5213834478e-01 1.6927984971e+03 
4.1462870692e-05 6.8473373696e-01 2.1972530925e+03 
1.7224870027e-04 7.0024199196e-01 2.3966815980e+03 
1.6102145040e-05 7.5453854176e-01 2.4394728442e+03 
2.2966825923e-05 7.4872079181e-01 1.8981339228e+03 
2.1930072451e-05 7.3588986192e-01 2.5611910968e+03 
1.2593807266e-05 1.0000000000e+00 1.6354896883e+03 
7.6715707983e-05 6.5657609803e-01 2.2540504219e+03 
2.4657829857e-05 7.6844235166e-01 1.9211861220e+03 
7.8516108031e-05 6.9704561071e-01 2.4703542213e+03 
8.6579389242e-06 7.6779885243e-01 2.4002717806e+03 
1.4837637699e-05 6.8059359562e-01 2.1442489501e+03 
2.0959116784e-05 7.7106904220e-01 1.8841382311e+03 
5.3239648080e-05 7.1696308803e-01 2.3703511197e+03 
1.7000463058e-05 7.9043431327e-01 1.8306707419e+03 
6.4512407991e-05 6.5871242734e-01 2.2518413333e+03 
1.4624930087e-04 1.0000000000e+00 3.9836483856e+02 
1.2320802676e-04 7.1375999316e-01 2.4169686007e+03 
1.1536964673e-05 7.5544300840e-01 2.2891344332e+03 
1.7242869105e-05 7.6512938925e-01 2.3236139256e+03 
7.4371925959e-06 7.6866716069e-01 2.6274350357e+03 
2.7185871108e-05 7.4837053129e-01 2.4020183044e+03 
3.4038242800e-05 7.5486383341e-01 2.3930509759e+03 
7.6046729674e-06 7.7275043077e-01 2.4170911329e+03 
7.8404643586e-05 1.0000000000e+00 8.1193043818e+02 
2.4770168233e-05 7.2038024852e-01 2.0580580574e+03 
1.4432833059e-04 7.1567543566e-01 2.4227241470e+03 
5.9197049452e-06 7.7140048379e-01 2.3168267176e+03 
1.1438707675e-05 8.4349719336e-01 1.6978470284e+03 
8.9004862474e-05 7.0185963376e-01 2.4405909941e+03 
1.6984854814e-04 1.0000000000e+00 5.0077566201e+02 
6.9082449428e-05 1.0000000000e+00 1.5918687917e+03 
7.4425572167e-06 1.0000000000e+00 1.5668083411e+03 
2.2950389965e-05 7.4829997577e-01 1.9959939889e+03 
8.3997890422e-05 7.1356840852e-01 2.4488280113e+03 
1.3062205344e-04 6.6691971413e-01 2.2993551592e+03 
2.3867824276e-05 7.3060930392e-01 2.3113928864e+03 
7.9334678045e-05 7.4528625354e-01 1.9988194816e+03 
1.9564802345e-05 7.6875670161e-01 1.9218951112e+03 
4.4207056984e-05 6.4695267782e-01 2.2731428985e+03 
2.5853941224e-06 1.0000000000e+00 1.4421652969e+03 
3.7078060298e-05 6.8386321812e-01 2.1597338226e+03 
8.6036849422e-05 6.9924100856e-01 2.5236310405e+03 
6.5553552377e-06 7.7601732253e-01 2.3751455546e+03 
5.6188751744e-05 6.4552434077e-01 2.2797102696e+03 
4.3814092284e-05 7.1625779012e-01 2.5489054836e+03 
2.8084237328e-05 7.5036533629e-01 2.4517290378e+03 
1.3363218405e-05 6.9048089612e-01 2.0772716020e+03 
3.4937880897e-05 7.2550630855e-01 2.0549088106e+03 
8.0761372701e-05 7.0321995702e-01 2.4056275226e+03 
4.1518919202e-05 7.3147751463e-01 2.4928651445e+03 
4.3526417115e-05 7.2488213477e-01 2.4482668097e+03 
2.7975289741e-05 7.2724422843e-01 2.3161652783e+03 
4.9782382644e-05 8.2252371294e-01 1.7269388771e+03 
2.7897500797e-05 6.8259683750e-01 2.1192523850e+03 
7.2043255851e-06 7.7006541884e-01 2.3727512695e+03 
5.6533266818e-06 7.7598848953e-01 2.5187452898e+03 
5.8209808924e-06 7.6214406871e-01 2.6711181925e+03 
6.2210974730e-06 1.0000000000e+00 1.5650128813e+03 
1.6886180336e-05 1.0000000000e+00 1.1698970956e+03 
3.9479006101e-05 7.5760201676e-01 1.8763358798e+03 
1.4145212094e-05 7.5908606692e-01 2.3921975287e+03 
7.7889710026e-06 1.0000000000e+00 9.0510215411e+02 
4.4523092324e-05 6.3919511437e-01 2.2959584543e+03 
3.1417821767e-05 7.3753504467e-01 2.3259267035e+03 
3.9901413246e-05 7.4050043585e-01 2.0023453176e+03 
8.4529713800e-05 7.1149167726e-01 2.4070450161e+03 
8.3947337616e-06 1.0000000000e+00 1.2584873022e+03 
1.1652267901e-04 6.9177119633e-01 2.5077402408e+03 
7.8178180337e-06 7.7631144375e-01 2.4716961039e+03 
6.5245472687e-06 7.7626934636e-01 2.4167018594e+03 
4.3356072320e-05 7.2278488448e-01 2.5344294665e+03 
2.1257571999e-05 1.0000000000e+00 1.4096112544e+03 
3.8921541591e-05 8.5248518360e-01 1.6962729945e+03 
2.8271233853e-05 7.3037559845e-01 2.3404427410e+03 
6.7788768997e-05 6.5160476374e-01 2.3350820474e+03 
3.2766356440e-05 1.0000000000e+00 3.4906001797e+02 
1.7289466687e-05 6.8646603422e-01 2.1445855831e+03 
5.1526374884e-05 7.1491640364e-01 2.4248041012e+03 
3.8409250921e-05 6.4894642981e-01 2.3104636367e+03 
1.5642494229e-05 1.0000000000e+00 7.7120357434e+02 
9.0302855343e-05 7.0367873898e-01 2.5071039909e+03 
3.5764209037e-05 7.3514844432e-01 2.3486297021e+03 
9.7616854599e-05 6.7285142439e-01 2.1932411685e+03 
2.5636262324e-05 7.3634744902e-01 2.3523300351e+03 
2.6559818434e-05 6.7441286204e-01 2.2076370571e+03 
5.4703983469e-06 1.0000000000e+00 1.6057837741e+03 
3.6218223698e-05 7.7209046109e-01 1.7869627173e+03 
2.0012149456e-04 1.0000000000e+00 3.0035607068e+02 
2.6122931936e-05 7.4553102756e-01 1.9742512362e+03 
1.0734201279e-05 1.0000000000e+00 3.9590888879e+02 
8.6597679029e-06 7.7125539141e-01 2.6038654912e+03 
7.2684956863e-05 7.2668980935e-01 2.4182416081e+03 
1.2778411203e-05 1.0000000000e+00 1.5676999459e+03 
4.7835396935e-05 7.5365464891e-01 2.4153139151e+03 
9.9801024143e-06 1.0000000000e+00 1.4883889090e+03 
4.2690890310e-05 7.4266052370e-01 2.4850780817e+03 
2.3316424984e-05 7.6663208946e-01 1.7947653597e+03 
8.4289357723e-06 7.6834105946e-01 2.4242871076e+03 
