Mass [kg]        Velocity [m s-1]    Theta [rad]    CO2 [frac]    
2.3500000000e-07 1.1792420410e+04 1.2782848859e+00 1.7000000000e-01 
1.2141155188e-09 1.3470910354e+04 7.6800616571e-01 1.7000000000e-01 
1.7498885558e-09 1.2613687817e+04 1.1513927681e+00 1.7000000000e-01 
4.8279910227e-11 1.4670233709e+04 1.1558771319e+00 1.7000000000e-01 
6.2797507152e-10 1.3986019938e+04 9.4470966792e-01 1.7000000000e-01 
3.0904128888e-10 2.0000000000e+04 1.1442868325e+00 1.7000000000e-01 
2.0353312280e-08 1.4669974126e+04 5.5901100558e-01 1.7000000000e-01 
4.5172902695e-10 2.0000000000e+04 7.6292330129e-01 1.7000000000e-01 
1.8111128289e-09 2.0000000000e+04 3.7295903347e-01 1.7000000000e-01 
2.3499999999e-07 1.3219203202e+04 3.6247785084e-01 1.7000000000e-01 
1.8511734762e-10 1.5975518976e+04 7.6246972041e-01 1.7000000000e-01 
4.9858984711e-12 1.2065388627e+04 9.3543172689e-01 1.7000000000e-01 
3.1463085588e-10 2.0000000000e+04 7.8358607560e-01 1.7000000000e-01 
7.5870214121e-11 1.2546142219e+04 9.3899033360e-01 1.7000000000e-01 
6.0553912191e-12 2.0000000000e+04 2.6779140564e-01 1.7000000000e-01 
1.7643820304e-09 1.1937364287e+04 8.7520082838e-01 1.7000000000e-01 
2.3640337776e-09 1.3266797536e+04 1.1096522223e+00 1.7000000000e-01 
1.0869357026e-08 1.1968114470e+04 9.2529173172e-01 1.7000000000e-01 
2.3500000000e-07 2.0000000000e+04 5.4859779742e-01 1.7000000000e-01 
4.9679001326e-09 1.5427805097e+04 7.8328103680e-01 1.7000000000e-01 
1.2376850847e-07 2.0000000000e+04 6.9627467022e-01 1.7000000000e-01 
2.4294025890e-08 1.3819990386e+04 5.9561028410e-01 1.7000000000e-01 
2.3380391470e-07 1.4558651287e+04 9.6582306277e-01 1.7000000000e-01 
1.6709077027e-07 1.3429411694e+04 4.0863871413e-01 1.7000000000e-01 
2.2689566807e-10 1.1546517053e+04 7.8147845026e-01 1.7000000000e-01 
2.3500000000e-07 1.2398059513e+04 1.2041323082e+00 1.7000000000e-01 
7.6789245326e-08 1.2725200631e+04 9.4111014726e-01 1.7000000000e-01 
8.1042059952e-09 1.6627839434e+04 1.2334286243e+00 1.7000000000e-01 
8.9706491412e-10 1.1358428878e+04 7.0242481865e-01 1.7000000000e-01 
7.8358931839e-13 1.8063491369e+04 8.2378543577e-01 1.7000000000e-01 
8.5578744866e-12 1.1689598030e+04 2.7687557417e-01 1.7000000000e-01 
5.2521653074e-10 1.3680418587e+04 6.2734357924e-01 1.7000000000e-01 
2.3466282414e-08 1.2506354641e+04 1.1002682103e+00 1.7000000000e-01 
3.2180964649e-09 1.8703123552e+04 1.1073169916e+00 1.7000000000e-01 
5.0789008880e-09 1.3803381927e+04 5.7370319344e-01 1.7000000000e-01 
2.6649243665e-08 1.5967730753e+04 5.1723962419e-01 1.7000000000e-01 
1.2833288151e-08 1.3065901355e+04 9.8835088078e-01 1.7000000000e-01 
1.3254900472e-08 1.3196677592e+04 4.5607587692e-01 1.7000000000e-01 
2.3500000000e-07 1.3441067717e+04 1.0755930953e+00 1.7000000000e-01 
6.7929730905e-09 1.3036475496e+04 9.2607017703e-01 1.7000000000e-01 
6.6760355448e-12 1.2009054556e+04 3.7059919824e-01 1.7000000000e-01 
4.7576948171e-10 1.7936408203e+04 8.2000158135e-01 1.7000000000e-01 
3.0893075936e-08 1.1621815778e+04 1.2584452758e+00 1.7000000000e-01 
9.4536332951e-09 1.1894745302e+04 5.2789789193e-01 1.7000000000e-01 
2.3499999999e-07 2.0000000000e+04 4.6976624737e-01 1.7000000000e-01 
2.3500000000e-07 1.2894277328e+04 7.7720504004e-01 1.7000000000e-01 
1.6632535051e-07 1.3769619737e+04 1.2291044846e+00 1.7000000000e-01 
2.2426742466e-09 1.1852538353e+04 5.8520308593e-01 1.7000000000e-01 
2.1887408770e-07 1.4757887964e+04 8.6349990471e-01 1.7000000000e-01 
8.9489577586e-10 1.8384362157e+04 8.8173147491e-01 1.7000000000e-01 
1.3569918097e-11 1.3234078784e+04 1.2566059776e+00 1.7000000000e-01 
2.5555712579e-11 1.8527712038e+04 4.7676418858e-01 1.7000000000e-01 
2.3499999999e-07 1.3531276998e+04 2.0276740428e-01 1.7000000000e-01 
1.1211494389e-08 1.3016327905e+04 1.0169484497e+00 1.7000000000e-01 
2.2778606326e-07 1.3340620661e+04 1.0396188352e+00 1.7000000000e-01 
2.3500000000e-07 1.1933824997e+04 2.8745243167e-01 1.7000000000e-01 
1.1098472216e-09 1.1361516166e+04 8.3358948671e-01 1.7000000000e-01 
8.8143901121e-09 1.2723174160e+04 1.0799690792e+00 1.7000000000e-01 
2.3500000000e-07 1.1222228141e+04 4.3411798144e-01 1.7000000000e-01 
2.3499999999e-07 1.2089572450e+04 1.0000858860e+00 1.7000000000e-01 
1.3021965615e-09 1.2349624566e+04 7.0660284927e-01 1.7000000000e-01 
9.8693368405e-10 1.3198813334e+04 5.0158648512e-01 1.7000000000e-01 
7.4755542537e-10 1.1497132081e+04 4.7631073056e-01 1.7000000000e-01 
3.8536124994e-08 1.4844234185e+04 3.5275367516e-01 1.7000000000e-01 
2.3500000000e-07 1.5278015794e+04 7.4025160056e-01 1.7000000000e-01 
2.3500000000e-07 1.2431027803e+04 7.6045857634e-01 1.7000000000e-01 
3.6930211112e-10 1.3977169928e+04 1.0018667760e+00 1.7000000000e-01 
2.3499999999e-07 1.1657194882e+04 4.1886202208e-01 1.7000000000e-01 
2.3499999999e-07 1.2830585628e+04 6.9201666533e-01 1.7000000000e-01 
7.7066264020e-09 1.3131433165e+04 4.5474825960e-01 1.7000000000e-01 
4.2265799616e-08 1.2071097759e+04 1.0008480552e+00 1.7000000000e-01 
2.3499999999e-07 1.3225284804e+04 5.4618531580e-01 1.7000000000e-01 
8.1152177897e-12 1.3794639808e+04 8.0724015526e-01 1.7000000000e-01 
2.7532433903e-09 1.2221160065e+04 7.6940356266e-01 1.7000000000e-01 
2.3499999999e-07 1.3117596938e+04 8.7105712181e-01 1.7000000000e-01 
1.2983733564e-09 1.3012182973e+04 9.2999264874e-01 1.7000000000e-01 
1.5084252843e-09 1.2262157815e+04 8.8710950958e-01 1.7000000000e-01 
6.7317349266e-10 1.1683202393e+04 1.0092763260e+00 1.7000000000e-01 
5.5841671289e-11 1.9773755736e+04 1.1780212768e+00 1.7000000000e-01 
2.4112576972e-08 1.2483934054e+04 6.8279007871e-01 1.7000000000e-01 
3.7197766883e-12 2.0000000000e+04 1.3928183149e+00 1.7000000000e-01 
2.3499999999e-07 1.3860793104e+04 1.0016955090e+00 1.7000000000e-01 
2.3500000000e-07 1.8184829900e+04 5.7491881905e-01 1.7000000000e-01 
2.0158258777e-10 1.1713266334e+04 1.3483768920e+00 1.7000000000e-01 
2.3499999999e-07 1.3067755468e+04 1.3197523011e+00 1.7000000000e-01 
1.2269280865e-07 1.2468363021e+04 3.8510693051e-01 1.7000000000e-01 
6.0460608655e-10 1.2531284935e+04 1.0159155777e+00 1.7000000000e-01 
8.5345501290e-09 1.2894034563e+04 7.2189666815e-01 1.7000000000e-01 
2.7964033292e-08 1.4944791237e+04 5.8589282746e-01 1.7000000000e-01 
1.6814443200e-07 1.1998982263e+04 5.7251698172e-01 1.7000000000e-01 
4.7193699029e-08 1.5010462667e+04 8.3877158014e-01 1.7000000000e-01 
2.3500000000e-07 1.1425433460e+04 5.7801516754e-01 1.7000000000e-01 
7.9284197359e-10 1.2580363562e+04 1.3637363917e+00 1.7000000000e-01 
1.9795076700e-11 1.1389494134e+04 4.9157149809e-01 1.7000000000e-01 
1.2683491986e-08 1.2495745341e+04 1.1541801548e+00 1.7000000000e-01 
3.4981142055e-09 1.3795599005e+04 6.9151353827e-01 1.7000000000e-01 
1.5697042080e-08 1.1206940804e+04 4.1834020442e-01 1.7000000000e-01 
2.3500000000e-07 1.3403674670e+04 9.7775268188e-01 1.7000000000e-01 
2.3500000000e-07 2.0000000000e+04 1.4318503481e+00 1.7000000000e-01 
9.3039905937e-08 2.0000000000e+04 1.1357301683e+00 1.7000000000e-01 
9.7074744563e-12 1.2609464371e+04 1.2841904072e+00 1.7000000000e-01 
7.1954092768e-11 1.6781696534e+04 7.7139316190e-01 1.7000000000e-01 
1.0872763574e-08 1.2142164967e+04 1.0219269448e+00 1.7000000000e-01 
1.0003121804e-08 1.6042586203e+04 9.4428888431e-01 1.7000000000e-01 
1.8184416452e-10 1.1754125461e+04 1.0339374779e+00 1.7000000000e-01 
5.3392687952e-10 1.1762048466e+04 1.2766333218e+00 1.7000000000e-01 
1.1118473381e-09 1.1797490168e+04 7.8430041236e-01 1.7000000000e-01 
5.9052907346e-11 1.3689523043e+04 1.1565413840e+00 1.7000000000e-01 
5.6383248239e-08 1.8749062695e+04 6.4854011144e-01 1.7000000000e-01 
2.3499999999e-07 1.2501541223e+04 1.0941533590e+00 1.7000000000e-01 
7.1430742749e-08 1.2409727282e+04 9.1794344701e-01 1.7000000000e-01 
2.3500000000e-07 1.2087418519e+04 2.6980611023e-01 1.7000000000e-01 
1.4274163985e-10 1.7534819733e+04 5.6324643830e-01 1.7000000000e-01 
3.9636650356e-08 1.2589443015e+04 9.1232063027e-01 1.7000000000e-01 
4.1164872936e-10 1.2138515530e+04 1.2483006140e+00 1.7000000000e-01 
2.3499999999e-07 1.6708289356e+04 7.1710375494e-01 1.7000000000e-01 
2.8633701981e-10 1.2846854098e+04 1.3609882357e+00 1.7000000000e-01 
1.4395843526e-09 2.0000000000e+04 4.2831092932e-01 1.7000000000e-01 
2.7706903155e-10 1.2784624236e+04 7.0915252186e-01 1.7000000000e-01 
1.0495221799e-10 1.1564933424e+04 1.1472032316e+00 1.7000000000e-01 
4.5371556425e-11 1.8900040436e+04 6.6234002697e-01 1.7000000000e-01 
1.1150452047e-09 1.5478863226e+04 7.5835749537e-01 1.7000000000e-01 
5.1866555671e-09 1.2005745444e+04 3.4122196633e-01 1.7000000000e-01 
6.9732284287e-10 1.3503427177e+04 1.2937943379e+00 1.7000000000e-01 
5.0068482957e-08 1.1576022195e+04 4.1946587931e-01 1.7000000000e-01 
2.0861668385e-09 1.1729265380e+04 4.6453849467e-01 1.7000000000e-01 
4.9065901687e-08 1.2028203965e+04 1.0834443538e+00 1.7000000000e-01 
4.4758469834e-08 1.8789093267e+04 9.2057866490e-01 1.7000000000e-01 
2.3499999999e-07 1.3957673918e+04 8.5873794326e-01 1.7000000000e-01 
6.1967676046e-12 1.2275100519e+04 7.3961955615e-01 1.7000000000e-01 
2.3500000000e-07 1.2344873922e+04 4.4058624604e-01 1.7000000000e-01 
8.9559103680e-12 2.0000000000e+04 7.8837730360e-01 1.7000000000e-01 
9.0716641773e-11 1.1480994518e+04 2.9572040401e-01 1.7000000000e-01 
1.8778259964e-09 1.3636932887e+04 1.1990180081e+00 1.7000000000e-01 
5.7648487284e-09 1.1702648803e+04 1.0310307023e+00 1.7000000000e-01 
9.2876385881e-09 1.3661494790e+04 4.4980576058e-01 1.7000000000e-01 
2.8266453843e-10 1.2378822182e+04 8.2915651990e-01 1.7000000000e-01 
2.9390543258e-10 1.1535578342e+04 1.4062207971e+00 1.7000000000e-01 
1.5014440498e-10 1.2796458796e+04 4.8212529467e-01 1.7000000000e-01 
2.3178065212e-09 1.4823179333e+04 1.2078648698e+00 1.7000000000e-01 
2.3499999999e-07 1.3718744291e+04 1.5951905731e-01 1.7000000000e-01 
5.6565486912e-10 1.2621763224e+04 6.5010005855e-01 1.7000000000e-01 
2.3499999999e-07 1.1592738827e+04 7.8798239053e-01 1.7000000000e-01 
1.3933148237e-07 2.0000000000e+04 5.7883805877e-01 1.7000000000e-01 
2.3500000000e-07 1.2031709544e+04 7.3983890878e-01 1.7000000000e-01 
5.5946656938e-13 1.1823732039e+04 1.1960501448e+00 1.7000000000e-01 
9.3280460318e-09 1.1320646911e+04 1.2805021202e+00 1.7000000000e-01 
1.9023584403e-10 1.3059087487e+04 2.3126924245e-01 1.7000000000e-01 
7.1021110153e-11 1.1480544586e+04 9.1444053151e-01 1.7000000000e-01 
1.2240453186e-08 1.1277770200e+04 6.8669342964e-01 1.7000000000e-01 
2.9863001842e-09 1.1780500504e+04 1.0171949698e+00 1.7000000000e-01 
3.0808992232e-09 1.2580972587e+04 1.2336705714e+00 1.7000000000e-01 
2.3500000000e-07 1.1330662812e+04 1.3267887891e+00 1.7000000000e-01 
3.9620471260e-09 1.4062767264e+04 1.1489568871e+00 1.7000000000e-01 
1.6008667316e-09 1.3370914607e+04 8.7501658337e-01 1.7000000000e-01 
1.5792929206e-08 1.6264915425e+04 4.2124281393e-01 1.7000000000e-01 
3.6566404275e-13 1.1648593972e+04 1.2564522865e+00 1.7000000000e-01 
8.6089170313e-11 1.3671459653e+04 8.7367513282e-01 1.7000000000e-01 
1.1458889975e-08 1.4990094892e+04 1.3645538769e+00 1.7000000000e-01 
2.2367809851e-08 1.3661738425e+04 2.1461602746e-01 1.7000000000e-01 
6.6118247782e-08 1.2985965193e+04 4.4601791118e-01 1.7000000000e-01 
1.8257626379e-09 1.3656595651e+04 6.7998289063e-01 1.7000000000e-01 
2.3500000000e-07 1.6178424296e+04 9.7482237661e-01 1.7000000000e-01 
6.5009746919e-10 1.5727054870e+04 2.8294655516e-01 1.7000000000e-01 
3.2488688904e-09 1.4818630721e+04 7.8431502807e-01 1.7000000000e-01 
3.2113586112e-09 1.4663562310e+04 7.3529503680e-01 1.7000000000e-01 
2.3499999999e-07 1.1360178558e+04 7.1787640749e-01 1.7000000000e-01 
2.1271702586e-09 1.3895601031e+04 2.2324320136e-01 1.7000000000e-01 
8.3684802959e-10 2.0000000000e+04 8.3430695030e-01 1.7000000000e-01 
4.9859911874e-08 1.2464122480e+04 7.5858980087e-01 1.7000000000e-01 
2.4120616586e-09 1.3396201617e+04 6.3448265536e-01 1.7000000000e-01 
2.3500000000e-07 1.3557868918e+04 6.6759380515e-01 1.7000000000e-01 
5.0453593504e-08 1.3641160437e+04 3.9868164419e-01 1.7000000000e-01 
5.3794739253e-09 1.1826367793e+04 1.3111401466e+00 1.7000000000e-01 
2.3500000000e-07 1.1405983256e+04 9.8339744565e-01 1.7000000000e-01 
2.3500000000e-07 1.5027098390e+04 7.7997284701e-01 1.7000000000e-01 
9.9050303578e-10 1.4426418006e+04 4.3914695790e-01 1.7000000000e-01 
7.0546989387e-10 1.1211702993e+04 4.5030010920e-01 1.7000000000e-01 
1.6396060491e-07 1.6506144327e+04 8.6204671809e-01 1.7000000000e-01 
1.4863740017e-09 1.2264309068e+04 1.2507181677e+00 1.7000000000e-01 
9.8506204109e-10 1.5997759175e+04 9.6993282572e-01 1.7000000000e-01 
1.9472656578e-09 1.1491488252e+04 7.9148529299e-01 1.7000000000e-01 
2.3500000000e-07 1.1900977566e+04 4.9550650215e-01 1.7000000000e-01 
7.0259750689e-10 1.2396435440e+04 1.2861976177e+00 1.7000000000e-01 
3.7247317052e-10 1.2076095917e+04 6.3489127231e-01 1.7000000000e-01 
1.9239185812e-09 1.1376216958e+04 1.1781767232e+00 1.7000000000e-01 
2.3499999999e-07 1.1319204624e+04 6.4187181259e-01 1.7000000000e-01 
7.3398977634e-08 1.2585505417e+04 6.3123925578e-01 1.7000000000e-01 
4.5696635089e-09 1.1819530897e+04 8.6767078486e-01 1.7000000000e-01 
3.4171465364e-08 1.3014922054e+04 6.5859862204e-01 1.7000000000e-01 
2.3500000000e-07 1.2393476194e+04 7.1437313973e-01 1.7000000000e-01 
1.6868624767e-10 1.1230329590e+04 2.0811838724e-01 1.7000000000e-01 
2.3500000000e-07 1.5944037589e+04 1.0725251420e+00 1.7000000000e-01 
1.0416292607e-08 1.6862092289e+04 9.6652251823e-01 1.7000000000e-01 
2.0233146154e-08 1.1572446701e+04 1.1196601506e+00 1.7000000000e-01 
1.2770193286e-09 1.1571264812e+04 7.2991234749e-01 1.7000000000e-01 
1.6150585184e-08 1.3288027734e+04 8.7245587094e-01 1.7000000000e-01 
7.6808907152e-10 2.0000000000e+04 9.4508230089e-01 1.7000000000e-01 
5.2508303275e-10 1.6579150185e+04 8.9436009467e-01 1.7000000000e-01 
1.7125373273e-10 1.3477427602e+04 5.2662128305e-01 1.7000000000e-01 
