Mass [kg]        Velocity [m s-1]    Theta [rad]    CO2 [frac]    
4.8534742276e-10 2.0000000000e+04 7.5450887383e-01 1.2000000000e-01 
1.0886815648e-08 1.1553151116e+04 7.7158572276e-01 1.2000000000e-01 
2.6521597139e-08 1.2005686236e+04 7.6800672019e-01 1.2000000000e-01 
2.3499999999e-07 1.1636818265e+04 6.0302515367e-01 1.2000000000e-01 
7.9632090896e-08 1.1296115951e+04 9.1021635762e-01 1.2000000000e-01 
2.3500000000e-07 1.1788766874e+04 1.1612772624e+00 1.2000000000e-01 
9.4879283956e-08 1.2365338772e+04 1.1983137287e+00 1.2000000000e-01 
2.3500000000e-07 1.1500170932e+04 7.6688955610e-01 1.2000000000e-01 
2.3499999999e-07 1.6266947665e+04 4.2438608700e-01 1.2000000000e-01 
1.3723491749e-09 1.1422628169e+04 1.1617727879e+00 1.2000000000e-01 
1.5809114651e-08 1.1773827544e+04 9.0304550230e-01 1.2000000000e-01 
1.9701982596e-11 1.2844667611e+04 8.1456455990e-01 1.2000000000e-01 
5.7866475350e-09 1.1471889195e+04 5.5475430919e-01 1.2000000000e-01 
1.6177135150e-08 1.3825227333e+04 9.8553122291e-01 1.2000000000e-01 
1.0412698335e-08 1.2082508315e+04 9.2542073010e-01 1.2000000000e-01 
2.3499999999e-07 1.1609142334e+04 1.1831091729e+00 1.2000000000e-01 
5.3608561653e-11 1.1458032092e+04 1.3550631297e+00 1.2000000000e-01 
9.5905617253e-08 1.1793790728e+04 6.4060927676e-01 1.2000000000e-01 
1.4054717170e-09 1.2376896275e+04 1.2167877614e+00 1.2000000000e-01 
1.1211993918e-07 1.1483310102e+04 1.3717256978e+00 1.2000000000e-01 
1.2537522612e-12 1.3164475014e+04 3.8444830278e-01 1.2000000000e-01 
1.0374941235e-10 2.0000000000e+04 4.9849913891e-01 1.2000000000e-01 
1.6885432392e-08 1.3352745888e+04 1.1761936412e+00 1.2000000000e-01 
2.3500000000e-07 1.6821727039e+04 5.4654169815e-01 1.2000000000e-01 
2.3500000000e-07 1.2126167501e+04 2.5342784262e-01 1.2000000000e-01 
1.3633188026e-08 1.1950366802e+04 9.9985352608e-01 1.2000000000e-01 
2.3500000000e-07 1.8133338474e+04 2.3354980804e-01 1.2000000000e-01 
2.2062634312e-08 1.5161101153e+04 4.4445408109e-01 1.2000000000e-01 
2.9172967283e-10 1.6758285137e+04 5.2425032859e-01 1.2000000000e-01 
6.9841914310e-10 1.4857117575e+04 2.5840309832e-01 1.2000000000e-01 
1.2431281911e-09 2.0000000000e+04 3.0342935473e-01 1.2000000000e-01 
1.1742302295e-10 1.3238060286e+04 1.1381796300e+00 1.2000000000e-01 
3.9522015799e-10 1.3778651023e+04 8.1027937056e-01 1.2000000000e-01 
2.3499999999e-07 1.3478046519e+04 4.3430468348e-01 1.2000000000e-01 
7.7484517805e-10 1.6549126921e+04 1.2370405987e+00 1.2000000000e-01 
1.7005500160e-08 1.2607442623e+04 1.2434629691e+00 1.2000000000e-01 
2.6618708907e-09 1.2843726110e+04 7.2826309655e-01 1.2000000000e-01 
2.3500000000e-07 2.0000000000e+04 1.0250642850e+00 1.2000000000e-01 
8.2804353116e-12 1.4006969062e+04 8.8949398926e-01 1.2000000000e-01 
4.6328335451e-08 1.5861094927e+04 4.4502905726e-01 1.2000000000e-01 
4.4154115399e-08 1.3463232103e+04 1.4832340723e+00 1.2000000000e-01 
9.7276499479e-09 1.4887121556e+04 1.0638756513e+00 1.2000000000e-01 
9.9106140482e-10 1.1316574352e+04 1.4148564216e-01 1.2000000000e-01 
2.3500000000e-07 1.1593745035e+04 8.8439995599e-01 1.2000000000e-01 
6.6158542218e-09 2.0000000000e+04 1.0778619873e+00 1.2000000000e-01 
2.3499999999e-07 1.1387144172e+04 6.5143824867e-01 1.2000000000e-01 
8.1325194328e-10 1.7396761180e+04 1.0389795892e+00 1.2000000000e-01 
2.2207611475e-09 1.1316289117e+04 1.0042752838e+00 1.2000000000e-01 
1.2064783766e-09 1.1469055799e+04 7.5757527795e-01 1.2000000000e-01 
1.8233380683e-08 1.3304258713e+04 1.4324790433e+00 1.2000000000e-01 
1.2286445501e-09 1.3305481097e+04 3.3367496949e-01 1.2000000000e-01 
2.3499999999e-07 1.3583797243e+04 1.1253485601e+00 1.2000000000e-01 
6.2992191494e-08 1.4194430950e+04 8.8859858389e-01 1.2000000000e-01 
2.5981859793e-08 1.1776828754e+04 1.2179534001e+00 1.2000000000e-01 
5.0426357357e-08 1.1247175804e+04 6.3858657760e-01 1.2000000000e-01 
2.1721548471e-09 1.1992520587e+04 6.3512743921e-01 1.2000000000e-01 
4.1511814707e-10 1.1611309397e+04 1.1483672895e-01 1.2000000000e-01 
3.8816878413e-11 1.4170724410e+04 3.3379282041e-01 1.2000000000e-01 
2.0622707897e-08 1.6188098496e+04 8.5829043681e-01 1.2000000000e-01 
1.6281937698e-07 1.2615226273e+04 5.5617374611e-01 1.2000000000e-01 
3.2043510428e-10 1.1293226835e+04 9.1490964560e-01 1.2000000000e-01 
7.0180837098e-10 1.2164885470e+04 6.3533430119e-01 1.2000000000e-01 
1.0303832627e-08 1.2225899152e+04 6.7656893947e-01 1.2000000000e-01 
9.4169005918e-10 1.1487509677e+04 7.2331972965e-01 1.2000000000e-01 
9.3107419215e-10 1.3657689623e+04 6.1454687667e-01 1.2000000000e-01 
2.3499999999e-07 1.2871823043e+04 1.4520508992e-01 1.2000000000e-01 
4.3048393676e-11 2.0000000000e+04 4.5527552299e-01 1.2000000000e-01 
2.1985891728e-10 1.1570111144e+04 8.5470441509e-01 1.2000000000e-01 
2.3499999999e-07 1.1692050821e+04 1.3578127945e+00 1.2000000000e-01 
2.4783796486e-09 1.1938907898e+04 9.2837796140e-01 1.2000000000e-01 
3.7148989815e-11 1.3544577665e+04 5.9091494879e-01 1.2000000000e-01 
2.3499999999e-07 1.2542404521e+04 2.8395074224e-01 1.2000000000e-01 
1.8201702846e-08 1.1389830979e+04 6.1447906200e-01 1.2000000000e-01 
4.8349213181e-08 1.2398488860e+04 9.8065706112e-01 1.2000000000e-01 
6.4321761400e-13 1.4020376741e+04 2.8536428435e-01 1.2000000000e-01 
9.5528598697e-10 1.1415309688e+04 5.5518440225e-01 1.2000000000e-01 
2.9852186071e-08 1.1763757674e+04 6.0258995968e-01 1.2000000000e-01 
3.9863630713e-10 1.8188727291e+04 6.6006263626e-01 1.2000000000e-01 
1.7802140805e-09 2.0000000000e+04 6.7789103258e-01 1.2000000000e-01 
6.9526266699e-08 1.4489882181e+04 1.0861445303e+00 1.2000000000e-01 
1.9342113403e-09 1.2137418206e+04 5.8661179362e-01 1.2000000000e-01 
2.3499999999e-07 1.2717326433e+04 7.0749264568e-01 1.2000000000e-01 
3.2394532620e-12 1.1706800875e+04 9.3699808885e-01 1.2000000000e-01 
2.3500000000e-07 1.5232181658e+04 9.5917204311e-01 1.2000000000e-01 
1.0557623421e-07 1.4744276429e+04 6.7831960166e-01 1.2000000000e-01 
2.1515813284e-10 1.1729970244e+04 8.8306097738e-01 1.2000000000e-01 
7.1141349461e-11 1.7075718932e+04 1.0314661146e+00 1.2000000000e-01 
1.1480407004e-08 1.2911593752e+04 3.6407009572e-01 1.2000000000e-01 
8.3836649011e-09 1.2910148451e+04 9.0403971098e-02 1.2000000000e-01 
2.3139663292e-09 1.3680193015e+04 5.6897151707e-01 1.2000000000e-01 
1.1661303088e-07 1.2029201882e+04 6.6209971682e-01 1.2000000000e-01 
2.5233795669e-11 1.3011141210e+04 1.4364170134e+00 1.2000000000e-01 
4.3834237800e-09 1.6398720373e+04 1.0068889064e+00 1.2000000000e-01 
3.3884830298e-09 1.3934011655e+04 3.2196156702e-01 1.2000000000e-01 
4.7874818477e-08 1.1618265829e+04 1.2177915695e+00 1.2000000000e-01 
5.0647943131e-09 1.1496602834e+04 2.3686205030e-01 1.2000000000e-01 
1.9570705091e-09 1.7289813000e+04 3.1937596276e-01 1.2000000000e-01 
2.7736174088e-08 1.3697807121e+04 2.7679810939e-01 1.2000000000e-01 
7.0381808840e-08 1.6934054775e+04 7.1736659856e-01 1.2000000000e-01 
2.3500000000e-07 1.5276067887e+04 7.0177422620e-01 1.2000000000e-01 
1.1479024367e-08 1.1605674736e+04 1.1026584073e+00 1.2000000000e-01 
8.2508064103e-09 1.1570786440e+04 2.6244436097e-01 1.2000000000e-01 
2.3500000000e-07 1.1727095488e+04 8.4628918717e-01 1.2000000000e-01 
5.1557358943e-10 1.2748019200e+04 8.8724470631e-01 1.2000000000e-01 
2.3500000000e-07 1.4457490077e+04 1.8429561859e-01 1.2000000000e-01 
2.9501043975e-12 1.1706802415e+04 1.3621001935e+00 1.2000000000e-01 
3.2478601027e-08 1.2880904538e+04 3.0135914038e-01 1.2000000000e-01 
7.3271913666e-09 1.2846267776e+04 2.4866376598e-01 1.2000000000e-01 
7.1185498070e-11 1.2389228048e+04 5.2806577357e-01 1.2000000000e-01 
6.7028570875e-08 1.6939548857e+04 7.8477805419e-01 1.2000000000e-01 
8.9718258938e-08 1.7470806499e+04 1.2416097090e+00 1.2000000000e-01 
1.2459528526e-07 1.5390478583e+04 1.1273489236e+00 1.2000000000e-01 
2.3499999999e-07 1.2901315876e+04 4.5048617306e-01 1.2000000000e-01 
1.0244680165e-08 1.2647159465e+04 1.3084838589e+00 1.2000000000e-01 
2.3500000000e-07 1.2538794762e+04 3.6700713012e-01 1.2000000000e-01 
2.3499999999e-07 1.2144728589e+04 1.3876119813e+00 1.2000000000e-01 
2.3500000000e-07 1.5095751595e+04 1.0734347545e+00 1.2000000000e-01 
2.1132703616e-08 1.3534300906e+04 3.6328784612e-01 1.2000000000e-01 
1.8102993476e-08 1.3242376541e+04 1.1343180191e+00 1.2000000000e-01 
1.9730106084e-10 1.2447566645e+04 5.6171096474e-01 1.2000000000e-01 
2.3500000000e-07 1.7684648963e+04 2.5107845465e-01 1.2000000000e-01 
1.4270343002e-08 1.1542272599e+04 1.0485568423e+00 1.2000000000e-01 
1.3639478517e-07 1.1506801959e+04 6.1638860269e-01 1.2000000000e-01 
6.5563295682e-10 2.0000000000e+04 7.5723347936e-01 1.2000000000e-01 
9.7247252167e-10 1.2973221275e+04 1.7523408795e-01 1.2000000000e-01 
3.1814036361e-11 1.1811302977e+04 8.7243011273e-01 1.2000000000e-01 
2.5066212034e-09 1.2568685352e+04 4.3600198967e-01 1.2000000000e-01 
2.3499999999e-07 1.1450561603e+04 1.2635124923e+00 1.2000000000e-01 
2.3499999999e-07 1.5781323274e+04 9.7886818446e-01 1.2000000000e-01 
3.8722515550e-10 1.1940107191e+04 7.6843850471e-01 1.2000000000e-01 
1.0023540844e-09 1.1337596354e+04 4.5132028162e-01 1.2000000000e-01 
2.3499999999e-07 1.2633366673e+04 9.2888174057e-01 1.2000000000e-01 
1.3310455559e-08 1.4999704329e+04 3.7708841123e-01 1.2000000000e-01 
3.2278857432e-08 1.8566744191e+04 1.1897866689e+00 1.2000000000e-01 
9.9497937461e-08 1.3024113898e+04 1.1222133802e+00 1.2000000000e-01 
9.7305350997e-09 2.0000000000e+04 8.8935874142e-01 1.2000000000e-01 
2.8597490250e-10 1.5054100317e+04 8.8119313777e-01 1.2000000000e-01 
3.6367500892e-08 1.3907433555e+04 5.1650250878e-01 1.2000000000e-01 
2.3499999999e-07 1.3012561783e+04 1.1865233343e+00 1.2000000000e-01 
1.6632995478e-10 2.0000000000e+04 9.8664988064e-01 1.2000000000e-01 
9.1227857224e-10 2.0000000000e+04 9.6787470768e-01 1.2000000000e-01 
3.7383137320e-10 1.4632984574e+04 2.0467260885e-01 1.2000000000e-01 
2.4382944818e-09 1.1476049221e+04 9.1840182990e-01 1.2000000000e-01 
1.1287754381e-08 1.5785528484e+04 1.0602938759e-01 1.2000000000e-01 
2.0908602907e-08 1.3304928771e+04 1.6242480549e-01 1.2000000000e-01 
2.0845383619e-09 1.1958781965e+04 9.0282227527e-01 1.2000000000e-01 
2.2315054592e-09 1.1705014478e+04 2.6262675098e-01 1.2000000000e-01 
2.2725711861e-10 1.9185005428e+04 8.3986694424e-01 1.2000000000e-01 
1.4413723797e-10 1.2113198754e+04 1.3756734618e+00 1.2000000000e-01 
2.2159063121e-10 1.1606745450e+04 5.8360719843e-01 1.2000000000e-01 
1.0350213866e-10 1.5580987404e+04 1.5098921068e-01 1.2000000000e-01 
2.3499999999e-07 1.5632324622e+04 1.0511218083e+00 1.2000000000e-01 
2.4481366742e-08 2.0000000000e+04 1.0215312409e+00 1.2000000000e-01 
6.0873124161e-08 1.3323336720e+04 7.2342481683e-01 1.2000000000e-01 
2.0143654330e-10 1.3618792994e+04 6.4210259690e-01 1.2000000000e-01 
1.3024126845e-10 1.2122493058e+04 5.1642025615e-01 1.2000000000e-01 
1.6896261782e-09 2.0000000000e+04 6.8919093861e-01 1.2000000000e-01 
2.3500000000e-07 1.7350057848e+04 3.7207268323e-01 1.2000000000e-01 
1.9405697549e-12 1.1786232901e+04 9.3380089389e-01 1.2000000000e-01 
2.2250008509e-10 1.1942602434e+04 1.3183142784e+00 1.2000000000e-01 
2.1026399112e-09 2.0000000000e+04 8.7909607620e-01 1.2000000000e-01 
5.2539326573e-09 2.0000000000e+04 1.0698437005e+00 1.2000000000e-01 
1.7139593108e-08 1.2380150799e+04 4.2894433857e-01 1.2000000000e-01 
9.0000884199e-10 1.2984820558e+04 1.1346474660e+00 1.2000000000e-01 
2.3500000000e-07 1.1530334888e+04 7.8946702987e-01 1.2000000000e-01 
2.2014399936e-09 1.1291122225e+04 1.1778162879e+00 1.2000000000e-01 
2.0858169877e-09 1.2604170935e+04 8.3001973325e-01 1.2000000000e-01 
4.2959093279e-08 1.8376977004e+04 1.2565451453e+00 1.2000000000e-01 
1.1372038285e-09 1.1462055894e+04 4.2322010539e-01 1.2000000000e-01 
2.2244157385e-07 2.0000000000e+04 1.1416250406e+00 1.2000000000e-01 
1.0384902361e-09 1.5413254616e+04 5.4384047269e-01 1.2000000000e-01 
2.1205113773e-11 1.6143809497e+04 5.7779759660e-01 1.2000000000e-01 
1.0296706297e-10 1.5668125854e+04 1.0853034852e+00 1.2000000000e-01 
5.1367659999e-09 1.3817096222e+04 3.8473356825e-01 1.2000000000e-01 
2.3500000000e-07 1.5159961518e+04 1.0094614671e+00 1.2000000000e-01 
3.5402763644e-11 1.4774387074e+04 3.3991142542e-01 1.2000000000e-01 
4.6643820065e-11 1.1909017014e+04 8.9848823537e-01 1.2000000000e-01 
2.3499999999e-07 1.3913983824e+04 5.9847952694e-01 1.2000000000e-01 
2.1127382840e-08 1.1461782807e+04 4.4115055187e-01 1.2000000000e-01 
9.8441617396e-08 1.6313297473e+04 7.5344082336e-01 1.2000000000e-01 
1.2927477513e-10 1.1442604803e+04 9.1958694262e-01 1.2000000000e-01 
1.0571659731e-08 1.3691009830e+04 9.3413594839e-01 1.2000000000e-01 
1.5672357382e-10 1.4587987209e+04 7.8785514700e-01 1.2000000000e-01 
5.2864732275e-09 1.1204778452e+04 4.5689039344e-01 1.2000000000e-01 
2.6941303226e-09 1.1468301114e+04 1.3320884125e+00 1.2000000000e-01 
2.3499999999e-07 1.3007191973e+04 2.7901860932e-01 1.2000000000e-01 
3.0157810569e-09 1.1266345400e+04 1.1720240338e+00 1.2000000000e-01 
5.7542596465e-11 1.1561709828e+04 6.6672473866e-01 1.2000000000e-01 
2.6021047028e-09 1.2179054554e+04 9.3782375427e-01 1.2000000000e-01 
4.4680673180e-08 1.3952604580e+04 4.8804510311e-01 1.2000000000e-01 
4.3517369730e-10 1.6376088438e+04 1.0667097235e+00 1.2000000000e-01 
9.5933202596e-09 1.6079244137e+04 1.0266938012e+00 1.2000000000e-01 
7.1356123613e-09 1.1976987266e+04 1.1655346039e+00 1.2000000000e-01 
1.3789285209e-10 1.1288158745e+04 1.0230615496e+00 1.2000000000e-01 
3.4712502167e-09 1.4278716195e+04 5.3294094435e-01 1.2000000000e-01 
1.1158654259e-08 1.9353509315e+04 1.1001221507e+00 1.2000000000e-01 
4.4104580951e-12 1.1937778519e+04 8.7448843326e-01 1.2000000000e-01 
1.9908246922e-10 1.5311979939e+04 5.4181407276e-01 1.2000000000e-01 
1.9752490653e-09 1.3096808273e+04 8.7284893882e-01 1.2000000000e-01 
9.1259268151e-08 1.2506406070e+04 7.7894559428e-01 1.2000000000e-01 
