Mass [kg]        Velocity [m s-1]    Theta [rad]    CO2 [ frac]    
5.4531608348e-10 1.2503350200e+04 1.1195963967e+00 8.2000000000e-01 
6.3863068721e-13 1.3984364871e+04 6.8465472254e-01 8.2000000000e-01 
5.6017646456e-09 1.4321060537e+04 6.5748023546e-01 8.2000000000e-01 
9.2048449647e-10 2.0000000000e+04 1.1230330964e+00 8.2000000000e-01 
6.1097720060e-09 1.7620479228e+04 2.1429923689e-01 8.2000000000e-01 
1.1584365384e-08 1.5611517344e+04 7.6764437997e-01 8.2000000000e-01 
5.1761113931e-09 1.3115865652e+04 6.9661959624e-01 8.2000000000e-01 
5.8716658646e-10 1.1298728271e+04 1.3071469677e+00 8.2000000000e-01 
5.3707940144e-09 1.1931257358e+04 9.3272002368e-01 8.2000000000e-01 
1.0465262157e-09 1.3363510381e+04 5.7920847311e-01 8.2000000000e-01 
7.8797510364e-10 1.1316262859e+04 2.3238915985e-01 8.2000000000e-01 
2.0038832589e-10 1.2983518187e+04 1.2475508470e+00 8.2000000000e-01 
2.3500000000e-07 1.2054126990e+04 6.3325099814e-01 8.2000000000e-01 
1.1446745000e-10 1.1366963805e+04 9.3018483925e-01 8.2000000000e-01 
9.9150371855e-10 1.1823462954e+04 1.1040906794e+00 8.2000000000e-01 
2.1473729125e-11 1.4149288342e+04 1.0690805699e+00 8.2000000000e-01 
1.6229249066e-10 1.1632996223e+04 3.3784051703e-01 8.2000000000e-01 
4.1488295563e-08 1.6058681333e+04 1.2994384900e+00 8.2000000000e-01 
4.2811732824e-09 2.0000000000e+04 1.2656141253e+00 8.2000000000e-01 
2.3499999999e-07 1.3076360806e+04 1.3299897775e+00 8.2000000000e-01 
8.4902698827e-08 1.3453929024e+04 2.7671479093e-01 8.2000000000e-01 
7.3892829729e-10 1.4317963253e+04 4.7759454348e-01 8.2000000000e-01 
6.6836889039e-09 1.2674176141e+04 6.1130784037e-01 8.2000000000e-01 
2.7155606868e-09 1.2209756570e+04 8.1002638893e-01 8.2000000000e-01 
2.3500000000e-07 1.4833081121e+04 5.0976281228e-01 8.2000000000e-01 
1.7814404431e-08 1.2104556746e+04 1.0653063956e+00 8.2000000000e-01 
1.2055701364e-08 1.6883997057e+04 1.1758341095e+00 8.2000000000e-01 
1.6877923754e-08 1.1969871011e+04 1.1829318238e+00 8.2000000000e-01 
2.3499999999e-07 1.4789352314e+04 7.1372636661e-01 8.2000000000e-01 
1.3420587276e-12 2.0000000000e+04 7.6282675389e-01 8.2000000000e-01 
3.5819116504e-10 1.1945472067e+04 1.0391840158e+00 8.2000000000e-01 
8.6202914493e-13 1.1622466210e+04 8.4310470785e-01 8.2000000000e-01 
8.0709796072e-10 1.1428187111e+04 5.7099005243e-01 8.2000000000e-01 
5.9743927906e-08 1.1872482575e+04 4.0777495762e-01 8.2000000000e-01 
4.5237179155e-08 1.1376304758e+04 3.4627657693e-01 8.2000000000e-01 
1.2994253936e-10 1.2380428388e+04 1.1121180719e+00 8.2000000000e-01 
2.9441640717e-09 1.3939314163e+04 5.4146740904e-01 8.2000000000e-01 
6.1657124195e-10 1.5701836258e+04 1.1127560525e+00 8.2000000000e-01 
2.3500000000e-07 1.6761364633e+04 6.0666875923e-01 8.2000000000e-01 
1.9047389256e-09 1.2624657736e+04 3.1685796306e-01 8.2000000000e-01 
1.5847379301e-08 1.9008993159e+04 4.1848348434e-01 8.2000000000e-01 
2.3500000000e-07 1.2112799848e+04 1.7481778317e-01 8.2000000000e-01 
2.3499999999e-07 1.2217047323e+04 9.1877244435e-01 8.2000000000e-01 
1.2536916339e-09 1.4413803218e+04 9.8114588871e-01 8.2000000000e-01 
7.8299898248e-09 1.3222801119e+04 6.3623231731e-01 8.2000000000e-01 
2.3499999999e-07 1.2731036766e+04 5.1312149529e-01 8.2000000000e-01 
8.4933132224e-10 2.0000000000e+04 1.2285680666e+00 8.2000000000e-01 
1.8833427746e-10 1.2815526707e+04 8.4005330128e-01 8.2000000000e-01 
5.0646855544e-09 1.3453333195e+04 8.7020684816e-01 8.2000000000e-01 
2.3500000000e-07 1.1660998806e+04 8.2833180965e-01 8.2000000000e-01 
1.6787986233e-10 1.2909370292e+04 1.1024381033e+00 8.2000000000e-01 
2.4993758503e-10 1.2215370392e+04 1.1748798564e+00 8.2000000000e-01 
4.6890803226e-09 1.1887853192e+04 7.9805164321e-01 8.2000000000e-01 
4.1777438756e-11 1.1950860115e+04 3.3994934539e-01 8.2000000000e-01 
7.1744741965e-08 1.1809404441e+04 7.1982143870e-01 8.2000000000e-01 
3.0724205046e-10 1.5526438965e+04 6.0465441886e-01 8.2000000000e-01 
3.2511516770e-08 1.1458615203e+04 4.7975826172e-01 8.2000000000e-01 
2.4592857237e-12 1.3240853060e+04 9.5940805335e-01 8.2000000000e-01 
1.2300338798e-10 1.6762351650e+04 1.1854854498e+00 8.2000000000e-01 
2.3500000000e-07 1.5200676872e+04 1.1955662742e+00 8.2000000000e-01 
2.8198089130e-09 1.5453591624e+04 8.8495702438e-01 8.2000000000e-01 
2.8009659870e-09 1.2018908669e+04 4.8336005813e-01 8.2000000000e-01 
1.1253659918e-11 1.2004497575e+04 4.9443777022e-01 8.2000000000e-01 
6.0552315769e-11 1.2534035826e+04 1.3368829857e+00 8.2000000000e-01 
8.6977508131e-12 1.9906702676e+04 8.2780980788e-01 8.2000000000e-01 
6.0785325093e-09 1.1433860374e+04 7.7647438655e-01 8.2000000000e-01 
1.1103359671e-09 1.2460657438e+04 1.2291684550e+00 8.2000000000e-01 
2.3500000000e-07 1.9515323441e+04 2.0971647659e-01 8.2000000000e-01 
1.2755285274e-08 1.2370871579e+04 5.5819108026e-01 8.2000000000e-01 
1.5682724794e-09 1.2219371717e+04 2.7177571697e-01 8.2000000000e-01 
6.7545022480e-08 1.1951042504e+04 8.9032713065e-02 8.2000000000e-01 
2.3500000000e-07 1.2107044156e+04 3.4592796229e-01 8.2000000000e-01 
4.0054032579e-11 1.6141020431e+04 2.5352822781e-01 8.2000000000e-01 
3.1955594223e-09 1.2003327165e+04 4.1059577569e-01 8.2000000000e-01 
2.3870017935e-08 1.5746023677e+04 1.0962805742e+00 8.2000000000e-01 
3.1615229008e-10 1.9689762668e+04 9.8988669688e-01 8.2000000000e-01 
2.8051540792e-09 1.3527535657e+04 4.6155688872e-01 8.2000000000e-01 
3.1588463601e-09 1.1888348443e+04 3.6792329000e-01 8.2000000000e-01 
1.2829503800e-08 1.1947838759e+04 1.0963009465e+00 8.2000000000e-01 
4.5449008839e-08 1.1619185249e+04 1.1793741865e+00 8.2000000000e-01 
6.0554192110e-12 1.1761270890e+04 1.1218889120e+00 8.2000000000e-01 
6.4988324285e-08 1.6228756986e+04 6.0148121319e-01 8.2000000000e-01 
5.5743041451e-13 1.7091768008e+04 1.3912818323e+00 8.2000000000e-01 
2.1926119336e-08 1.1359182336e+04 7.7005041920e-01 8.2000000000e-01 
2.3500000000e-07 1.1383368050e+04 8.7721822443e-01 8.2000000000e-01 
7.9946746925e-09 2.0000000000e+04 1.0956728453e+00 8.2000000000e-01 
2.5798969272e-08 1.1731936033e+04 6.4646720090e-01 8.2000000000e-01 
4.1994803648e-08 1.2416789822e+04 6.7243860751e-01 8.2000000000e-01 
7.2749545671e-11 1.6197893276e+04 5.4208576025e-01 8.2000000000e-01 
1.4111554713e-07 1.1838333643e+04 3.2803333846e-01 8.2000000000e-01 
2.3500000000e-07 1.4438390106e+04 3.1442890363e-01 8.2000000000e-01 
4.9702307816e-08 1.1630771021e+04 1.2977091992e+00 8.2000000000e-01 
3.6261332900e-10 1.2192654758e+04 3.3565944970e-01 8.2000000000e-01 
2.4812896591e-11 1.1250408433e+04 1.2307219196e+00 8.2000000000e-01 
1.3881165168e-09 1.1829882965e+04 1.5394449143e+00 8.2000000000e-01 
1.7625647459e-08 1.4278180890e+04 8.0326012062e-01 8.2000000000e-01 
1.5443835731e-09 1.2108361574e+04 8.7461437898e-01 8.2000000000e-01 
3.2966124671e-10 1.1944178346e+04 8.5544801049e-01 8.2000000000e-01 
1.6762979648e-07 1.8562512339e+04 2.8196540608e-01 8.2000000000e-01 
9.6389519795e-09 1.1903607702e+04 6.4231988406e-01 8.2000000000e-01 
6.1174335268e-08 1.2461192899e+04 8.3893857545e-01 8.2000000000e-01 
1.2821396466e-08 1.3378246587e+04 4.1476410261e-01 8.2000000000e-01 
2.3500000000e-07 1.6060506168e+04 5.7518242604e-01 8.2000000000e-01 
2.3500000000e-07 1.1745656698e+04 1.1842064830e+00 8.2000000000e-01 
5.3919147698e-08 1.8289732409e+04 2.9683816765e-01 8.2000000000e-01 
3.1319725169e-08 1.3752733947e+04 5.3704022672e-01 8.2000000000e-01 
1.4279502352e-09 1.3587393739e+04 5.6857834975e-01 8.2000000000e-01 
2.3499999999e-07 1.5912555108e+04 9.2167006795e-01 8.2000000000e-01 
2.2807965924e-09 1.5405404313e+04 6.2698556838e-01 8.2000000000e-01 
2.3499999999e-07 1.6278364372e+04 7.1126652209e-01 8.2000000000e-01 
1.6138320299e-10 1.1529934549e+04 9.4349346739e-01 8.2000000000e-01 
7.0991485704e-11 1.5726838292e+04 1.0278499966e+00 8.2000000000e-01 
2.2029327507e-10 1.5850291681e+04 1.4234916334e+00 8.2000000000e-01 
2.3499999999e-07 1.7391225733e+04 8.6608263657e-01 8.2000000000e-01 
1.5874638354e-08 1.1487310198e+04 1.3605834640e+00 8.2000000000e-01 
6.3050693068e-10 1.5046141215e+04 4.9737251282e-01 8.2000000000e-01 
4.5522905786e-09 1.3601609462e+04 6.1474524071e-01 8.2000000000e-01 
1.4786896032e-09 1.5912483502e+04 1.0858424005e+00 8.2000000000e-01 
2.3499999999e-07 1.6467043093e+04 1.0895133992e+00 8.2000000000e-01 
7.2074510378e-10 2.0000000000e+04 4.1149631406e-01 8.2000000000e-01 
5.2734250500e-10 1.3872454106e+04 6.5966056839e-01 8.2000000000e-01 
3.4692088610e-09 1.8036434161e+04 7.7330382736e-01 8.2000000000e-01 
2.3500000000e-07 1.2416919610e+04 9.8015643576e-01 8.2000000000e-01 
8.6709103936e-11 1.2696924169e+04 8.6655499639e-01 8.2000000000e-01 
2.6522541334e-10 1.1846057214e+04 8.6860026142e-01 8.2000000000e-01 
6.8926269410e-10 1.5975755958e+04 4.8328384000e-01 8.2000000000e-01 
2.4732201665e-10 1.2469622277e+04 6.4801710651e-01 8.2000000000e-01 
8.5123978826e-09 1.6448974717e+04 1.1205439436e+00 8.2000000000e-01 
2.1861937335e-08 1.1455407259e+04 1.4400200873e+00 8.2000000000e-01 
2.1890419995e-10 1.4865908678e+04 1.0253311454e+00 8.2000000000e-01 
2.2634976335e-09 1.2110706046e+04 9.4636796734e-01 8.2000000000e-01 
1.8971932818e-09 1.3729466518e+04 9.0356964848e-01 8.2000000000e-01 
1.9019992765e-09 1.4678065140e+04 7.8102413995e-01 8.2000000000e-01 
7.9027644330e-11 1.1226678946e+04 1.3083349941e+00 8.2000000000e-01 
7.2108242054e-09 2.0000000000e+04 7.7439995430e-01 8.2000000000e-01 
2.3500000000e-07 1.1208786424e+04 1.4672671742e+00 8.2000000000e-01 
2.3499999999e-07 1.1744319168e+04 9.1892239818e-01 8.2000000000e-01 
1.5057098763e-08 1.5239014979e+04 1.0286041483e+00 8.2000000000e-01 
1.9938704764e-08 1.3759958586e+04 1.2149281851e+00 8.2000000000e-01 
6.0742250367e-08 1.1778441591e+04 6.9741181814e-01 8.2000000000e-01 
4.7786388351e-09 1.3894373395e+04 4.9375648501e-01 8.2000000000e-01 
4.3798667370e-10 2.0000000000e+04 1.1320145612e+00 8.2000000000e-01 
1.5777728333e-07 1.3994615972e+04 3.1017295064e-01 8.2000000000e-01 
3.4243051677e-09 2.0000000000e+04 2.3921867353e-01 8.2000000000e-01 
2.3499999999e-07 1.1902482753e+04 7.0342555204e-01 8.2000000000e-01 
2.3325735021e-08 1.2725789782e+04 1.7815202618e-01 8.2000000000e-01 
7.4171449054e-09 1.1748931757e+04 1.3623504320e+00 8.2000000000e-01 
5.2729496997e-11 1.4367331123e+04 4.6123360959e-01 8.2000000000e-01 
4.9107687521e-08 1.3675252603e+04 8.8257774777e-01 8.2000000000e-01 
4.9478092343e-09 1.1934848892e+04 6.1368779393e-01 8.2000000000e-01 
1.9955127246e-09 1.4017809882e+04 2.2089790284e-01 8.2000000000e-01 
8.0250454061e-10 1.1280025532e+04 1.4191440829e+00 8.2000000000e-01 
4.5027443517e-10 1.3251444033e+04 8.5664643018e-01 8.2000000000e-01 
8.0452930754e-09 1.1607836407e+04 1.0915260864e+00 8.2000000000e-01 
8.1246340397e-09 1.3946367249e+04 1.1182100772e+00 8.2000000000e-01 
1.6147350529e-09 1.8196024234e+04 9.0905796621e-01 8.2000000000e-01 
1.6315674260e-11 1.3846333947e+04 9.7218097798e-01 8.2000000000e-01 
1.7883581670e-09 1.1840492088e+04 5.8268003666e-01 8.2000000000e-01 
1.4067259852e-07 1.5743793723e+04 1.0515254017e+00 8.2000000000e-01 
5.8149833421e-11 1.2409480502e+04 5.1236680967e-01 8.2000000000e-01 
2.3500000000e-07 1.3481293451e+04 7.1926263794e-01 8.2000000000e-01 
2.3499999999e-07 1.1377709326e+04 6.9334327837e-01 8.2000000000e-01 
7.5409157478e-08 1.9036556987e+04 1.2591559756e+00 8.2000000000e-01 
7.6743118258e-10 1.1389154104e+04 5.9496256929e-01 8.2000000000e-01 
4.5135014372e-09 1.1510764555e+04 8.6411003848e-01 8.2000000000e-01 
1.4501710832e-12 1.4756883807e+04 4.6774735143e-01 8.2000000000e-01 
2.3499999999e-07 1.6014603612e+04 8.5463108307e-01 8.2000000000e-01 
6.3741607303e-10 1.4521202972e+04 5.9692017550e-01 8.2000000000e-01 
2.3097103945e-11 2.0000000000e+04 1.2885529692e+00 8.2000000000e-01 
9.9727066626e-10 1.6929464898e+04 9.7088936449e-01 8.2000000000e-01 
2.3500000000e-07 1.1240996367e+04 6.9046588675e-01 8.2000000000e-01 
6.8178873710e-08 1.1585389835e+04 1.1599697996e+00 8.2000000000e-01 
2.5966405620e-08 1.2087704871e+04 6.6202232398e-01 8.2000000000e-01 
8.3870826573e-09 1.2055985661e+04 1.1815594704e+00 8.2000000000e-01 
2.3500000000e-07 1.1461387260e+04 1.1523178947e+00 8.2000000000e-01 
1.4475543195e-09 1.3851702499e+04 4.0651235766e-01 8.2000000000e-01 
1.3222350608e-10 1.7476007370e+04 1.0183635968e+00 8.2000000000e-01 
7.8844176398e-10 1.2814672803e+04 5.7944108058e-01 8.2000000000e-01 
3.5854682734e-11 1.2103482332e+04 5.0130056498e-01 8.2000000000e-01 
1.3158835187e-07 1.3385007103e+04 1.1422757666e+00 8.2000000000e-01 
2.1760035624e-08 1.1485125105e+04 6.3319317602e-01 8.2000000000e-01 
2.3500000000e-07 1.3033488251e+04 7.4645307652e-01 8.2000000000e-01 
1.5499258981e-12 2.0000000000e+04 3.3037305432e-01 8.2000000000e-01 
6.5978165088e-08 1.1655249994e+04 4.1013124411e-01 8.2000000000e-01 
8.6619454475e-08 1.3235841249e+04 7.9998667407e-01 8.2000000000e-01 
2.3499999999e-07 1.2381853722e+04 1.1435427435e+00 8.2000000000e-01 
2.9374770357e-10 1.2697952178e+04 7.0895615919e-02 8.2000000000e-01 
7.1495907600e-09 1.1837860279e+04 8.2373151726e-01 8.2000000000e-01 
1.5169317974e-10 1.1305282587e+04 4.1406117992e-01 8.2000000000e-01 
2.0013873019e-09 1.5904608818e+04 1.0460832679e-01 8.2000000000e-01 
2.3499999999e-07 1.1559640916e+04 6.7798857037e-01 8.2000000000e-01 
3.4360055314e-10 1.1319428394e+04 8.5396355884e-01 8.2000000000e-01 
1.6039794985e-07 1.3878826393e+04 4.9579173481e-01 8.2000000000e-01 
3.1671426907e-09 1.1534874971e+04 1.0557518988e+00 8.2000000000e-01 
7.8261555484e-11 1.1442511854e+04 1.1603337801e+00 8.2000000000e-01 
3.7557608277e-08 1.1719173390e+04 6.7111485721e-01 8.2000000000e-01 
7.7950925679e-11 1.2442573575e+04 5.0434653399e-01 8.2000000000e-01 
1.3105514211e-09 1.3214131113e+04 3.4715542750e-01 8.2000000000e-01 
1.3372857944e-12 1.4328556135e+04 3.5408534405e-01 8.2000000000e-01 
1.4482163406e-09 1.2403597295e+04 1.1010590445e+00 8.2000000000e-01 
