Mass [kg]        Velocity [m s-1]    Theta [rad]    CO2 [frac]    
2.6968277086e-10 1.1223385816e+04 1.0975180370e+00 2.2000000000e-01 
1.0820080852e-08 1.3151713909e+04 8.7871653334e-01 2.2000000000e-01 
2.5107103910e-08 1.2266326868e+04 9.6704192786e-01 2.2000000000e-01 
2.8219186142e-10 1.7851080524e+04 4.9656928314e-01 2.2000000000e-01 
1.2167079076e-07 1.1468304090e+04 5.8443432470e-01 2.2000000000e-01 
2.2025343701e-09 1.5471763609e+04 7.9632640183e-01 2.2000000000e-01 
2.3499999999e-07 1.2770417754e+04 1.2072786992e+00 2.2000000000e-01 
1.7730239711e-09 1.1928953731e+04 6.7050267385e-01 2.2000000000e-01 
1.3721989366e-07 1.7758106294e+04 1.0631801059e+00 2.2000000000e-01 
1.3958472314e-11 1.1250244946e+04 3.6837355001e-01 2.2000000000e-01 
4.0650080068e-09 1.5665046517e+04 8.7890384400e-01 2.2000000000e-01 
2.3500000000e-07 1.3242376319e+04 8.5360277851e-01 2.2000000000e-01 
1.9812894821e-07 1.4808891117e+04 9.9899966846e-01 2.2000000000e-01 
7.3916269128e-10 1.1490370538e+04 3.7334233746e-01 2.2000000000e-01 
2.0344362659e-08 1.2765025354e+04 8.8131476352e-01 2.2000000000e-01 
1.3903055026e-09 1.3057657594e+04 8.7694638667e-01 2.2000000000e-01 
2.3500000000e-07 1.2067392504e+04 1.0133646547e+00 2.2000000000e-01 
1.3779287711e-07 2.0000000000e+04 6.6100368912e-01 2.2000000000e-01 
2.9111274182e-08 1.9913760041e+04 1.1085463243e+00 2.2000000000e-01 
9.4963132018e-11 1.1209270122e+04 6.5378626185e-01 2.2000000000e-01 
7.7972923165e-10 1.2447778672e+04 6.5812796760e-01 2.2000000000e-01 
4.4125521860e-09 1.2342047501e+04 9.4377798035e-01 2.2000000000e-01 
2.3499999999e-07 1.3765295636e+04 8.1714996906e-01 2.2000000000e-01 
6.8101451091e-10 1.3623223387e+04 1.4509059443e+00 2.2000000000e-01 
2.4553383982e-11 2.0000000000e+04 1.0951348478e+00 2.2000000000e-01 
3.4018216715e-09 1.2563691237e+04 1.4153317489e+00 2.2000000000e-01 
6.0973189830e-11 1.1246806173e+04 6.6632224628e-01 2.2000000000e-01 
2.3499999999e-07 1.1247468364e+04 5.1656236493e-01 2.2000000000e-01 
2.3500000000e-07 1.1634648261e+04 5.8134048102e-01 2.2000000000e-01 
2.3500000000e-07 1.4899635683e+04 8.7944424282e-01 2.2000000000e-01 
2.3500000000e-07 1.5337125368e+04 3.6120809665e-01 2.2000000000e-01 
8.9638156416e-08 1.3257859906e+04 4.1296730166e-01 2.2000000000e-01 
1.5122977458e-10 1.5241297185e+04 6.9745191680e-01 2.2000000000e-01 
2.3500000000e-07 1.2139791966e+04 9.4940556263e-01 2.2000000000e-01 
2.3499999999e-07 2.0000000000e+04 5.4558990441e-01 2.2000000000e-01 
6.0009187284e-09 1.2068152665e+04 1.4265465790e+00 2.2000000000e-01 
7.7671887185e-09 1.2229679777e+04 6.0098320355e-01 2.2000000000e-01 
1.1781560171e-08 1.2284690732e+04 5.3476610599e-01 2.2000000000e-01 
8.0949656811e-11 1.4541838416e+04 3.5716009557e-01 2.2000000000e-01 
1.1462478493e-08 1.1978874481e+04 1.2008839739e+00 2.2000000000e-01 
2.2585789398e-08 1.3798033936e+04 9.9571711064e-01 2.2000000000e-01 
1.0529997612e-11 1.1407169521e+04 9.4970601321e-01 2.2000000000e-01 
1.0080882142e-07 1.2864840517e+04 3.9826119072e-01 2.2000000000e-01 
4.2360611706e-10 1.1306539777e+04 9.1114466702e-01 2.2000000000e-01 
2.3254336733e-09 1.2896943918e+04 7.8073353091e-01 2.2000000000e-01 
2.3499999999e-07 1.3542816752e+04 1.1239727461e+00 2.2000000000e-01 
7.6892887839e-09 1.4189170654e+04 1.3225174477e+00 2.2000000000e-01 
6.6814316773e-08 1.4786619526e+04 1.2314199428e+00 2.2000000000e-01 
2.0188119502e-09 1.4601127650e+04 1.1543942631e-01 2.2000000000e-01 
1.4076758265e-11 1.3029627550e+04 9.7127699429e-01 2.2000000000e-01 
7.7948872710e-08 1.2443154269e+04 9.2875559430e-01 2.2000000000e-01 
1.7509179680e-10 1.2082830471e+04 7.6795696868e-01 2.2000000000e-01 
8.9273498241e-10 1.1313847765e+04 7.8437865386e-01 2.2000000000e-01 
2.6288446344e-08 1.7877698741e+04 9.9013045695e-01 2.2000000000e-01 
1.0188100839e-07 1.5813511635e+04 5.2798163914e-01 2.2000000000e-01 
3.8178454819e-11 1.5920010075e+04 4.7411864937e-01 2.2000000000e-01 
8.4037220651e-10 1.8286344614e+04 1.2771059754e+00 2.2000000000e-01 
1.8551065934e-11 1.6815696034e+04 9.5410192079e-01 2.2000000000e-01 
2.1319212089e-08 1.5437635088e+04 8.7685323788e-01 2.2000000000e-01 
2.3499999999e-07 1.1552254969e+04 1.4783097095e+00 2.2000000000e-01 
2.1666685916e-09 2.0000000000e+04 1.1494414805e+00 2.2000000000e-01 
4.8281689108e-10 1.1281479535e+04 1.2332811554e+00 2.2000000000e-01 
4.5703573329e-10 1.3845376644e+04 1.3740049323e+00 2.2000000000e-01 
2.3500000000e-07 1.1452065155e+04 6.8009622854e-01 2.2000000000e-01 
1.3211262178e-09 1.1624303091e+04 1.1039070620e+00 2.2000000000e-01 
1.8663311019e-08 1.3631390610e+04 6.9990023518e-01 2.2000000000e-01 
9.4766987163e-09 1.5762511471e+04 6.0164153262e-01 2.2000000000e-01 
3.6715638770e-08 1.4500908391e+04 6.7388723586e-01 2.2000000000e-01 
2.3499999999e-07 1.8127807489e+04 8.1768287262e-01 2.2000000000e-01 
2.3500000000e-07 1.7264526286e+04 1.1488987120e+00 2.2000000000e-01 
4.7209538289e-10 1.8561813166e+04 1.0837634567e+00 2.2000000000e-01 
8.7640730804e-08 1.4583873440e+04 8.6718365819e-01 2.2000000000e-01 
2.3500000000e-07 1.7504533619e+04 9.1204601074e-01 2.2000000000e-01 
5.9402044703e-08 2.0000000000e+04 3.1361718596e-01 2.2000000000e-01 
1.3348888955e-10 1.8020281702e+04 1.3063276678e-01 2.2000000000e-01 
3.1096957793e-10 1.6996636290e+04 4.3979119058e-01 2.2000000000e-01 
2.3500000000e-07 1.2196323721e+04 8.0567279040e-01 2.2000000000e-01 
1.4956039646e-08 1.6638310683e+04 1.2373993352e+00 2.2000000000e-01 
1.1179957225e-08 1.1992529183e+04 7.1065409844e-01 2.2000000000e-01 
1.2255288425e-09 1.3168502592e+04 5.9923790339e-01 2.2000000000e-01 
1.5768201556e-09 1.1402932078e+04 2.7212383512e-01 2.2000000000e-01 
3.2052171953e-09 1.1619056402e+04 7.5438195802e-01 2.2000000000e-01 
1.2870335099e-12 1.2580558293e+04 1.3030679313e+00 2.2000000000e-01 
2.3500000000e-07 1.1704210303e+04 1.1939392290e+00 2.2000000000e-01 
6.0261834291e-09 1.8473024251e+04 1.4074051019e+00 2.2000000000e-01 
4.4384055159e-09 1.1660652244e+04 2.0969508385e-01 2.2000000000e-01 
2.3500000000e-07 1.1404019852e+04 9.6335070030e-01 2.2000000000e-01 
1.5959961258e-10 1.2869936196e+04 3.8798582999e-01 2.2000000000e-01 
4.4049238282e-09 2.0000000000e+04 9.1929371945e-01 2.2000000000e-01 
9.7728156340e-08 1.1741488396e+04 1.1724705169e+00 2.2000000000e-01 
8.0575333699e-10 1.1750380984e+04 1.2130727312e+00 2.2000000000e-01 
2.3500000000e-07 1.2836371893e+04 1.2367471040e+00 2.2000000000e-01 
1.3064628181e-07 1.2578987872e+04 5.4889496566e-01 2.2000000000e-01 
1.4718570789e-10 1.4946139272e+04 1.1372032759e+00 2.2000000000e-01 
4.3914288403e-09 1.2230136904e+04 1.4067187078e+00 2.2000000000e-01 
3.7822688085e-11 2.0000000000e+04 1.1863898533e+00 2.2000000000e-01 
2.9801791959e-11 1.6198819390e+04 9.1360746993e-01 2.2000000000e-01 
2.3499999999e-07 1.7419875678e+04 1.1289685992e+00 2.2000000000e-01 
2.8242025478e-09 1.5959929071e+04 6.9121895900e-01 2.2000000000e-01 
5.4546359549e-08 1.9444081856e+04 2.5298975967e-01 2.2000000000e-01 
7.3586412722e-09 1.2623240089e+04 6.4446965888e-01 2.2000000000e-01 
5.2815162893e-10 1.3320652526e+04 1.3320022733e+00 2.2000000000e-01 
1.4227741036e-11 1.1845846917e+04 8.7286100881e-01 2.2000000000e-01 
4.5606471894e-10 1.3327608965e+04 8.4692326824e-01 2.2000000000e-01 
5.4824889869e-09 1.4781727843e+04 9.9214604825e-01 2.2000000000e-01 
2.6508499013e-08 1.1982241595e+04 4.2136818080e-01 2.2000000000e-01 
2.2465214523e-09 1.1998532833e+04 3.0810936293e-01 2.2000000000e-01 
2.9400099241e-09 1.4478677519e+04 2.4411454644e-01 2.2000000000e-01 
1.2306566203e-08 1.2880378801e+04 8.5686133653e-01 2.2000000000e-01 
5.9107631165e-09 1.6983938386e+04 1.2679001681e+00 2.2000000000e-01 
9.3163305687e-08 1.5182968528e+04 8.1921530030e-01 2.2000000000e-01 
2.3499999999e-07 1.2346596690e+04 6.9144944772e-01 2.2000000000e-01 
3.3455418026e-11 1.2864434567e+04 5.9364128620e-01 2.2000000000e-01 
6.0480807485e-10 1.5892221518e+04 1.0817907265e+00 2.2000000000e-01 
5.1678988929e-08 1.2796067078e+04 7.6646939558e-01 2.2000000000e-01 
6.4205585702e-08 1.2452177055e+04 9.1825386281e-01 2.2000000000e-01 
3.0953392615e-09 1.4018204374e+04 7.5369435969e-01 2.2000000000e-01 
4.6868829948e-12 1.1414115038e+04 9.4400654901e-01 2.2000000000e-01 
1.1460516836e-09 1.1776501806e+04 7.7078124862e-01 2.2000000000e-01 
1.7233647590e-12 1.4554333882e+04 3.1537770820e-01 2.2000000000e-01 
2.3098107702e-08 1.5769928201e+04 7.1550724174e-01 2.2000000000e-01 
7.1588573335e-11 1.2570858036e+04 8.9787248293e-01 2.2000000000e-01 
1.7086164022e-09 1.1345961065e+04 8.6328299617e-01 2.2000000000e-01 
4.8664421866e-10 1.5340581366e+04 1.3999058168e+00 2.2000000000e-01 
7.0345758094e-08 1.1303791768e+04 6.8527084809e-01 2.2000000000e-01 
9.2680995328e-08 1.5639361078e+04 1.2848062131e+00 2.2000000000e-01 
3.4867788431e-08 1.1626838075e+04 1.0210915659e+00 2.2000000000e-01 
3.0987052176e-09 1.2004616300e+04 1.1198312653e+00 2.2000000000e-01 
9.8432705263e-09 1.1990273541e+04 1.4324746643e+00 2.2000000000e-01 
5.7883233007e-08 1.1236956896e+04 3.6171468066e-01 2.2000000000e-01 
5.8842692601e-09 1.2672246555e+04 1.2583928509e+00 2.2000000000e-01 
4.6552135303e-08 1.5678975268e+04 5.2045128074e-01 2.2000000000e-01 
2.3499999999e-07 2.0000000000e+04 4.4691351299e-01 2.2000000000e-01 
1.9635788917e-09 1.1758000972e+04 1.0845836586e+00 2.2000000000e-01 
4.3486484595e-10 1.2671304130e+04 4.7124127868e-01 2.2000000000e-01 
3.0935523298e-10 2.0000000000e+04 1.2500325069e+00 2.2000000000e-01 
1.2474254162e-12 1.4563609025e+04 4.5908544929e-01 2.2000000000e-01 
5.8110323878e-09 1.1584736587e+04 1.1914749063e+00 2.2000000000e-01 
1.7090096711e-08 1.8715155370e+04 3.0648514323e-01 2.2000000000e-01 
2.3499999999e-07 1.7446022046e+04 4.8435782870e-01 2.2000000000e-01 
3.7077293106e-08 1.4099722221e+04 6.5105645665e-01 2.2000000000e-01 
2.4507206472e-11 1.1245706474e+04 5.6345359737e-01 2.2000000000e-01 
6.3654572862e-11 1.1252231205e+04 3.8585789205e-01 2.2000000000e-01 
2.3499999999e-07 1.4148570228e+04 6.7062868580e-01 2.2000000000e-01 
1.0183996628e-10 1.1226550354e+04 9.9892329341e-01 2.2000000000e-01 
3.7506069169e-10 1.5345031356e+04 7.8758333165e-01 2.2000000000e-01 
2.1310020284e-10 1.7651027719e+04 1.1695742969e+00 2.2000000000e-01 
8.5393215395e-08 1.2346016416e+04 6.6775824196e-01 2.2000000000e-01 
7.3734633173e-08 1.1993667413e+04 2.4196573261e-01 2.2000000000e-01 
5.0325349027e-08 1.2459820908e+04 9.7458767340e-01 2.2000000000e-01 
9.6300623742e-10 1.1298913532e+04 6.6962036390e-01 2.2000000000e-01 
2.1476401451e-07 1.3173766870e+04 7.6388991133e-01 2.2000000000e-01 
2.3499999999e-07 1.4886230924e+04 8.3373083359e-01 2.2000000000e-01 
3.3972972640e-09 1.1224359092e+04 2.5527569405e-01 2.2000000000e-01 
2.2959675145e-10 1.3176883013e+04 1.0974746990e-01 2.2000000000e-01 
2.6365176140e-09 1.1631295312e+04 4.7371580011e-01 2.2000000000e-01 
2.3500000000e-07 1.2849798573e+04 1.0929190665e+00 2.2000000000e-01 
2.5671562936e-09 1.4055514248e+04 1.2269510801e+00 2.2000000000e-01 
1.3248907815e-10 1.2699881202e+04 9.3681417603e-01 2.2000000000e-01 
6.8356325048e-10 2.0000000000e+04 1.2126549158e+00 2.2000000000e-01 
6.2338854085e-10 1.1573507054e+04 7.2061510751e-01 2.2000000000e-01 
9.1616959352e-09 1.1752496674e+04 9.8219149922e-01 2.2000000000e-01 
2.8788161805e-09 1.1549087825e+04 7.7050403918e-01 2.2000000000e-01 
7.4745118438e-09 1.1296035221e+04 7.5361809205e-01 2.2000000000e-01 
2.7291737510e-12 1.1238523932e+04 5.3473838281e-01 2.2000000000e-01 
2.3499999999e-07 1.7148988062e+04 1.5318519112e+00 2.2000000000e-01 
8.7480125561e-09 1.3062497546e+04 4.7576872583e-01 2.2000000000e-01 
7.4591221974e-12 1.6009604099e+04 5.5474078976e-01 2.2000000000e-01 
2.9482764598e-08 1.3179411502e+04 5.5906030815e-01 2.2000000000e-01 
5.1131214131e-11 1.1269392048e+04 5.7181341727e-01 2.2000000000e-01 
4.0677366266e-09 1.2463155088e+04 8.3339165001e-01 2.2000000000e-01 
7.2390361741e-11 1.3536481337e+04 1.0240152054e+00 2.2000000000e-01 
2.3499999999e-07 1.2364980565e+04 5.9214167532e-01 2.2000000000e-01 
6.9393914889e-09 1.4757638995e+04 1.1207540624e+00 2.2000000000e-01 
1.4217124664e-07 1.4184330047e+04 9.7079681759e-01 2.2000000000e-01 
1.2118096810e-10 1.4982794315e+04 4.7488959460e-01 2.2000000000e-01 
5.0916997921e-10 1.8080097879e+04 1.2979928988e+00 2.2000000000e-01 
1.4285896803e-08 1.1367191594e+04 7.2507493048e-01 2.2000000000e-01 
2.3500000000e-07 1.1967840770e+04 5.5784565319e-01 2.2000000000e-01 
2.3499999999e-07 1.2515605594e+04 6.3517064521e-01 2.2000000000e-01 
2.5021313179e-12 1.4110014161e+04 8.4821072843e-01 2.2000000000e-01 
1.1754007813e-09 1.1632155668e+04 4.2044712095e-01 2.2000000000e-01 
1.9344289527e-11 1.1884474711e+04 1.3771022185e+00 2.2000000000e-01 
2.6319852669e-09 1.5972584898e+04 7.8528729397e-01 2.2000000000e-01 
3.3934152930e-08 1.1434503169e+04 1.0237167332e+00 2.2000000000e-01 
1.0823594219e-08 1.1514501874e+04 8.7240809383e-01 2.2000000000e-01 
1.0977901816e-08 2.0000000000e+04 5.6971202044e-01 2.2000000000e-01 
3.2267199818e-08 1.6936611037e+04 1.1367145543e+00 2.2000000000e-01 
2.3500000000e-07 1.3876078726e+04 3.8324401717e-01 2.2000000000e-01 
8.8423528703e-08 1.5258128397e+04 6.9791142644e-01 2.2000000000e-01 
1.0123103114e-09 1.4161477556e+04 4.5402891380e-01 2.2000000000e-01 
1.8552172239e-10 1.5609686068e+04 1.2133660296e+00 2.2000000000e-01 
3.9566815225e-09 1.1719794850e+04 6.7198415885e-01 2.2000000000e-01 
3.4575911281e-08 1.4669721285e+04 1.1376252656e+00 2.2000000000e-01 
3.2617547442e-10 1.4142445615e+04 1.1635539869e+00 2.2000000000e-01 
3.7544813558e-13 1.7086124498e+04 6.9875187126e-01 2.2000000000e-01 
2.2747351601e-08 1.3800092327e+04 2.8925896226e-01 2.2000000000e-01 
3.4935370568e-08 1.4303009742e+04 3.7042094570e-01 2.2000000000e-01 
1.5364915432e-10 1.4423831343e+04 1.0247323851e+00 2.2000000000e-01 
4.4151461238e-09 1.2116309469e+04 3.7924764847e-01 2.2000000000e-01 
