Radius [m]       Fe Area [frac]    Max Temp [k]    
4.5161902930e-05 9.0608824801e-01 2.2065010580e+03 
1.0833548309e-05 8.5833100041e-01 2.1163450831e+03 
9.7446291894e-05 9.0558843127e-01 2.2341937599e+03 
2.5878738455e-05 9.0147561815e-01 2.2893642407e+03 
2.3041562555e-05 8.7840754145e-01 2.1498762977e+03 
2.4776248290e-06 8.1009633588e-01 1.1528134437e+03 
2.1929410484e-05 8.6962854850e-01 2.0897761523e+03 
5.0361571481e-05 9.2191414053e-01 2.3319119886e+03 
1.2665047497e-05 7.8718297490e-01 1.4638187808e+03 
1.7111774096e-05 8.0089657679e-01 1.8788513577e+03 
4.1498301602e-06 8.8508854832e-01 2.4892477211e+03 
9.6577128114e-06 8.6290815893e-01 2.2230057349e+03 
2.0674768650e-06 7.9824739181e-01 1.1945344586e+03 
3.0589304922e-06 8.5829235200e-01 2.3586430760e+03 
3.4786886581e-05 7.9714044946e-01 1.7240760501e+03 
4.8028262762e-05 8.9020680775e-01 2.1326338764e+03 
2.0347454573e-05 8.6438919205e-01 2.0996985139e+03 
1.3052595420e-05 8.7012808174e-01 2.2792700794e+03 
9.9204460125e-06 7.8009308373e-01 1.3979662301e+03 
1.7513382029e-05 8.1245495275e-01 1.8598389050e+03 
9.5085977328e-06 7.9327844730e-01 1.6009259499e+03 
6.0204969808e-05 8.8880255793e-01 2.1388352721e+03 
2.3589371972e-05 9.1620719293e-01 2.4870581049e+03 
5.0366564432e-05 8.8318526845e-01 2.1271713051e+03 
9.2726111284e-05 9.2015236330e-01 2.2652458053e+03 
1.0704120839e-04 9.0788356414e-01 2.2226890673e+03 
1.0686142659e-05 8.8090492336e-01 2.3559598492e+03 
2.8399508885e-05 8.7359003369e-01 2.1157031245e+03 
5.4724941661e-06 7.9410445181e-01 1.4384659558e+03 
1.0769975601e-05 8.7875174566e-01 2.3218911453e+03 
3.8783565235e-05 8.9468084573e-01 2.2653471651e+03 
2.3841225048e-05 8.0788588047e-01 1.9265479127e+03 
4.5933798079e-05 8.7633459208e-01 2.1153801117e+03 
2.7664283547e-05 8.9532331200e-01 2.2587331367e+03 
2.1176412153e-05 8.0421574268e-01 1.8600663665e+03 
5.5559004580e-05 9.1541160725e-01 2.3267540681e+03 
7.4484460105e-05 9.3206594783e-01 2.3177833237e+03 
6.8122033380e-06 7.9990244585e-01 1.2761958817e+03 
9.4443390300e-06 7.8170886185e-01 1.6436360629e+03 
1.4283321938e-04 8.4414745160e-01 2.0064409707e+03 
1.5238596160e-05 8.5457100154e-01 2.1216619497e+03 
2.0832098747e-05 8.0097128335e-01 1.9381054256e+03 
4.6756716286e-05 8.8422773302e-01 2.1640995291e+03 
2.7364253089e-05 8.8600330919e-01 2.1686423469e+03 
4.1863772971e-06 8.6275708530e-01 2.3509401441e+03 
2.3066910194e-05 8.6602084016e-01 2.0890328973e+03 
5.9391943003e-05 9.2346743352e-01 2.2794802255e+03 
2.4945286665e-05 8.9323790985e-01 2.2239658146e+03 
9.7769524086e-06 7.8521419051e-01 1.6204569105e+03 
9.2861735903e-06 7.9381325704e-01 1.5245577406e+03 
2.0178963602e-05 8.6201313205e-01 2.0436438485e+03 
6.8947917189e-05 9.3317473299e-01 2.3307257623e+03 
2.5174024360e-05 9.0779497010e-01 2.4418663746e+03 
2.7155131483e-05 8.7670432706e-01 2.1195750500e+03 
7.3300158646e-05 8.8318968841e-01 2.2288398015e+03 
1.2808112895e-05 8.6704641131e-01 2.1962022639e+03 
3.9862089306e-06 8.6276889193e-01 2.3509340458e+03 
1.2209008065e-05 7.8705958130e-01 1.6144950265e+03 
2.0604366082e-05 8.6476856486e-01 2.0768511765e+03 
1.7470492969e-05 8.6616986670e-01 2.1303480387e+03 
6.3866684020e-05 8.8551346433e-01 2.1276614524e+03 
3.1176162431e-05 8.7521823400e-01 2.1028634728e+03 
6.3606055244e-06 8.4176149553e-01 2.1363778393e+03 
2.9613759793e-06 1.0000000000e+00 1.2608831236e+03 
2.0747052285e-05 8.4561224390e-01 2.0657912218e+03 
2.5074112482e-05 9.0249825270e-01 2.3855760676e+03 
7.8020306596e-06 8.8479067017e-01 2.4476106529e+03 
2.5394553860e-05 8.8046038674e-01 2.1231458238e+03 
5.1941406545e-06 8.5252225685e-01 2.2580681367e+03 
3.3682885359e-05 8.9998504582e-01 2.2133891959e+03 
2.4581818294e-05 8.7623391436e-01 2.1143848866e+03 
1.4507946398e-04 1.0000000000e+00 7.9184490466e+02 
3.0116486233e-06 8.7124873509e-01 2.4019738610e+03 
7.4890528763e-06 8.9932683144e-01 2.5639130868e+03 
7.5595931613e-05 8.9474690227e-01 2.1489687697e+03 
2.8724036005e-05 7.9216979266e-01 1.5540946595e+03 
4.7719738866e-05 9.0671694887e-01 2.2224064477e+03 
1.9260542005e-05 8.6420910237e-01 2.1024600654e+03 
4.5648962917e-05 9.0377764019e-01 2.2287738583e+03 
7.2495211935e-05 9.2709049304e-01 2.3126836714e+03 
2.3464862635e-05 8.6683984804e-01 2.0860788140e+03 
5.6680568154e-06 8.6222821214e-01 2.2184046092e+03 
1.3831053540e-05 8.7255010034e-01 2.2160050016e+03 
2.5872697395e-05 8.9305604371e-01 2.2363386523e+03 
2.3163915826e-05 8.6263839968e-01 2.0955447418e+03 
5.2405406973e-05 8.9127095689e-01 2.1389875778e+03 
3.8315640601e-06 8.7790657317e-01 2.4810591030e+03 
6.6018555186e-05 9.2709097013e-01 2.2878654721e+03 
4.2038194638e-05 8.7959747233e-01 2.1209960728e+03 
1.6496170775e-05 8.8176867848e-01 2.2094547957e+03 
3.0794130182e-05 8.7488206549e-01 2.2053144335e+03 
1.0802644515e-05 7.8971048173e-01 1.3983115883e+03 
5.7169552188e-06 8.3806396037e-01 2.1212827477e+03 
4.1163787659e-05 9.1455091634e-01 2.4062146322e+03 
4.2031522188e-05 8.5009948846e-01 2.0245548860e+03 
4.2632881670e-05 8.9915013095e-01 2.1546104813e+03 
4.5900092324e-06 8.7896041183e-01 2.4517354711e+03 
1.1017402024e-05 1.0000000000e+00 1.4627579282e+03 
5.4844216858e-05 8.7956539582e-01 2.2069276257e+03 
5.4428590219e-05 9.3355369787e-01 2.4023676370e+03 
4.3797414523e-06 8.2355298285e-01 1.0929768182e+03 
3.4451298486e-05 9.0230162558e-01 2.3751361713e+03 
6.1695048494e-06 8.8021385613e-01 2.4089455446e+03 
2.2602422663e-05 8.9823448144e-01 2.3668058412e+03 
2.8290825074e-06 1.0000000000e+00 8.9235122587e+02 
3.2274209118e-05 8.7068136198e-01 2.1095084670e+03 
9.6441410915e-06 7.9660741249e-01 1.4573752062e+03 
1.1611516106e-05 7.8401173655e-01 1.5892966897e+03 
7.3629262961e-05 9.0439081452e-01 2.2712204107e+03 
6.1325331767e-05 8.9544811858e-01 2.1436577458e+03 
5.6486041779e-05 8.7158942538e-01 2.1506363802e+03 
9.5836092465e-05 9.1935442126e-01 2.2498451063e+03 
5.0492010184e-06 8.8693207176e-01 2.5196882510e+03 
5.6290506051e-05 9.3075624146e-01 2.3539362169e+03 
3.5127142733e-06 8.8464387025e-01 2.4813676404e+03 
4.5865740540e-05 8.6994908500e-01 2.1061716679e+03 
5.8501608257e-05 9.0912173604e-01 2.3086216284e+03 
1.5822869708e-05 7.9108662214e-01 1.9370154876e+03 
8.7921492896e-05 9.1384766054e-01 2.2178295447e+03 
9.5279666508e-05 9.2985542604e-01 2.2762079195e+03 
9.8200045996e-05 9.1674615083e-01 2.2340123745e+03 
8.1376664761e-05 9.2208289364e-01 2.2876613226e+03 
3.5316978450e-05 7.9574814525e-01 1.6499797687e+03 
6.1576201204e-06 7.9403696351e-01 1.4730445971e+03 
5.4011082768e-06 8.9713489120e-01 2.5664153475e+03 
2.7977853297e-05 8.6810419274e-01 2.1064602315e+03 
4.7434742854e-05 8.8151201100e-01 2.1218535234e+03 
4.9539750923e-06 8.3519548307e-01 2.0975281265e+03 
8.0428553733e-05 8.8327594151e-01 2.1211287444e+03 
1.0000132682e-05 8.6936383804e-01 2.1939986987e+03 
9.6543419479e-06 8.7506075643e-01 2.3154195318e+03 
2.1615327386e-05 1.0000000000e+00 7.9438823401e+02 
7.2051376323e-06 8.5538860675e-01 2.1629603614e+03 
1.5517740296e-05 8.2306017095e-01 2.0091499953e+03 
5.3983006023e-05 9.0453869870e-01 2.2354655968e+03 
7.1045796512e-06 8.4640507971e-01 2.1815292048e+03 
3.3803267872e-05 9.0123129887e-01 2.2719098701e+03 
2.0303471752e-05 8.8065368864e-01 2.1853024178e+03 
3.1239936671e-06 7.6723125107e-01 1.4734478461e+03 
1.4916296713e-05 8.8617105457e-01 2.4193657222e+03 
5.6774418231e-06 8.5116977953e-01 2.1406840261e+03 
1.9568860048e-05 8.9738019221e-01 2.4114305294e+03 
7.0206206440e-05 9.2928411782e-01 2.3212197479e+03 
1.3534040122e-05 8.7028721574e-01 2.1458821253e+03 
5.7526318972e-05 9.1926729774e-01 2.2950698814e+03 
4.6742519309e-06 8.8899969821e-01 2.5375601280e+03 
1.7359685993e-05 8.6096696724e-01 2.0842392209e+03 
8.0316399699e-05 9.3986406115e-01 2.3205234716e+03 
3.9180500436e-06 8.9412317823e-01 2.5768420965e+03 
7.0967295926e-05 9.3682167056e-01 2.3334208619e+03 
3.4173332238e-05 8.8332667279e-01 2.1506752688e+03 
2.6939288267e-05 8.8306226875e-01 2.1265871539e+03 
2.4897714751e-05 8.6451758556e-01 2.1015840271e+03 
9.8250482092e-06 7.9156593967e-01 1.3942659882e+03 
5.7848423759e-06 8.1936567703e-01 2.0151810876e+03 
2.8983402336e-05 9.0390116104e-01 2.4292429061e+03 
8.5096272943e-05 9.1955332487e-01 2.2595900917e+03 
6.1734324240e-05 8.0262038046e-01 1.7966092068e+03 
5.4881927577e-06 8.1942905312e-01 1.1078297695e+03 
3.2495586172e-05 8.7517652693e-01 2.1165112670e+03 
5.3627469073e-06 8.4056948367e-01 1.0560011060e+03 
7.7338779111e-05 9.4016459469e-01 2.3130913708e+03 
6.4419009977e-05 9.3254152103e-01 2.3390988912e+03 
9.6423937112e-06 7.9681376126e-01 1.3543253937e+03 
1.0727297432e-05 8.4822415409e-01 2.1535574289e+03 
3.4721003699e-05 9.2496957028e-01 2.4764600452e+03 
9.1390191045e-05 9.1235723458e-01 2.2374656003e+03 
2.8042671276e-05 8.6869368037e-01 2.1531160955e+03 
1.2881543767e-05 7.8171444074e-01 1.7282459193e+03 
5.6214727679e-05 1.0000000000e+00 1.2534480195e+03 
4.7476626696e-05 9.1349069846e-01 2.2743974800e+03 
2.8183633953e-05 8.7885277141e-01 2.1217431428e+03 
2.9246986818e-05 8.7276492474e-01 2.0746654160e+03 
5.3799466142e-05 9.1245540425e-01 2.2067383867e+03 
6.7639596538e-05 8.9800890392e-01 2.1557363834e+03 
2.2949547647e-05 8.7282724929e-01 2.1057087887e+03 
1.1110427970e-04 9.1176828337e-01 2.2224938075e+03 
1.8414980176e-05 8.7942645958e-01 2.2707447023e+03 
8.9978003429e-06 8.7589438412e-01 2.3058627677e+03 
8.7034056322e-05 9.3361045341e-01 2.2939093960e+03 
3.9015282788e-06 8.6386230222e-01 2.3534227335e+03 
6.0132776423e-05 9.2088482348e-01 2.3266403971e+03 
4.3871250375e-06 8.4008455996e-01 2.1380068047e+03 
2.5661289095e-05 8.8208584887e-01 2.1733049093e+03 
3.5446669714e-05 8.9669033617e-01 2.2409643217e+03 
7.1217966581e-05 9.2250975085e-01 2.2481686811e+03 
6.7721207998e-05 9.3419622789e-01 2.3117671892e+03 
5.5170577312e-06 8.3242815767e-01 2.0603345043e+03 
5.5931587028e-05 9.1406327060e-01 2.2953552819e+03 
9.7215186596e-05 9.2510609606e-01 2.2652766266e+03 
2.2650377386e-05 8.5933271493e-01 2.2981799399e+03 
3.4496586130e-05 8.0125429640e-01 1.8368604227e+03 
3.3543023660e-06 8.8184088722e-01 2.5013078902e+03 
8.0341681395e-05 9.2480756103e-01 2.2565932855e+03 
3.6581610694e-05 8.8940771835e-01 2.1896527791e+03 
4.8725230924e-06 8.6207665029e-01 2.3741112688e+03 
3.3851057222e-05 9.1487717402e-01 2.4216976111e+03 
3.0690837740e-05 8.8825537392e-01 2.3648443833e+03 
2.1372828817e-05 8.6995016892e-01 2.1048055295e+03 
4.2946933784e-05 8.8278136994e-01 2.1271223506e+03 
