Mass [kg]        Velocity [m s-1]    Theta [rad]    CO2 [ frac]    
1.0965682210e-09 1.8473515061e+04 4.5880091323e-01 6.7000000000e-01 
1.1903854202e-07 1.1347755004e+04 4.8445886910e-01 6.7000000000e-01 
2.3500000000e-07 1.8703827164e+04 9.6025494934e-01 6.7000000000e-01 
2.1000883464e-09 1.6981565134e+04 6.8442607069e-01 6.7000000000e-01 
5.0108388901e-09 1.1889780756e+04 5.9010173591e-01 6.7000000000e-01 
5.2239970023e-09 1.2128884735e+04 4.1655669660e-01 6.7000000000e-01 
2.7988501936e-11 1.2824382510e+04 4.8510968367e-01 6.7000000000e-01 
2.7067884572e-11 1.5363172674e+04 9.4679656634e-01 6.7000000000e-01 
1.0326532428e-07 1.2412394899e+04 3.9148713545e-01 6.7000000000e-01 
2.3500000000e-07 1.5021928659e+04 5.8062788794e-01 6.7000000000e-01 
1.5933352536e-08 1.3459192506e+04 4.2098441767e-01 6.7000000000e-01 
2.3499999999e-07 1.2378961776e+04 9.3153589820e-01 6.7000000000e-01 
9.4356103882e-10 2.0000000000e+04 2.0962910339e-01 6.7000000000e-01 
2.3500000000e-07 1.4088731222e+04 1.2072723868e+00 6.7000000000e-01 
2.3500000000e-07 1.1551214604e+04 5.4902489386e-01 6.7000000000e-01 
2.1943120904e-07 1.2311454257e+04 1.1476640417e+00 6.7000000000e-01 
1.7486016997e-08 2.0000000000e+04 1.0397796146e+00 6.7000000000e-01 
3.9835580523e-09 1.2422912347e+04 2.9398497010e-01 6.7000000000e-01 
2.1956944122e-10 1.1485489752e+04 7.9359647561e-01 6.7000000000e-01 
7.8926161859e-09 1.1623275477e+04 4.5195690286e-01 6.7000000000e-01 
2.1147202170e-08 1.1581190558e+04 7.2661658136e-01 6.7000000000e-01 
3.9832922972e-10 1.2087914673e+04 8.5408538524e-01 6.7000000000e-01 
2.3499999999e-07 1.5046859150e+04 4.5066304927e-01 6.7000000000e-01 
2.3499999999e-07 1.2410874386e+04 3.2612783668e-01 6.7000000000e-01 
3.4176014817e-10 2.0000000000e+04 1.1192818680e+00 6.7000000000e-01 
1.3294923066e-10 1.5874714821e+04 6.3492603659e-01 6.7000000000e-01 
2.3499999999e-07 1.1938369687e+04 7.5275026043e-01 6.7000000000e-01 
1.1910420638e-09 1.1419724160e+04 1.3821026951e+00 6.7000000000e-01 
1.3018337537e-08 1.4834879560e+04 2.1588184346e-01 6.7000000000e-01 
4.8264093908e-10 1.1696205628e+04 2.8959385755e-01 6.7000000000e-01 
3.2195248145e-10 1.2591722002e+04 2.3056330928e-01 6.7000000000e-01 
3.6884959749e-10 1.8415149381e+04 1.1268217636e+00 6.7000000000e-01 
2.3499999999e-07 1.3818711837e+04 5.2904242697e-02 6.7000000000e-01 
1.5842824333e-10 1.1448356660e+04 5.5914891850e-01 6.7000000000e-01 
1.7768139788e-09 1.5385744739e+04 1.3499458978e+00 6.7000000000e-01 
1.8855575781e-08 1.3986543609e+04 1.0578261116e+00 6.7000000000e-01 
3.2699406263e-10 1.7489521331e+04 7.7187549617e-02 6.7000000000e-01 
1.3269342231e-09 1.1468126571e+04 9.6405120041e-01 6.7000000000e-01 
2.3499999999e-07 1.1590455448e+04 2.1833158257e-01 6.7000000000e-01 
3.9859296276e-09 1.2422677044e+04 1.3209749890e+00 6.7000000000e-01 
8.7926727368e-08 1.6186673026e+04 4.1545831962e-01 6.7000000000e-01 
1.1315554991e-11 1.1269302736e+04 8.7783934252e-01 6.7000000000e-01 
6.6903640855e-08 1.9164848191e+04 6.0387682243e-01 6.7000000000e-01 
2.3499999999e-07 1.3946256250e+04 7.8938778563e-01 6.7000000000e-01 
6.3426116622e-11 1.1911935585e+04 3.8560042715e-01 6.7000000000e-01 
8.1369256695e-08 1.3430016893e+04 1.0110480852e+00 6.7000000000e-01 
3.3475396623e-10 1.2294293606e+04 3.7838469970e-01 6.7000000000e-01 
3.0865101405e-08 1.3695772065e+04 1.1380418335e+00 6.7000000000e-01 
1.5020956533e-09 1.5695728582e+04 3.9440389012e-01 6.7000000000e-01 
9.4316262089e-10 1.3310035446e+04 6.2330571038e-01 6.7000000000e-01 
1.7493449922e-10 1.5952324529e+04 4.1684842933e-01 6.7000000000e-01 
2.3499999999e-07 1.3034069040e+04 1.1308697749e+00 6.7000000000e-01 
2.3500000000e-07 1.1287529210e+04 1.3626065589e+00 6.7000000000e-01 
1.8405183884e-11 1.5008422774e+04 7.1708944737e-01 6.7000000000e-01 
3.0446880791e-10 1.7718565418e+04 3.8524813028e-01 6.7000000000e-01 
3.3878247626e-10 1.1240068621e+04 1.1406614713e+00 6.7000000000e-01 
1.3139848928e-10 1.1380559184e+04 6.3938225986e-01 6.7000000000e-01 
1.4797221043e-10 1.5392926944e+04 1.2153407326e+00 6.7000000000e-01 
6.1511565302e-09 1.2048526029e+04 5.1677564128e-01 6.7000000000e-01 
2.3499999999e-07 2.0000000000e+04 9.0127411840e-01 6.7000000000e-01 
9.1100035946e-09 1.5889841584e+04 1.7606481324e-01 6.7000000000e-01 
5.0343477426e-09 1.2417559913e+04 1.3213268468e+00 6.7000000000e-01 
2.3500000000e-07 1.1784934787e+04 7.5323281430e-01 6.7000000000e-01 
6.3181816517e-12 1.3243760800e+04 1.3223977935e+00 6.7000000000e-01 
1.8768280235e-08 1.1872267647e+04 1.3194421300e+00 6.7000000000e-01 
1.4217876027e-07 1.1391389188e+04 1.1794889576e+00 6.7000000000e-01 
8.6362622069e-08 1.2835655391e+04 8.3661299100e-01 6.7000000000e-01 
9.6185828573e-09 1.5115118939e+04 7.3090665084e-01 6.7000000000e-01 
2.3500000000e-07 1.1560690980e+04 1.0748203140e+00 6.7000000000e-01 
7.1084904142e-10 1.7636607176e+04 1.1415546743e+00 6.7000000000e-01 
2.1952400566e-09 1.2776444076e+04 1.7492384663e-01 6.7000000000e-01 
7.9134747448e-11 2.0000000000e+04 6.7560254542e-01 6.7000000000e-01 
5.5253684279e-10 1.4302753747e+04 8.4367013975e-01 6.7000000000e-01 
2.2409430851e-09 1.1849738537e+04 1.0786523281e+00 6.7000000000e-01 
4.7248943573e-08 1.6921353286e+04 1.0040283583e+00 6.7000000000e-01 
2.3500000000e-07 1.4204827517e+04 1.2419171158e+00 6.7000000000e-01 
2.3499999999e-07 1.3978532847e+04 5.0407246115e-01 6.7000000000e-01 
2.3281114904e-10 1.4267321327e+04 1.3470291176e+00 6.7000000000e-01 
4.4239242640e-10 1.2075530820e+04 1.4243642960e-01 6.7000000000e-01 
3.8677987714e-12 1.1568402684e+04 1.0339200247e+00 6.7000000000e-01 
3.7662742507e-08 1.7115817751e+04 7.6157271747e-01 6.7000000000e-01 
1.4973166125e-07 1.2351215058e+04 9.3713217131e-01 6.7000000000e-01 
5.7877705302e-09 1.8211447897e+04 1.1762701386e+00 6.7000000000e-01 
2.7824682784e-11 1.2703639364e+04 9.6785192511e-01 6.7000000000e-01 
2.1642290321e-09 1.9416086673e+04 6.2233744630e-01 6.7000000000e-01 
1.0199100972e-08 1.2781994139e+04 1.0546340671e+00 6.7000000000e-01 
1.3403167227e-08 2.0000000000e+04 4.5174387652e-01 6.7000000000e-01 
2.6293040023e-11 2.0000000000e+04 6.1304143947e-01 6.7000000000e-01 
2.3499999999e-07 1.3777868062e+04 7.1855372282e-01 6.7000000000e-01 
1.4533857489e-11 1.3245381532e+04 1.3700140239e+00 6.7000000000e-01 
4.1744773944e-08 1.2210440713e+04 8.9767794445e-01 6.7000000000e-01 
5.9900576540e-09 1.4279121851e+04 1.0761024255e+00 6.7000000000e-01 
2.5643439140e-09 1.3559305319e+04 1.1092061246e+00 6.7000000000e-01 
2.3499999999e-07 1.1780222792e+04 1.0890134824e+00 6.7000000000e-01 
5.2460683861e-09 2.0000000000e+04 8.1647881689e-01 6.7000000000e-01 
2.3499999999e-07 2.0000000000e+04 1.7085433560e-01 6.7000000000e-01 
8.2774724425e-11 1.6553638318e+04 2.6427336929e-01 6.7000000000e-01 
1.4594782143e-08 1.2142873946e+04 1.1566339151e+00 6.7000000000e-01 
2.3500000000e-07 1.2670817060e+04 6.9801387421e-01 6.7000000000e-01 
2.0323335211e-09 1.2871018459e+04 1.2737872330e+00 6.7000000000e-01 
6.8984457758e-10 1.5825513643e+04 8.2542798101e-01 6.7000000000e-01 
2.8768455262e-11 1.1702032616e+04 1.3051102597e+00 6.7000000000e-01 
2.3500000000e-07 1.2947534284e+04 5.7166671984e-01 6.7000000000e-01 
2.5014900842e-09 1.7964491279e+04 6.4101915581e-01 6.7000000000e-01 
2.3500000000e-07 2.0000000000e+04 7.5838928112e-01 6.7000000000e-01 
2.3679804626e-09 1.8261919261e+04 9.4253449062e-01 6.7000000000e-01 
1.3045698443e-10 1.2572734082e+04 5.7927345754e-01 6.7000000000e-01 
2.3500000000e-07 1.5064959124e+04 7.0639510521e-01 6.7000000000e-01 
8.2273948799e-10 1.2540243216e+04 7.8705626783e-01 6.7000000000e-01 
2.3500000000e-07 1.4281504335e+04 5.5183559376e-01 6.7000000000e-01 
4.7958180291e-09 2.0000000000e+04 2.1949847929e-01 6.7000000000e-01 
8.2651064964e-09 1.1759092719e+04 5.0856111616e-01 6.7000000000e-01 
1.9933941903e-07 1.8014735036e+04 2.4308773948e-01 6.7000000000e-01 
1.0325406281e-08 1.1739412868e+04 2.1090857197e-01 6.7000000000e-01 
3.8873225829e-08 1.7932680577e+04 1.1115467747e+00 6.7000000000e-01 
2.9379449825e-08 1.2853815774e+04 3.7879043340e-01 6.7000000000e-01 
4.8768160011e-08 1.5587887324e+04 2.6118273644e-01 6.7000000000e-01 
2.7600623777e-10 1.1499152109e+04 1.1511374918e+00 6.7000000000e-01 
5.7231490315e-11 2.0000000000e+04 2.2720321196e-01 6.7000000000e-01 
6.3672819423e-10 1.1550767895e+04 1.0558814774e+00 6.7000000000e-01 
4.0892221568e-10 1.1333080368e+04 1.0745699661e+00 6.7000000000e-01 
5.9080002071e-10 2.0000000000e+04 8.9989185181e-01 6.7000000000e-01 
1.8987798496e-09 1.2212616798e+04 1.0508741465e+00 6.7000000000e-01 
1.1624252971e-09 1.4157684818e+04 1.2040486802e+00 6.7000000000e-01 
1.9835733531e-07 1.1722880676e+04 1.3779408744e+00 6.7000000000e-01 
3.3913504388e-10 1.9413709524e+04 7.5932154446e-01 6.7000000000e-01 
3.4908714289e-10 1.1592550193e+04 4.8637813601e-01 6.7000000000e-01 
2.2873016846e-07 2.0000000000e+04 1.0649536682e+00 6.7000000000e-01 
9.2118736637e-09 1.1547504765e+04 8.0532966975e-01 6.7000000000e-01 
2.6366923535e-10 2.0000000000e+04 1.2246044006e+00 6.7000000000e-01 
1.8999188564e-07 1.5166264779e+04 1.1111224878e+00 6.7000000000e-01 
2.3499999999e-07 1.8143014071e+04 1.1691826762e-01 6.7000000000e-01 
2.0699146961e-09 1.6466867099e+04 6.8537115314e-01 6.7000000000e-01 
2.3499999999e-07 1.2496703953e+04 9.8027961486e-01 6.7000000000e-01 
2.3499999999e-07 1.4027602846e+04 3.7628540167e-01 6.7000000000e-01 
2.3499999999e-07 1.1773258788e+04 1.3437445745e+00 6.7000000000e-01 
2.1634533380e-08 1.5750589008e+04 9.6118748343e-01 6.7000000000e-01 
1.6176579370e-07 1.1326761829e+04 1.2525492243e+00 6.7000000000e-01 
1.7626570207e-07 1.2099064819e+04 2.0744852603e-01 6.7000000000e-01 
2.3499999999e-07 1.1313443784e+04 5.0260115722e-01 6.7000000000e-01 
5.4999453110e-10 1.5133714527e+04 1.0863852840e+00 6.7000000000e-01 
2.2717700354e-09 1.5271987248e+04 8.7310389571e-01 6.7000000000e-01 
1.5208637745e-09 1.6547571122e+04 8.6785295301e-01 6.7000000000e-01 
2.0527973961e-10 1.1360351116e+04 1.0336459756e+00 6.7000000000e-01 
2.3499999999e-07 1.1232533228e+04 1.9285397109e-01 6.7000000000e-01 
1.0933049813e-09 1.2088917090e+04 1.2069531483e+00 6.7000000000e-01 
6.8882075722e-11 1.2430186798e+04 4.4385731112e-01 6.7000000000e-01 
1.8543393382e-11 1.1433475052e+04 2.1708146486e-01 6.7000000000e-01 
2.3500000000e-07 1.4427559838e+04 6.1645814817e-01 6.7000000000e-01 
5.9931586486e-08 1.2505353839e+04 5.5385767604e-01 6.7000000000e-01 
7.1155370246e-09 1.7284693889e+04 7.0176115894e-01 6.7000000000e-01 
1.3308392903e-08 1.3032228897e+04 1.2792371486e+00 6.7000000000e-01 
9.6069917709e-09 1.2923071998e+04 1.5582022023e+00 6.7000000000e-01 
1.0040855541e-09 1.1267208056e+04 8.6457815811e-01 6.7000000000e-01 
4.1215145492e-10 1.1630156554e+04 5.7670436629e-01 6.7000000000e-01 
2.3499999999e-07 2.0000000000e+04 1.0302575399e+00 6.7000000000e-01 
2.5440090577e-11 1.2230924968e+04 7.3421292033e-01 6.7000000000e-01 
1.5734466517e-07 1.4582537642e+04 1.0554474218e+00 6.7000000000e-01 
3.3883321748e-09 1.4293228398e+04 3.2836444542e-01 6.7000000000e-01 
5.8751404205e-11 1.2555369350e+04 1.0502526736e+00 6.7000000000e-01 
4.8323658141e-11 1.9337694422e+04 3.4659096048e-01 6.7000000000e-01 
9.3811361390e-10 1.3863497996e+04 2.7607744833e-01 6.7000000000e-01 
4.3076531910e-09 1.1807003460e+04 4.6002119930e-01 6.7000000000e-01 
2.3499999999e-07 1.5576221127e+04 1.9106526105e-01 6.7000000000e-01 
3.9189538249e-10 1.2596014739e+04 5.2981238206e-01 6.7000000000e-01 
2.2372866116e-08 1.2776938734e+04 5.7165964069e-01 6.7000000000e-01 
4.4312519817e-09 1.2717130557e+04 1.4104350815e+00 6.7000000000e-01 
1.7625132736e-08 1.1390279417e+04 9.8698134581e-01 6.7000000000e-01 
2.2248498915e-09 1.4940842557e+04 1.2972987825e+00 6.7000000000e-01 
2.3335246516e-12 1.2503099791e+04 3.4219104716e-01 6.7000000000e-01 
8.6117063087e-10 1.1214666309e+04 3.6240128103e-01 6.7000000000e-01 
1.8849434550e-11 1.1653028627e+04 9.1370375622e-02 6.7000000000e-01 
1.9175620498e-08 1.3590639126e+04 1.2322061310e+00 6.7000000000e-01 
5.1437120502e-11 1.4132686979e+04 7.4503806786e-01 6.7000000000e-01 
1.7102717653e-09 1.2262103964e+04 9.9063680788e-01 6.7000000000e-01 
3.7684597601e-10 1.1474509230e+04 2.8922455160e-01 6.7000000000e-01 
7.7353753332e-08 1.7375586235e+04 1.1126597126e+00 6.7000000000e-01 
5.5669773206e-10 1.2719646834e+04 1.1502327471e+00 6.7000000000e-01 
8.2967936734e-10 1.6608910994e+04 1.1008510600e+00 6.7000000000e-01 
2.1630171777e-09 1.1257996566e+04 4.1215044081e-01 6.7000000000e-01 
6.3284461700e-08 1.2662507971e+04 3.9374879838e-01 6.7000000000e-01 
2.3500000000e-07 1.1917998550e+04 9.7262750484e-01 6.7000000000e-01 
6.5710125924e-11 1.4666974675e+04 1.0359336104e+00 6.7000000000e-01 
5.7841668545e-11 1.1353510440e+04 9.3706007732e-01 6.7000000000e-01 
2.0389668447e-07 1.1588663946e+04 5.7446094524e-01 6.7000000000e-01 
2.3499999999e-07 1.1988835379e+04 5.9501713226e-01 6.7000000000e-01 
3.4765484634e-08 1.5946884609e+04 7.8252251652e-01 6.7000000000e-01 
7.2122782249e-11 1.5790171344e+04 8.2542794296e-01 6.7000000000e-01 
2.3500000000e-07 1.3366900224e+04 9.1716077326e-01 6.7000000000e-01 
3.2058383095e-09 1.1567092574e+04 5.2151506346e-01 6.7000000000e-01 
2.6049290778e-08 1.2542281384e+04 8.6127202353e-01 6.7000000000e-01 
6.8177126190e-09 2.0000000000e+04 2.8753750526e-01 6.7000000000e-01 
1.2785124178e-09 1.4500501054e+04 3.9246189464e-01 6.7000000000e-01 
5.9423602313e-09 1.1627293899e+04 4.7158123740e-01 6.7000000000e-01 
9.0693646701e-09 1.3476655783e+04 5.5196658506e-01 6.7000000000e-01 
1.6329486649e-10 1.3584300918e+04 6.9938334589e-01 6.7000000000e-01 
5.8944499412e-08 1.5910955802e+04 1.1611458187e+00 6.7000000000e-01 
1.9072358517e-08 1.3205260306e+04 5.1485334962e-01 6.7000000000e-01 
6.7632268627e-10 1.1740595185e+04 8.6519389899e-01 6.7000000000e-01 
1.3887258485e-11 1.1873440791e+04 4.4771566010e-01 6.7000000000e-01 
