Radius [m]       Fe Area [frac]    Max Temp [k]    
8.9858475432e-06 4.6884247152e-01 2.3651361370e+03 
1.2320242412e-04 2.1186462331e-01 2.5376534871e+03 
1.6602539281e-05 4.1466750027e-01 2.6025163957e+03 
1.6755086212e-05 4.3231618618e-01 2.3684494680e+03 
6.0659616777e-05 2.5611800923e-01 2.3629000261e+03 
5.7085406524e-05 2.8790302203e-01 2.4102271987e+03 
1.0756036249e-05 5.2688477571e-01 1.7705448152e+03 
1.0779400492e-05 4.8568005927e-01 1.8109934036e+03 
9.0234090008e-05 2.4097961461e-01 2.5375495471e+03 
5.0114054825e-05 2.9767874289e-01 2.5579631938e+03 
5.0352552687e-05 3.0431574746e-01 2.4601613824e+03 
1.3006361627e-04 2.5024577143e-01 2.5158946392e+03 
4.9200661456e-06 5.0018693542e-01 2.3747549591e+03 
1.1201751597e-04 3.2833171440e-01 2.4446443517e+03 
1.3637816566e-04 2.0536601503e-01 2.5623910066e+03 
1.5839077334e-04 2.7172994573e-01 2.4625447862e+03 
9.8328844398e-06 4.9259847691e-01 2.4049409950e+03 
5.0260850576e-05 2.9904540010e-01 2.4060669701e+03 
2.1720310847e-05 4.7963547056e-01 1.8156780132e+03 
6.8220479316e-05 2.6675656418e-01 2.4149300190e+03 
9.0197423374e-05 2.5915859168e-01 2.4315419969e+03 
2.7271450696e-05 3.9251147867e-01 1.9395002201e+03 
4.7797609346e-05 2.9301784084e-01 2.5681016938e+03 
1.0427636466e-04 2.2162211939e-01 2.5745086387e+03 
1.3989227256e-05 4.9844748484e-01 2.2927138322e+03 
1.7726311809e-05 3.6908992755e-01 2.2508414442e+03 
1.3230036578e-04 2.2714295478e-01 2.5422147899e+03 
3.4373497466e-05 1.0000000000e+00 1.4144845116e+03 
3.1885002610e-05 3.4063829403e-01 2.4593119605e+03 
2.9774935150e-05 3.0121027820e-01 2.0923615989e+03 
2.5825336192e-05 2.9474728578e-01 2.1438513285e+03 
2.1182019147e-05 4.6488554662e-01 2.2902619684e+03 
6.7467628645e-05 2.5599217199e-01 2.5815752001e+03 
1.9655250194e-05 4.5377378705e-01 1.8466111252e+03 
4.4153135785e-05 4.3901505085e-01 1.8788502683e+03 
6.5933384032e-05 3.5053122592e-01 2.3944566025e+03 
1.0697562278e-05 4.5337474967e-01 2.3322745920e+03 
4.1132139964e-05 3.6293761212e-01 1.9767853648e+03 
1.2787808550e-04 1.9768411124e-01 2.5795476468e+03 
5.7054065980e-05 4.8057931169e-01 1.8200641639e+03 
2.7626191272e-05 3.4145224479e-01 2.5301369675e+03 
7.2803520802e-06 1.0000000000e+00 1.3778894827e+03 
9.3026474969e-06 4.2788326643e-01 2.5866774340e+03 
7.7176375586e-05 2.8110866870e-01 2.5342552844e+03 
1.4325767184e-05 4.8601488975e-01 1.8089094797e+03 
8.8544103122e-05 3.0497003659e-01 2.4574237335e+03 
2.6234981864e-05 3.0966603642e-01 2.0953261899e+03 
8.3799294131e-05 3.4358085526e-01 2.3923023873e+03 
2.0526482409e-05 4.0043843378e-01 2.3744117791e+03 
3.5031481772e-05 3.0270627021e-01 2.2896731875e+03 
1.6822387002e-05 4.1963075760e-01 2.3271013892e+03 
1.3172481095e-04 2.8853902267e-01 2.4708436136e+03 
2.3574461079e-04 2.5514446962e-01 2.1680655406e+03 
9.5521851515e-06 4.6276109401e-01 1.8424992228e+03 
1.0755676411e-05 4.5908678744e-01 2.3228738392e+03 
2.2561717681e-05 1.0000000000e+00 1.6290851064e+03 
1.8159635477e-05 5.0289372004e-01 1.7903789804e+03 
1.8968949799e-05 4.8887325304e-01 1.8060567547e+03 
6.1118397019e-05 2.8560305718e-01 2.4097974363e+03 
9.1415771521e-06 4.3732317853e-01 2.6281646370e+03 
2.1924062299e-05 3.7565405742e-01 2.4477061204e+03 
6.2233487973e-05 4.5403398056e-01 1.8510386194e+03 
1.3751064242e-04 2.2255566715e-01 2.5422559265e+03 
5.9951743757e-06 1.0000000000e+00 1.0083811617e+03 
9.9472397026e-05 3.6075064008e-01 1.9876202068e+03 
1.8168964842e-04 2.4532426250e-01 2.4096339621e+03 
9.1722399619e-05 2.7427067304e-01 2.4894148713e+03 
3.3842515310e-05 3.6952202719e-01 2.4167316276e+03 
1.7591409026e-04 2.4103535417e-01 2.4811771604e+03 
2.5969975113e-05 4.5404874678e-01 2.3049821895e+03 
4.1763255252e-05 3.1774082520e-01 2.3936754241e+03 
7.1989363705e-06 5.0124821410e-01 2.2928908391e+03 
2.9697903113e-05 3.2016875215e-01 2.2263722874e+03 
4.9168007923e-05 3.4715016211e-01 2.0104861066e+03 
2.8889539569e-05 4.0637949486e-01 2.4390939069e+03 
1.1648393300e-04 3.3867038248e-01 2.4311954523e+03 
6.8391878450e-05 2.6823558025e-01 2.5636593123e+03 
1.9937649844e-05 1.0000000000e+00 1.5241077177e+03 
2.8868017702e-05 2.8647385987e-01 2.1389334608e+03 
5.0904821189e-06 1.0000000000e+00 1.2019814636e+03 
2.1041838225e-05 3.9850782695e-01 2.4680924658e+03 
1.2135761797e-04 2.5852738828e-01 2.4962981322e+03 
2.4289578550e-05 4.7082904392e-01 2.3258588175e+03 
9.8162713034e-06 1.0000000000e+00 1.5728329918e+03 
7.2891899041e-06 4.8647896582e-01 2.3816754716e+03 
7.5940403879e-05 2.9823363513e-01 2.3392046140e+03 
5.5460725722e-06 4.7018912912e-01 2.4656066701e+03 
7.4421602489e-06 4.9167906030e-01 2.2849211287e+03 
7.8434486535e-05 2.7243286150e-01 2.5432085423e+03 
7.9140371147e-06 1.0000000000e+00 1.0024365233e+03 
9.7747326416e-05 2.7492920739e-01 2.4487761947e+03 
5.4992590368e-05 3.7307656331e-01 2.3603757821e+03 
5.0694594166e-05 3.0363480051e-01 2.1872769993e+03 
1.6984374363e-04 2.4872318350e-01 2.4793818968e+03 
7.0936055100e-06 4.9485392378e-01 2.3966165557e+03 
6.5351911184e-06 4.0294749505e-01 2.6924702972e+03 
1.3568319607e-05 4.3218203463e-01 2.3101536149e+03 
9.1434214183e-05 2.5806712183e-01 2.2353729092e+03 
1.0676860479e-04 2.4312429053e-01 2.5469906500e+03 
4.6118557272e-05 4.4566012910e-01 1.8651734986e+03 
2.4227737368e-05 4.1666475480e-01 2.3365366296e+03 
9.9367256177e-06 1.0000000000e+00 9.8556068881e+02 
9.4648403541e-05 2.4457140719e-01 2.5587388926e+03 
1.2053821037e-05 4.5275964906e-01 2.3808942321e+03 
8.1091030368e-06 4.2536022789e-01 2.6465803384e+03 
1.4865139161e-05 4.6859922993e-01 2.3448343640e+03 
1.8772254351e-05 3.9553057662e-01 1.9412320058e+03 
5.2022017801e-05 3.0491018207e-01 2.5453068262e+03 
3.5344839599e-05 2.9879121161e-01 2.1303273119e+03 
6.3066593481e-05 2.7760161065e-01 2.5597623364e+03 
4.9627636133e-06 4.8218820611e-01 2.4353933270e+03 
6.8017918232e-05 2.7231721943e-01 2.4187882410e+03 
1.5017000808e-05 3.6431798518e-01 2.6548066628e+03 
6.7813940245e-05 2.6124328696e-01 2.4414350065e+03 
2.3991481123e-05 4.4293145568e-01 2.4105940796e+03 
6.4411682497e-05 2.7582121727e-01 2.4870536317e+03 
3.0240921159e-05 3.3495900566e-01 2.5111907271e+03 
2.1076358775e-05 1.0000000000e+00 1.6193648099e+03 
5.5749029086e-06 5.0288040432e-01 2.2951751980e+03 
3.0966305412e-05 4.8027001822e-01 1.8160559201e+03 
2.5745119261e-05 5.9442376405e-01 1.7169258841e+03 
8.4302299495e-06 5.0606177011e-01 2.3097908868e+03 
4.6682720756e-05 3.2852366220e-01 2.0519849721e+03 
3.9164522332e-05 3.6202748086e-01 2.0209199869e+03 
2.2164428433e-04 2.8281854549e-01 2.1334113880e+03 
8.5705617380e-06 4.9453616853e-01 2.3061150310e+03 
2.6428625010e-05 3.5277979078e-01 1.9960111310e+03 
1.1269186882e-05 4.5481647083e-01 2.5805557743e+03 
7.6582310814e-05 2.2621326450e-01 2.3338312888e+03 
2.0922814361e-05 4.5842261431e-01 2.2343561871e+03 
6.8181957337e-05 3.4693458166e-01 2.4656329161e+03 
1.4384266470e-05 3.6179831768e-01 2.6698936420e+03 
1.9486224772e-05 4.2114111066e-01 2.3671512484e+03 
1.3063410601e-04 2.5770721679e-01 2.5068359222e+03 
6.5406155928e-05 2.6561010722e-01 2.5717933326e+03 
2.3026136075e-04 2.3939993517e-01 2.2682239349e+03 
3.6998951787e-05 3.8643440987e-01 2.4158134176e+03 
1.9974363446e-04 2.1347836382e-01 2.3400936039e+03 
1.0574998595e-04 2.1765389339e-01 2.5671254654e+03 
1.4295611914e-04 1.9728977288e-01 2.5655947915e+03 
3.0206446253e-05 3.3555263772e-01 2.1358639142e+03 
3.1560788567e-05 3.9717760436e-01 2.3514630468e+03 
2.1957708484e-05 4.3018954647e-01 2.3376188130e+03 
1.9662224296e-05 7.5167799014e-01 1.6601284069e+03 
1.3947861273e-04 1.8718916502e-01 2.5803093568e+03 
3.6855055682e-05 4.9796772013e-01 1.7985238903e+03 
1.4937963286e-05 4.4350776253e-01 1.8658256024e+03 
8.5684006588e-06 1.0000000000e+00 1.6188932788e+03 
6.1564928029e-05 2.8365876993e-01 2.5539500355e+03 
8.3144861697e-05 2.5894977047e-01 2.5054092441e+03 
1.6568183619e-05 4.2694497505e-01 2.4110274107e+03 
8.8874305452e-05 3.0264854661e-01 2.1454208531e+03 
6.8939308540e-05 1.0000000000e+00 3.0000000000e+02 
3.7482204624e-05 3.6391939760e-01 1.9710004069e+03 
2.7953644101e-05 3.4996801221e-01 2.0009715974e+03 
1.0698107478e-05 4.5061401822e-01 2.5948525455e+03 
9.5154318704e-06 1.0000000000e+00 1.6280293149e+03 
7.3929001128e-05 3.2757481570e-01 2.4717503500e+03 
3.1949690794e-05 3.5288001492e-01 2.4073083555e+03 
1.2585918050e-05 1.0000000000e+00 1.6029854993e+03 
7.0689170454e-06 4.8915191531e-01 2.3009133940e+03 
2.9888856718e-05 3.5890942421e-01 2.3686639050e+03 
5.7801462876e-05 2.5122982027e-01 2.3641847873e+03 
3.8107444629e-05 3.0089782676e-01 2.5810917303e+03 
2.7590903685e-05 3.0453700827e-01 2.1191847700e+03 
6.6106605889e-05 2.8468522471e-01 2.4647020192e+03 
5.3242855875e-05 1.0000000000e+00 1.5147133101e+03 
9.6639065849e-05 2.1607272822e-01 2.3085305494e+03 
4.8506174282e-05 3.6445507258e-01 2.0258265918e+03 
4.3009446757e-06 1.0000000000e+00 1.4401272437e+03 
3.6296920542e-05 2.8549136309e-01 2.1053102564e+03 
8.6641770766e-06 9.1004481095e-01 1.6508690822e+03 
9.2579406267e-05 3.3093129765e-01 2.3234501780e+03 
1.3633573464e-05 4.2301254161e-01 1.9040587766e+03 
4.5187650239e-05 3.1165093061e-01 2.0893079255e+03 
2.7268496502e-05 3.3212106089e-01 2.0285613362e+03 
3.0385638030e-05 4.2046105863e-01 2.4343043674e+03 
2.9719490882e-05 4.6873725751e-01 1.8348414034e+03 
2.9859451995e-05 4.3334904724e-01 2.3041721860e+03 
4.9192900254e-05 2.2886880307e-01 2.2282394739e+03 
7.7427793910e-05 2.5675874888e-01 2.5171184343e+03 
1.4985464938e-04 2.4111588140e-01 2.5082808851e+03 
1.4502645153e-05 4.8280719921e-01 1.8166902435e+03 
1.2533007882e-05 1.0000000000e+00 1.5576612701e+03 
1.3223670839e-04 2.1038692300e-01 2.5541990655e+03 
1.2360916138e-04 2.1953643949e-01 2.5579265047e+03 
3.1371270508e-05 3.7069353031e-01 2.4599993466e+03 
1.5415918829e-05 3.5323669512e-01 2.0718573433e+03 
9.8799705935e-05 2.7511845141e-01 2.5154616795e+03 
5.4846834799e-05 2.2734608397e-01 2.2920118945e+03 
8.1895434058e-05 2.8987170374e-01 2.4368593408e+03 
5.0970324598e-06 4.7818203495e-01 2.4467924742e+03 
2.7553440413e-05 3.7313920969e-01 2.3700729407e+03 
6.3968210647e-05 2.4631432945e-01 2.3805303437e+03 
4.7959350909e-05 3.1913347062e-01 2.4318049601e+03 
2.0432505860e-05 3.4919295136e-01 2.0419126332e+03 
5.1879085685e-05 3.9354988901e-01 2.4077755566e+03 
5.6798401699e-05 2.9643375318e-01 2.4622573288e+03 
3.2776843309e-05 3.6975926611e-01 1.9696877621e+03 
7.7848056073e-06 1.0000000000e+00 1.5924990828e+03 
