Mass [kg]        Velocity [m s-1]    Theta [rad]    CO2 [ frac]    
1.7152185901e-10 1.3945809354e+04 1.0779522800e+00 6.2000000000e-01 
2.3499999999e-07 1.5082773203e+04 9.6089898862e-01 6.2000000000e-01 
2.3920806389e-09 1.2549490552e+04 4.0430623202e-01 6.2000000000e-01 
2.0859855976e-10 1.1477632897e+04 8.2163134957e-01 6.2000000000e-01 
9.4645740142e-08 1.1608422355e+04 2.1000648868e-01 6.2000000000e-01 
1.5426253617e-08 1.1254982441e+04 8.3282602425e-01 6.2000000000e-01 
1.7896745863e-10 1.3767711594e+04 9.5015442163e-01 6.2000000000e-01 
3.5684712675e-10 1.4168497520e+04 6.0202308742e-01 6.2000000000e-01 
1.0984321020e-10 1.4537079959e+04 1.3436957107e+00 6.2000000000e-01 
2.3984687322e-11 1.2602070138e+04 1.2010641085e+00 6.2000000000e-01 
4.2320386299e-10 1.9436284331e+04 6.8987784535e-01 6.2000000000e-01 
2.5424283816e-09 1.1441983563e+04 5.8539734962e-01 6.2000000000e-01 
2.3500000000e-07 2.0000000000e+04 1.2826775143e+00 6.2000000000e-01 
1.1525808525e-07 1.1777895936e+04 8.1415753395e-01 6.2000000000e-01 
6.2796766380e-10 1.2623565078e+04 7.6256267960e-01 6.2000000000e-01 
2.3500000000e-07 1.1710714194e+04 3.8852399588e-01 6.2000000000e-01 
3.5760948896e-09 1.8079911430e+04 7.7121083177e-01 6.2000000000e-01 
9.9145597670e-10 1.2281658514e+04 6.7770834323e-01 6.2000000000e-01 
2.3499999999e-07 1.1610677859e+04 1.2031764091e+00 6.2000000000e-01 
8.4599923055e-13 1.2421563355e+04 9.8311324259e-01 6.2000000000e-01 
1.7202273849e-11 1.4252724201e+04 1.3737699477e+00 6.2000000000e-01 
8.2750718829e-09 2.0000000000e+04 6.1369880256e-01 6.2000000000e-01 
2.6877407952e-10 1.4964961107e+04 6.4412125079e-01 6.2000000000e-01 
6.1426855493e-10 1.2025370595e+04 2.4777024445e-01 6.2000000000e-01 
7.2907071301e-09 1.4010694665e+04 9.9008569743e-01 6.2000000000e-01 
7.3717442595e-10 1.4790123506e+04 8.3257494958e-01 6.2000000000e-01 
6.1065244211e-09 1.2594439512e+04 1.0100618762e+00 6.2000000000e-01 
2.3500000000e-07 1.3108986237e+04 9.9242525625e-01 6.2000000000e-01 
2.3499999999e-07 1.4518906866e+04 1.0277754882e+00 6.2000000000e-01 
8.4985648464e-10 1.1307591395e+04 1.2532251732e+00 6.2000000000e-01 
2.3500000000e-07 1.1929635570e+04 7.0335416092e-01 6.2000000000e-01 
1.1792272231e-09 1.2818570391e+04 1.1448642891e+00 6.2000000000e-01 
4.8333946469e-10 1.3004298465e+04 5.6724676007e-01 6.2000000000e-01 
7.2075363071e-09 1.3235403117e+04 2.7280843544e-01 6.2000000000e-01 
1.7652943593e-10 1.2673051596e+04 1.0879137086e+00 6.2000000000e-01 
1.0807472892e-09 2.0000000000e+04 5.7161552860e-01 6.2000000000e-01 
2.3500000000e-07 1.4857291001e+04 9.2785461502e-01 6.2000000000e-01 
1.3839073664e-11 1.2244214861e+04 1.0092859535e+00 6.2000000000e-01 
1.9786004662e-10 1.5615862599e+04 4.0058991220e-01 6.2000000000e-01 
1.1207320693e-07 1.2225754286e+04 5.9250718210e-01 6.2000000000e-01 
6.7279568192e-10 1.1418622362e+04 7.4068082687e-01 6.2000000000e-01 
1.1656837684e-08 1.5220222192e+04 2.8279411273e-01 6.2000000000e-01 
2.3907763281e-09 1.3073143928e+04 2.4378311222e-01 6.2000000000e-01 
1.2781036375e-08 1.2936097218e+04 6.6925479622e-01 6.2000000000e-01 
2.3612958234e-12 1.4506062054e+04 8.7913391153e-01 6.2000000000e-01 
1.1858835879e-07 1.2159828353e+04 9.0887333198e-01 6.2000000000e-01 
6.1437578598e-10 1.3373199962e+04 4.4293779846e-01 6.2000000000e-01 
2.3500000000e-07 1.5098591519e+04 1.0296055383e+00 6.2000000000e-01 
3.7762351737e-12 1.5890543630e+04 1.0213638493e+00 6.2000000000e-01 
3.3275732957e-08 1.2698231854e+04 6.8527897173e-01 6.2000000000e-01 
2.5823913646e-09 1.1780782425e+04 5.5553462975e-01 6.2000000000e-01 
4.6491995663e-08 1.8080925804e+04 4.2132919444e-01 6.2000000000e-01 
1.5333771379e-08 1.1327025305e+04 7.4582418230e-01 6.2000000000e-01 
2.3500000000e-07 1.1879850073e+04 8.4135064024e-01 6.2000000000e-01 
1.5431149707e-09 1.1680388601e+04 3.5980784425e-01 6.2000000000e-01 
3.1136900993e-11 2.0000000000e+04 7.5970870536e-01 6.2000000000e-01 
1.3234982336e-11 1.2282559164e+04 8.7509905633e-01 6.2000000000e-01 
4.4450776350e-09 1.1690029189e+04 3.1954900360e-01 6.2000000000e-01 
6.5634360287e-09 1.1593955378e+04 1.1013461408e+00 6.2000000000e-01 
1.8701608060e-09 1.5846567557e+04 2.4346484468e-01 6.2000000000e-01 
2.3261885836e-10 1.2707673460e+04 1.0497530620e+00 6.2000000000e-01 
9.0288159747e-09 2.0000000000e+04 4.7902722016e-01 6.2000000000e-01 
2.2622098005e-10 1.3082685628e+04 1.1525387572e+00 6.2000000000e-01 
9.3658522153e-10 1.5962678272e+04 8.2888332179e-01 6.2000000000e-01 
1.3903330798e-08 1.2591240830e+04 1.3780809762e-01 6.2000000000e-01 
1.0214108358e-08 1.2301466878e+04 1.2753725111e+00 6.2000000000e-01 
1.0681737894e-07 1.5901762767e+04 1.2094000482e+00 6.2000000000e-01 
2.6903148373e-10 1.5192465086e+04 7.9912631476e-01 6.2000000000e-01 
2.9486280567e-08 1.7963488232e+04 1.0113447356e+00 6.2000000000e-01 
1.8435222319e-09 1.6125366681e+04 4.2103584268e-01 6.2000000000e-01 
5.8245020549e-10 1.2736430122e+04 6.1471643821e-01 6.2000000000e-01 
2.3500000000e-07 1.4290157403e+04 7.5548636194e-01 6.2000000000e-01 
2.3500000000e-07 1.2862016266e+04 1.2527089603e+00 6.2000000000e-01 
2.3500000000e-07 1.4610315097e+04 4.6102842908e-01 6.2000000000e-01 
7.8494617677e-08 1.9131922105e+04 1.1349825175e+00 6.2000000000e-01 
1.4431276304e-09 1.7033943438e+04 9.9775233354e-01 6.2000000000e-01 
8.2705866889e-09 1.1219027779e+04 1.2042555628e+00 6.2000000000e-01 
1.7252156152e-08 1.3550470460e+04 1.1473313433e+00 6.2000000000e-01 
1.3138826946e-09 1.1469645165e+04 9.1638563576e-01 6.2000000000e-01 
2.6766895111e-09 1.5226671169e+04 1.4562804274e-01 6.2000000000e-01 
2.3558568932e-10 1.1438579984e+04 7.5196748364e-01 6.2000000000e-01 
1.0481716828e-08 1.3561812100e+04 1.2480155015e+00 6.2000000000e-01 
3.0060289757e-11 1.1534190245e+04 5.9833985982e-01 6.2000000000e-01 
4.4959631999e-08 1.6624731719e+04 9.6448132766e-01 6.2000000000e-01 
1.9353887884e-09 1.1512460494e+04 5.7222633441e-01 6.2000000000e-01 
2.9986494791e-10 1.1926404991e+04 5.6321903547e-01 6.2000000000e-01 
1.8027660047e-07 1.5302528198e+04 4.5011078837e-01 6.2000000000e-01 
1.6315364849e-09 1.7017528159e+04 9.4400093913e-01 6.2000000000e-01 
9.7445907658e-08 1.9586981694e+04 8.8773168031e-01 6.2000000000e-01 
1.7384608658e-10 1.4028667396e+04 1.3814518301e+00 6.2000000000e-01 
2.3499999999e-07 1.5060202181e+04 5.8589782142e-01 6.2000000000e-01 
2.3499999999e-07 1.4464458953e+04 3.2473455367e-01 6.2000000000e-01 
2.5879539356e-09 1.5009795488e+04 8.5342649518e-01 6.2000000000e-01 
2.3945000944e-11 1.1324382380e+04 8.6278830999e-01 6.2000000000e-01 
3.0123628329e-08 1.2950033026e+04 1.1957871020e+00 6.2000000000e-01 
7.9142512666e-10 1.4057515698e+04 2.1578944382e-01 6.2000000000e-01 
1.4479100237e-07 1.2695172537e+04 5.1976578198e-01 6.2000000000e-01 
1.1546751129e-08 1.4521639162e+04 2.4333198458e-01 6.2000000000e-01 
2.3500000000e-07 1.2015680182e+04 7.8483341137e-01 6.2000000000e-01 
2.3500000000e-07 2.0000000000e+04 7.4492578307e-01 6.2000000000e-01 
1.1556454308e-08 1.2178108751e+04 1.2985301604e-01 6.2000000000e-01 
3.0366129296e-11 2.0000000000e+04 7.8129246272e-01 6.2000000000e-01 
4.1916384443e-12 1.7210738336e+04 3.9166017489e-01 6.2000000000e-01 
9.5612360294e-12 1.2481629228e+04 2.1778813685e-01 6.2000000000e-01 
1.0845568731e-07 1.5016559608e+04 4.9861375057e-01 6.2000000000e-01 
1.6733872627e-08 1.1738384361e+04 2.8050575491e-01 6.2000000000e-01 
2.3500000000e-07 2.0000000000e+04 1.1123221342e+00 6.2000000000e-01 
7.2152521700e-11 1.1239604539e+04 6.4869885564e-01 6.2000000000e-01 
5.5325709076e-09 2.0000000000e+04 2.3203364346e-01 6.2000000000e-01 
2.8772809440e-08 1.5647674521e+04 1.4214915466e+00 6.2000000000e-01 
1.3932308261e-08 2.0000000000e+04 9.1508701985e-01 6.2000000000e-01 
1.0972014767e-10 1.5547243089e+04 9.2807535601e-01 6.2000000000e-01 
2.3500000000e-07 1.3358767650e+04 7.9409354160e-01 6.2000000000e-01 
2.1134550070e-10 1.8244329753e+04 3.5354189512e-01 6.2000000000e-01 
2.3500000000e-07 1.2148699969e+04 9.7824096177e-01 6.2000000000e-01 
8.7326573983e-08 1.8064098625e+04 1.1337776931e+00 6.2000000000e-01 
6.7192341847e-11 1.1407567805e+04 3.3157696154e-01 6.2000000000e-01 
2.3499999999e-07 1.1695860280e+04 8.0767261462e-01 6.2000000000e-01 
1.7169129286e-09 1.2511954508e+04 6.0466839019e-01 6.2000000000e-01 
1.0484627519e-08 1.2494935753e+04 4.1895957147e-01 6.2000000000e-01 
2.3500000000e-07 1.6181563837e+04 8.2654824100e-01 6.2000000000e-01 
1.2024303409e-08 1.4626010275e+04 6.6300297973e-01 6.2000000000e-01 
1.2470049628e-07 1.4191694496e+04 8.5697373359e-01 6.2000000000e-01 
6.1255308015e-09 1.1466590809e+04 1.5492479266e-01 6.2000000000e-01 
1.1995578732e-09 1.1496100952e+04 1.3199570221e+00 6.2000000000e-01 
8.7925148848e-09 1.7830709260e+04 7.0973746777e-01 6.2000000000e-01 
7.2066965647e-11 1.4161621708e+04 4.3575343431e-01 6.2000000000e-01 
8.6633321200e-09 1.2363684567e+04 8.0622145027e-01 6.2000000000e-01 
1.2744223697e-10 1.1462523139e+04 8.3031955209e-01 6.2000000000e-01 
2.3500000000e-07 1.1213019247e+04 9.5025744287e-01 6.2000000000e-01 
1.1506037768e-07 1.5278696772e+04 1.1541244094e+00 6.2000000000e-01 
3.8010730473e-09 1.1306307303e+04 9.4816196736e-01 6.2000000000e-01 
6.0157693476e-08 1.4801111113e+04 5.0981631436e-01 6.2000000000e-01 
9.5372550560e-08 1.3079563163e+04 4.1840646540e-01 6.2000000000e-01 
7.3489252243e-10 1.4553154691e+04 5.1883504302e-01 6.2000000000e-01 
8.5019348921e-10 1.1846498496e+04 4.1067971692e-01 6.2000000000e-01 
1.2885987724e-08 1.1777430911e+04 4.9046314489e-01 6.2000000000e-01 
2.8303754892e-08 1.3372776622e+04 1.2990298916e+00 6.2000000000e-01 
4.9003220436e-09 1.1865501043e+04 8.9393974424e-01 6.2000000000e-01 
1.6535941267e-10 1.1899397177e+04 5.8005810808e-01 6.2000000000e-01 
2.3500000000e-07 1.1762785750e+04 3.3789634876e-01 6.2000000000e-01 
2.1177623273e-07 1.4085991496e+04 3.1096174392e-01 6.2000000000e-01 
8.7922900083e-12 1.2075125839e+04 1.4948007114e+00 6.2000000000e-01 
1.0930392924e-08 1.1488657095e+04 1.1455120897e+00 6.2000000000e-01 
1.3042649188e-07 1.1874870089e+04 9.5718899810e-01 6.2000000000e-01 
1.8854731443e-09 1.6132507530e+04 1.0775006900e+00 6.2000000000e-01 
3.3659767472e-08 2.0000000000e+04 5.5434135434e-01 6.2000000000e-01 
3.1756111694e-12 1.1296689434e+04 2.2152270228e-01 6.2000000000e-01 
7.7552110311e-09 1.5494872038e+04 2.6336832898e-01 6.2000000000e-01 
3.4296226010e-08 1.1651869640e+04 1.2299087223e+00 6.2000000000e-01 
1.3816155431e-07 1.2305882679e+04 7.4629605386e-01 6.2000000000e-01 
1.1826938425e-10 1.1763920794e+04 5.5928638050e-01 6.2000000000e-01 
2.3500000000e-07 1.3701151604e+04 6.1022088528e-01 6.2000000000e-01 
2.7835300391e-11 1.1579700246e+04 5.1539205183e-01 6.2000000000e-01 
9.7673193130e-11 1.2310530793e+04 1.3699075443e+00 6.2000000000e-01 
7.1397089855e-10 1.2470552104e+04 6.9726822836e-01 6.2000000000e-01 
1.8447256848e-07 1.2931443174e+04 6.7192569583e-01 6.2000000000e-01 
6.2306617014e-10 2.0000000000e+04 8.6262962653e-01 6.2000000000e-01 
2.3499999999e-07 1.7949690645e+04 5.5026961983e-01 6.2000000000e-01 
1.7104160894e-08 1.4772744448e+04 8.9995374442e-01 6.2000000000e-01 
3.4883125842e-09 1.4380198964e+04 6.5502098235e-01 6.2000000000e-01 
1.5597217230e-10 1.6253940342e+04 9.1280458534e-01 6.2000000000e-01 
1.2423644713e-08 1.3026984071e+04 7.2383187943e-01 6.2000000000e-01 
2.3499999999e-07 1.2061230747e+04 9.9137272683e-02 6.2000000000e-01 
1.0224684088e-09 1.6657659073e+04 8.5746565883e-01 6.2000000000e-01 
1.0045523857e-08 1.2321057044e+04 9.5667991367e-01 6.2000000000e-01 
4.5757547906e-09 1.3982167802e+04 3.4962510646e-01 6.2000000000e-01 
1.1569105551e-08 1.1845961125e+04 1.0737043942e+00 6.2000000000e-01 
2.3392637691e-08 1.1377939376e+04 6.1962450776e-01 6.2000000000e-01 
7.0663661978e-10 1.1347229855e+04 3.7215914278e-01 6.2000000000e-01 
1.6138115150e-08 1.7414549421e+04 8.7047903632e-01 6.2000000000e-01 
2.3500000000e-07 1.4163977328e+04 6.9034378644e-01 6.2000000000e-01 
3.0644113500e-09 1.2852720814e+04 8.6162031193e-01 6.2000000000e-01 
1.0208431666e-10 1.5678603381e+04 1.0017447092e+00 6.2000000000e-01 
1.7776724702e-09 1.1849944667e+04 1.0885615680e+00 6.2000000000e-01 
7.3636849606e-10 1.2424288260e+04 1.0421193830e+00 6.2000000000e-01 
2.3959338939e-10 1.3519765352e+04 6.1935808725e-01 6.2000000000e-01 
2.8726940340e-10 1.7173843572e+04 7.8824612021e-01 6.2000000000e-01 
8.9098181505e-12 1.5307348233e+04 4.2836111141e-01 6.2000000000e-01 
1.4020904619e-09 1.2337203687e+04 1.2979456733e+00 6.2000000000e-01 
2.3499999999e-07 1.2033917965e+04 7.5648894957e-01 6.2000000000e-01 
8.3259550808e-08 1.8793829503e+04 5.7776309796e-01 6.2000000000e-01 
2.0413998410e-08 1.1239544273e+04 1.0189585258e+00 6.2000000000e-01 
1.0498963455e-07 1.2112928745e+04 9.1611525168e-01 6.2000000000e-01 
2.5806383012e-11 1.1861950746e+04 9.7187577741e-01 6.2000000000e-01 
5.3943977869e-10 1.4660692395e+04 4.8115951019e-01 6.2000000000e-01 
3.2849142160e-11 1.2439300441e+04 1.4783459502e-01 6.2000000000e-01 
8.5616830416e-08 1.4141813934e+04 1.2347913813e+00 6.2000000000e-01 
1.2794190924e-08 1.3808174972e+04 2.5962787374e-01 6.2000000000e-01 
2.6574432592e-12 1.2294880244e+04 6.6360602295e-01 6.2000000000e-01 
9.0458535302e-08 2.0000000000e+04 7.7357934592e-01 6.2000000000e-01 
1.4825967465e-10 1.1868799188e+04 1.0483452657e+00 6.2000000000e-01 
2.3833193359e-10 1.1661890245e+04 1.1126033479e+00 6.2000000000e-01 
2.3500000000e-07 1.4119278127e+04 5.0294695776e-01 6.2000000000e-01 
1.5524667254e-09 1.2161739779e+04 3.7955168429e-01 6.2000000000e-01 
2.9728164496e-09 1.2252097812e+04 9.3134481529e-01 6.2000000000e-01 
1.1682871654e-08 1.4855103018e+04 1.4845601168e+00 6.2000000000e-01 
7.5952331293e-13 1.5709109276e+04 6.5217582837e-01 6.2000000000e-01 
1.9281417879e-08 1.4530675513e+04 3.6525000982e-01 6.2000000000e-01 
2.3500000000e-07 1.5690294341e+04 1.3309941154e+00 6.2000000000e-01 
