Radius [m]       Fe Area [frac]    Max Temp [k]    
9.8376596588e-05 7.1708225317e-01 2.4008495141e+03 
1.3695325028e-05 7.6637468862e-01 2.1788605272e+03 
2.4854024786e-05 1.0000000000e+00 1.2868095511e+03 
2.1302846414e-05 6.8302777600e-01 1.8952932151e+03 
3.2345998952e-05 6.7111875790e-01 2.0051132031e+03 
3.6172402572e-05 8.7115682688e-01 1.6604450007e+03 
1.1292220020e-04 7.1523919340e-01 2.3716428647e+03 
3.5026693752e-05 7.3141969555e-01 2.4966136107e+03 
5.5062740702e-05 7.2328457708e-01 2.4079395850e+03 
1.2477079172e-04 7.1035965382e-01 2.3085101548e+03 
3.5355717465e-05 7.1101007515e-01 2.2424912559e+03 
9.9027585651e-05 7.1641427779e-01 2.4110151463e+03 
1.4394439924e-04 7.0990006285e-01 2.3110724566e+03 
8.0034560346e-06 1.0000000000e+00 1.4221129400e+03 
8.9070754482e-06 8.4920102150e-01 1.6682688588e+03 
9.9405206665e-06 7.5154536393e-01 2.3453289969e+03 
1.3084399561e-05 7.8210785095e-01 1.7120951033e+03 
7.0558256598e-06 7.5844668988e-01 2.2427068769e+03 
5.5083712352e-05 7.0791045395e-01 2.2594681741e+03 
1.4371575252e-05 8.0785712371e-01 1.6903799035e+03 
4.2570547833e-06 7.6784563097e-01 2.2060460573e+03 
3.8368290231e-06 7.6147838847e-01 2.4606979710e+03 
1.4452246140e-05 7.4261884116e-01 2.4849871332e+03 
3.7545381570e-05 7.1738807987e-01 2.2970716314e+03 
8.7139439664e-05 6.6671341595e-01 2.0726983269e+03 
2.4139476932e-05 7.6172755332e-01 2.1568730097e+03 
5.8881166568e-05 7.1881076514e-01 2.3666358122e+03 
3.8726987963e-05 7.5277191435e-01 2.2816977854e+03 
6.7935523880e-06 7.6323824241e-01 2.4359815840e+03 
4.5635274622e-06 7.5446826114e-01 2.4922871329e+03 
1.8396782352e-05 7.3280368798e-01 2.3086420461e+03 
2.8534047120e-05 7.3279339713e-01 2.1566024348e+03 
4.5876672143e-05 6.9887736669e-01 2.2449121091e+03 
5.5910565520e-05 6.8145220002e-01 2.1720497386e+03 
3.7547342856e-06 7.6997324573e-01 2.2708588752e+03 
9.3724781375e-06 7.5830559002e-01 2.1273590452e+03 
7.2048873977e-05 7.1644625233e-01 2.3130194793e+03 
2.8816669485e-05 7.2273597400e-01 2.2033221453e+03 
8.4517453591e-05 7.1611471876e-01 2.3711126550e+03 
6.4220669704e-05 7.2195924741e-01 2.4090468805e+03 
1.0734659897e-04 7.1211572586e-01 2.2640736950e+03 
4.2150657497e-06 1.0000000000e+00 1.3000499693e+03 
3.9974612757e-05 1.0000000000e+00 1.5697509750e+03 
7.2308536508e-05 7.1700852487e-01 2.3636362773e+03 
3.6990735116e-05 7.1022862452e-01 1.8165999473e+03 
7.4336572984e-05 7.0276020679e-01 2.2335419704e+03 
3.7174503968e-05 7.2731960508e-01 2.2673309509e+03 
4.9031987858e-05 7.2670939294e-01 2.1934987920e+03 
1.4017397265e-05 7.4667850366e-01 2.2800132164e+03 
2.3380073329e-06 1.0000000000e+00 1.4720268417e+03 
1.5362260268e-05 6.7144738866e-01 1.9897279828e+03 
8.7244595527e-06 7.5225950240e-01 2.2073217591e+03 
4.0198817365e-05 7.2346864394e-01 2.3638443661e+03 
2.9546469597e-05 6.5249997978e-01 2.1234133545e+03 
3.9846304883e-06 7.6964862122e-01 2.2346410959e+03 
1.0965614561e-04 7.1556362930e-01 2.3816536170e+03 
6.3041185750e-06 7.7000209871e-01 2.2639396665e+03 
2.2602787676e-05 6.9839546740e-01 1.8458616059e+03 
2.3660870865e-05 7.4532277227e-01 2.4656721997e+03 
9.8239037764e-06 7.4656530718e-01 2.5219381256e+03 
3.0389206484e-05 7.2876164621e-01 2.3640411643e+03 
4.0174614733e-05 7.2962374805e-01 2.4414093223e+03 
5.5049271126e-05 7.2681293989e-01 2.4066016783e+03 
6.7317931479e-05 7.1565763159e-01 2.3462734985e+03 
7.4818454337e-06 7.5544747302e-01 2.3548545836e+03 
1.1835296680e-05 7.3995501707e-01 2.2208016531e+03 
5.8099328582e-05 7.2792559964e-01 2.3764045049e+03 
7.9326139005e-05 7.2103186912e-01 2.4061610490e+03 
1.5921180423e-05 7.5933158113e-01 2.2972000190e+03 
2.3726510602e-06 1.0000000000e+00 1.2327248509e+03 
1.5379250066e-05 7.3764598905e-01 2.2806887335e+03 
3.3146636032e-05 7.1973625476e-01 2.2627571663e+03 
7.7592143042e-06 7.3877481198e-01 1.7692461352e+03 
5.1518843320e-05 6.9163440652e-01 2.1906525691e+03 
1.1742003840e-04 7.1454657340e-01 2.3535637498e+03 
1.1015200791e-04 7.1560218993e-01 2.3770023578e+03 
1.0081823022e-05 1.0000000000e+00 1.5505012018e+03 
3.4816337718e-05 7.3083054502e-01 2.5251266396e+03 
4.3868327286e-06 7.6922198116e-01 2.2198855883e+03 
5.1411714602e-05 7.3001752150e-01 2.3822236802e+03 
4.9739808693e-06 7.6719793285e-01 2.4023502723e+03 
6.0698486101e-05 7.2485722832e-01 2.4176440037e+03 
3.9368808848e-06 7.6496598597e-01 2.4303561420e+03 
3.9896730201e-05 7.0841465588e-01 2.2563640653e+03 
2.0060316482e-05 6.6663870077e-01 2.1114239833e+03 
1.7596422412e-05 7.7028020532e-01 2.3601596219e+03 
2.0134514494e-05 7.0294033665e-01 2.1294256526e+03 
1.1404926550e-04 7.1507350772e-01 2.3661861825e+03 
7.5410351069e-05 7.2142300264e-01 2.3870672102e+03 
2.7483894778e-05 7.2568640893e-01 2.2349447664e+03 
1.0545083719e-04 7.1684486505e-01 2.3584953090e+03 
3.2420289736e-05 1.0000000000e+00 1.2848813136e+03 
5.1427501514e-05 7.0845172517e-01 2.2321210930e+03 
1.6341006269e-05 7.2967917048e-01 2.2170041435e+03 
1.6012730507e-05 7.3360536747e-01 2.1822480380e+03 
6.4422701225e-06 7.4877774860e-01 2.5628374119e+03 
1.0287781193e-04 7.0354079833e-01 2.2513144370e+03 
1.0948360187e-04 7.1576632519e-01 2.3758208861e+03 
2.9981757385e-05 1.0000000000e+00 1.4531885421e+03 
5.5749618555e-05 6.7832135794e-01 2.2027361658e+03 
1.7658538926e-05 6.6406516420e-01 2.0014437334e+03 
1.6026146759e-05 7.7004264054e-01 2.3021898368e+03 
5.1817539146e-06 7.6794654214e-01 2.3861528168e+03 
2.7594062594e-06 1.0000000000e+00 1.2052402367e+03 
6.4113801604e-06 1.0000000000e+00 1.3681105025e+03 
1.2963467648e-05 7.2906898662e-01 1.7842261976e+03 
3.1399698667e-05 7.4102784351e-01 2.3862595191e+03 
4.6361200947e-05 7.0803757718e-01 2.2468608446e+03 
7.6644888521e-06 7.6151990853e-01 2.4241816734e+03 
6.5637243955e-06 1.0000000000e+00 8.7495446705e+02 
5.5611960291e-05 7.1189309349e-01 2.3041196381e+03 
6.1817955371e-05 7.0984539566e-01 2.3021883588e+03 
1.7942362486e-04 7.0817147466e-01 2.2466396529e+03 
6.8578474690e-06 1.0000000000e+00 1.6004913885e+03 
4.2810035112e-06 7.6980104115e-01 2.3000106126e+03 
2.4357553590e-05 7.6458140823e-01 2.2663997326e+03 
6.7137563676e-05 7.0240569629e-01 2.2656506306e+03 
2.8205239381e-05 7.2221986876e-01 2.2897549145e+03 
4.1317565165e-06 7.6886293203e-01 2.2160923944e+03 
5.7420902014e-06 1.0000000000e+00 1.3900900649e+03 
4.9823960587e-06 7.5174811197e-01 2.5278835850e+03 
5.3167545604e-05 6.8150590681e-01 2.1774257635e+03 
2.8230296044e-05 6.5121453549e-01 2.0704734554e+03 
5.2470942337e-06 6.8760684108e-01 1.9311252681e+03 
7.1615429930e-05 8.4885295943e-01 1.6676903218e+03 
8.9290596813e-06 7.6271612540e-01 1.7326553140e+03 
1.0350448567e-05 7.5198487057e-01 2.1871961960e+03 
1.5942171985e-05 7.3949854181e-01 2.2853964704e+03 
4.9276803268e-05 7.1387265642e-01 2.3083964579e+03 
1.1555588276e-05 7.5693667191e-01 2.3241386105e+03 
2.0573809268e-04 6.6640166137e-01 2.1489706710e+03 
2.9183683228e-05 7.1406661079e-01 2.2365081945e+03 
2.8755102219e-05 7.1872015719e-01 2.2480455607e+03 
4.5269876927e-05 7.2286177681e-01 2.3475473094e+03 
5.3016410218e-06 1.0000000000e+00 1.2907859130e+03 
1.1289378265e-05 7.2042003678e-01 1.7995916450e+03 
6.8695776996e-06 7.5349749767e-01 2.1307796122e+03 
1.8400789829e-05 1.0000000000e+00 1.0528520128e+03 
7.7290136667e-05 7.2210915766e-01 2.3836762509e+03 
2.1881828855e-05 6.8830373352e-01 1.8764830646e+03 
8.1638385665e-05 7.1996045454e-01 2.4197383691e+03 
9.2999094271e-06 1.0000000000e+00 1.4576034067e+03 
9.9759567165e-05 7.2169198560e-01 2.3136457099e+03 
6.0386322655e-05 7.1600710894e-01 2.3445658005e+03 
2.0719144853e-05 6.5552847465e-01 2.0624699352e+03 
1.3412376933e-05 1.0000000000e+00 1.6010802403e+03 
8.1885929927e-06 7.6401425478e-01 2.4408078595e+03 
9.1316765331e-05 7.1786044304e-01 2.4139854464e+03 
1.3588485674e-05 7.0012848361e-01 2.1162406995e+03 
6.8616266847e-05 7.1890921801e-01 2.3559976481e+03 
2.5616031041e-05 6.5223373451e-01 2.0804714413e+03 
5.7760296318e-06 7.3396153252e-01 1.7785849388e+03 
3.8781730071e-05 7.3555382482e-01 2.3306594916e+03 
1.0637938241e-04 7.1658325019e-01 2.3590752250e+03 
3.5803169585e-06 7.6498683534e-01 2.4365457200e+03 
4.5024451800e-05 6.7694590288e-01 2.1167570726e+03 
7.5346737342e-05 7.2107042780e-01 2.4262262278e+03 
7.7465826172e-05 7.1370052535e-01 2.2899012810e+03 
1.2703981891e-05 8.1402307330e-01 1.6856825321e+03 
4.3207771816e-05 6.6203932001e-01 1.9922525123e+03 
4.6221226734e-06 7.6590097208e-01 2.1735243682e+03 
6.2826827087e-05 7.0881052243e-01 2.2591591341e+03 
2.3255767033e-05 7.3083366602e-01 2.3495715218e+03 
9.9844158833e-05 7.1695337921e-01 2.3973996864e+03 
4.3945351558e-05 6.6484817379e-01 1.9771291300e+03 
1.3442429068e-05 7.3632718364e-01 2.2451320625e+03 
9.1291230748e-06 7.5210435209e-01 2.2426955727e+03 
2.1827314676e-05 7.6442862924e-01 2.2004952195e+03 
3.4717590752e-05 6.5186005138e-01 2.0190739501e+03 
4.6403247603e-06 7.6528263528e-01 2.3684209548e+03 
8.4915942202e-05 6.9260264780e-01 2.1734092885e+03 
2.9471478172e-05 7.3095768949e-01 2.3967942445e+03 
4.8714387441e-05 7.2780134547e-01 2.3634812631e+03 
1.0698119929e-05 7.4104830370e-01 2.2175987630e+03 
1.7301584761e-05 7.4165479182e-01 2.3292710966e+03 
5.3412256600e-05 7.2153598648e-01 2.3722414760e+03 
2.1801976031e-05 7.2156016823e-01 2.2258297163e+03 
1.9265040480e-05 7.3112633266e-01 2.2511430192e+03 
1.0163382708e-04 7.1650810448e-01 2.3962613104e+03 
5.3865904859e-05 7.2261366237e-01 2.3799496037e+03 
3.2256289105e-05 7.1039686230e-01 2.2434306715e+03 
2.9711228337e-05 7.2508451511e-01 2.2566620978e+03 
4.6513342391e-06 7.5071123175e-01 2.5767443045e+03 
7.4415984835e-05 7.2154288812e-01 2.4242067760e+03 
1.7630197342e-04 7.0993638780e-01 2.2417477097e+03 
6.7296590342e-06 7.5946548276e-01 2.3848380764e+03 
6.5055614314e-05 7.2908813381e-01 2.3147511574e+03 
3.7957327283e-05 7.3027965803e-01 2.4438452924e+03 
6.4662163070e-05 7.1723353044e-01 2.3629155186e+03 
9.7380091093e-06 6.9884340584e-01 2.0712278525e+03 
7.6770840008e-06 6.8396866873e-01 1.9160988071e+03 
3.9836260428e-05 7.2427190138e-01 2.3572028827e+03 
6.3339764528e-06 7.5542667484e-01 2.5111482405e+03 
1.1301038457e-05 7.5374481942e-01 2.1420953382e+03 
7.8314473250e-05 1.0000000000e+00 4.7307748213e+02 
8.7362149518e-05 7.1939560310e-01 2.4052424041e+03 
1.9373038270e-05 1.0000000000e+00 1.5146369805e+03 
4.8014022768e-05 7.0851695967e-01 2.2516453665e+03 
5.0587869040e-06 1.0000000000e+00 1.6048103314e+03 
4.2644933020e-05 7.2845468604e-01 2.4486554986e+03 
