Radius [m]       Fe Area [frac]    Max Temp [k]    
4.8862424863e-05 8.1292856060e-01 2.3687949435e+03 
3.5098777653e-05 7.2581934710e-01 2.2723164668e+03 
3.8188902897e-05 7.7706002887e-01 2.3049314712e+03 
4.8368279878e-06 5.3095108658e-01 1.3426550844e+03 
2.0134039850e-05 5.7130702473e-01 1.8496882889e+03 
1.4559425300e-05 7.1056693714e-01 2.2712109270e+03 
7.6982463265e-05 8.3681949110e-01 2.4320602599e+03 
3.8361549709e-05 7.9717219421e-01 2.3898187912e+03 
9.2994704502e-05 7.2830624141e-01 2.2266186010e+03 
1.2623152286e-05 6.5421208033e-01 2.2319570732e+03 
7.7664943200e-06 1.0000000000e+00 9.3242142734e+02 
5.0887192109e-05 8.2558243996e-01 2.4268511213e+03 
1.5593470134e-05 5.8632508337e-01 1.8468587197e+03 
1.2437282931e-05 5.8143235300e-01 2.0878244108e+03 
2.0391677738e-05 5.4003125334e-01 1.4840077090e+03 
4.0945797969e-05 7.9798949536e-01 2.3315382571e+03 
4.7844645814e-05 8.2693478942e-01 2.4497681347e+03 
3.4685742390e-05 7.6006538864e-01 2.3341862950e+03 
1.0552688591e-04 8.3121390247e-01 2.3865005050e+03 
4.1323835894e-06 6.6983511843e-01 2.3019653406e+03 
1.3707306603e-04 8.0403903673e-01 2.3167989288e+03 
3.7102946086e-05 7.6203778116e-01 2.2975192684e+03 
4.9450610354e-05 8.0276275240e-01 2.3174016370e+03 
2.2756075554e-05 5.2968228980e-01 1.5143829936e+03 
2.8695965450e-05 8.0638228073e-01 2.4191203889e+03 
2.6511818367e-05 6.8757519422e-01 2.1925664298e+03 
2.2586520610e-05 5.0387782113e-01 1.6757988071e+03 
8.4043309322e-05 8.3126763960e-01 2.3758514653e+03 
3.8231855379e-05 7.5754383943e-01 2.2887409829e+03 
4.6479015998e-05 7.5341548846e-01 2.2998327855e+03 
1.1567213939e-04 8.2413352069e-01 2.3569829374e+03 
4.8162525710e-06 5.2364950084e-01 1.5274568952e+03 
1.8373338274e-05 5.8443624915e-01 1.9865647677e+03 
7.4009687308e-06 6.6011187740e-01 2.2753220300e+03 
4.1185923760e-05 6.0381868638e-01 2.0917748432e+03 
6.4596564728e-06 6.9393788889e-01 2.3917316104e+03 
5.8406989817e-05 7.8147712310e-01 2.3036773297e+03 
1.4258204991e-05 5.5793914557e-01 1.8107859043e+03 
1.2213270892e-05 6.9344711253e-01 2.3190025478e+03 
5.0871277103e-05 1.0000000000e+00 6.4336214884e+02 
2.9255969438e-05 6.3497833357e-01 2.1453141582e+03 
9.2413302197e-05 8.3489203048e-01 2.3911633916e+03 
2.4478514611e-05 6.3558788915e-01 2.1186457342e+03 
5.8911188783e-06 6.7725829802e-01 2.3208727723e+03 
2.0829041977e-04 6.5101952168e-01 2.1002541576e+03 
5.4855193653e-06 6.7260078607e-01 2.2757353022e+03 
6.1469969397e-05 8.0364581103e-01 2.3191573103e+03 
6.9781409450e-05 8.1523096571e-01 2.3932506023e+03 
1.8137227125e-05 6.9714357339e-01 2.2634899352e+03 
4.3225857537e-05 7.9877171181e-01 2.3286333704e+03 
2.8221254065e-05 6.2878818705e-01 2.2151937036e+03 
4.2470660636e-06 6.5959893910e-01 2.2736447953e+03 
8.7121859306e-06 7.6727741440e-01 2.5373095056e+03 
5.6389122191e-06 6.2722845486e-01 2.2156579028e+03 
5.5458920032e-05 8.0095467219e-01 2.3933092289e+03 
9.9525753963e-05 8.3970742956e-01 2.4182550884e+03 
1.8079523128e-05 7.2588793973e-01 2.3222384336e+03 
1.2423635221e-05 7.1004871426e-01 2.2849112925e+03 
6.5565622741e-05 8.3735557681e-01 2.4495541538e+03 
8.6931003204e-05 8.4047233816e-01 2.4248187254e+03 
1.3328299275e-05 6.8566123600e-01 2.2568179890e+03 
3.3789069268e-05 7.0442937760e-01 2.1996935261e+03 
3.3819739404e-05 5.3838358247e-01 2.0009434647e+03 
4.4689527553e-05 7.1852613112e-01 2.2753953648e+03 
4.0467828866e-05 7.9055076276e-01 2.3105198413e+03 
4.0707505589e-05 8.1848290910e-01 2.4414333817e+03 
3.6208452330e-05 7.7091092891e-01 2.3025637585e+03 
4.2799346163e-05 8.1306325716e-01 2.4338123059e+03 
3.0757132088e-05 1.0000000000e+00 4.6679963262e+02 
8.1190203506e-06 6.6246524913e-01 2.2423896858e+03 
3.6231174024e-05 7.4006848816e-01 2.2875264011e+03 
3.6058297375e-05 6.8169946485e-01 2.1685547292e+03 
1.3138384839e-05 5.6583116171e-01 1.5833223064e+03 
3.5531929490e-05 6.5740476760e-01 2.2131686389e+03 
1.0901074398e-05 6.9775633398e-01 2.2627889587e+03 
4.6618559858e-06 5.2713257544e-01 1.4409356311e+03 
2.8628098176e-05 7.0841274003e-01 2.2696207214e+03 
4.8739918788e-06 6.2749822246e-01 2.2160371997e+03 
4.4174914806e-05 8.1199997218e-01 2.4292960933e+03 
8.6251596697e-05 8.3852294955e-01 2.4274491381e+03 
7.3431954891e-05 7.6870807850e-01 2.2992716761e+03 
7.7746120699e-06 6.5759230411e-01 2.2682322202e+03 
3.3572282234e-05 7.2658584324e-01 2.2251707164e+03 
2.7581433226e-05 6.9047521770e-01 2.1970288638e+03 
7.1028912935e-05 8.2764676379e-01 2.3765123627e+03 
1.7407182846e-05 5.4629595028e-01 1.8350365269e+03 
7.1212638925e-05 5.7176367228e-01 1.6810287655e+03 
1.8082841582e-05 5.4608328790e-01 1.5370966930e+03 
5.0290493151e-05 7.8918170296e-01 2.3110299170e+03 
1.6485014571e-05 6.9715246874e-01 2.2631431293e+03 
8.1815946999e-05 8.3336442044e-01 2.4155554301e+03 
8.1559132673e-05 8.3447414043e-01 2.4193480618e+03 
3.9368616348e-05 8.0001926068e-01 2.3380359092e+03 
8.1271016563e-05 8.3283763009e-01 2.4146565190e+03 
3.6185511151e-05 6.2264038736e-01 2.0093180099e+03 
3.6761078998e-05 7.8975730898e-01 2.4142021697e+03 
1.2425116228e-05 7.3552348537e-01 2.3667983673e+03 
5.8962195224e-06 7.3971742738e-01 2.5246889795e+03 
4.9723986437e-05 8.0756099580e-01 2.3349411688e+03 
1.1999428157e-05 5.2309235324e-01 1.8142811567e+03 
1.7548499227e-05 7.1855447242e-01 2.3386270995e+03 
6.7362804120e-05 8.1800925541e-01 2.4009203806e+03 
6.4970509463e-06 1.0000000000e+00 4.3659620649e+02 
4.4080834657e-05 6.1511198985e-01 1.9945624480e+03 
1.4678125033e-05 4.8224052794e-01 1.5311768482e+03 
4.2902866185e-06 6.6896060513e-01 2.2996767860e+03 
7.9734696951e-06 5.1849482959e-01 1.9172540467e+03 
4.6123972567e-05 8.2696091559e-01 2.4533030764e+03 
9.2388514866e-05 8.2847073080e-01 2.3734473452e+03 
5.8989020460e-06 5.0144615015e-01 1.4094384406e+03 
2.5184294669e-05 7.8653390458e-01 2.4407038786e+03 
5.4989367354e-05 6.4853321440e-01 2.1583069060e+03 
1.0237402458e-04 8.3962066092e-01 2.4153988485e+03 
4.0960969527e-05 7.7303155722e-01 2.2947595261e+03 
1.5742732874e-05 7.2580296435e-01 2.2768930490e+03 
1.5930493450e-05 7.4091082435e-01 2.3385577075e+03 
1.1730414259e-05 6.8872226835e-01 2.2859638011e+03 
2.9665621837e-05 6.5940211611e-01 2.1762538490e+03 
3.0058627480e-05 6.1990641938e-01 2.0620907301e+03 
8.9671544641e-05 8.3369698110e-01 2.4080782533e+03 
4.6700337800e-06 6.8652449751e-01 2.3454897264e+03 
3.2525066426e-05 7.6763701526e-01 2.3009175708e+03 
4.5409755003e-05 7.8132122460e-01 2.3069465662e+03 
6.8736019880e-05 8.1609316013e-01 2.3959799912e+03 
5.8474678526e-05 8.2135833809e-01 2.4103509111e+03 
1.3487257065e-04 7.8803493293e-01 2.3094772124e+03 
4.1405593755e-05 7.9647327426e-01 2.3637376948e+03 
1.5959821579e-05 5.5663167584e-01 1.4266186353e+03 
2.5691841035e-05 7.4393679036e-01 2.2894022533e+03 
3.8921470459e-05 7.3662505037e-01 2.2846114094e+03 
2.2365495521e-05 7.5572098364e-01 2.2933705952e+03 
2.6896277102e-05 7.8511999570e-01 2.4001300498e+03 
3.0109571867e-05 7.4768115579e-01 2.2748497016e+03 
5.1949772365e-06 6.8124472424e-01 2.3318298796e+03 
9.7754895852e-05 8.0563704839e-01 2.3487051362e+03 
4.1990070380e-05 7.6222258052e-01 2.2759862891e+03 
5.8273877840e-06 7.1637113384e-01 2.4576796222e+03 
8.6390431369e-05 6.6372215038e-01 2.1553419571e+03 
2.6482175376e-05 7.3245421977e-01 2.2781227835e+03 
6.4914388519e-06 7.0870411820e-01 2.4339434097e+03 
1.5194391215e-05 7.1716903418e-01 2.3040274128e+03 
3.1625163433e-05 5.7219444142e-01 1.8746837064e+03 
1.4876314665e-05 5.6399762719e-01 1.9801564722e+03 
1.4953350765e-05 6.7492101200e-01 2.1980114393e+03 
1.8599125735e-05 7.1108543810e-01 2.2714098655e+03 
2.1155126199e-05 5.8709252529e-01 1.9707883958e+03 
1.5581561159e-05 5.8212909986e-01 1.8077350295e+03 
3.7898558548e-05 7.5315248859e-01 2.2929652474e+03 
2.0361539604e-05 5.9792097323e-01 1.9321534626e+03 
1.8137385379e-05 6.4530790602e-01 2.1940935567e+03 
5.4161836245e-05 7.5939985905e-01 2.2964542947e+03 
3.3717704843e-05 5.5926471863e-01 1.5119379022e+03 
5.9964903957e-06 6.1993266957e-01 2.2071955789e+03 
1.1696054530e-05 6.9387268069e-01 2.2928028281e+03 
1.1445416268e-05 5.6278330397e-01 2.0650697876e+03 
1.0675350567e-04 8.4004807942e-01 2.4132118904e+03 
1.6469536315e-05 5.8883922115e-01 2.0567768102e+03 
4.2989914032e-05 7.6689074945e-01 2.3048715218e+03 
4.8183582924e-05 7.8001681114e-01 2.3050841139e+03 
3.6889467278e-05 6.1379182723e-01 2.0654623665e+03 
4.5944116454e-05 7.7600562465e-01 2.3036385476e+03 
1.3380847903e-05 5.2300225589e-01 1.6307338735e+03 
2.4850369053e-05 7.1323077214e-01 2.2616029042e+03 
2.1787845263e-05 6.0671344265e-01 2.0432574736e+03 
4.0121543050e-05 7.6256035882e-01 2.2970857509e+03 
1.6781580766e-05 5.8546415907e-01 2.0247411147e+03 
2.8840668209e-05 6.8448069538e-01 2.1927949978e+03 
1.6581377806e-05 5.5449446800e-01 1.7726896451e+03 
5.4312738487e-05 7.9164686526e-01 2.3130068695e+03 
2.1633804836e-05 6.8013578973e-01 2.3309931923e+03 
9.3130256793e-05 8.3826328763e-01 2.4193901586e+03 
3.4719164327e-05 6.1512714188e-01 2.0141274778e+03 
3.1542326747e-05 7.8252843747e-01 2.3778170854e+03 
7.2200260778e-06 5.5687364043e-01 1.3587937116e+03 
1.0061852212e-04 8.3283496804e-01 2.3949819415e+03 
3.2006674066e-05 6.0488835811e-01 2.0630771101e+03 
2.5565866474e-06 1.0000000000e+00 8.0535436230e+02 
8.1941377752e-05 5.8242698803e-01 1.8834472921e+03 
6.6418761959e-05 7.2960340115e-01 2.2769239432e+03 
7.8582344505e-05 8.3105848914e-01 2.4131577843e+03 
4.2142706050e-05 8.0928455217e-01 2.4290408730e+03 
1.2794147804e-04 7.7500173352e-01 2.3036154428e+03 
3.8854000473e-06 7.0010564571e-01 2.3850940068e+03 
1.5692253112e-05 5.7834719787e-01 1.8493579519e+03 
1.3492522885e-04 1.0000000000e+00 3.0000000000e+02 
2.3738167834e-05 8.0706234793e-01 2.4748271747e+03 
6.8048173315e-05 7.8218124774e-01 2.3062984687e+03 
2.0563432575e-05 5.2984003436e-01 1.8484053953e+03 
5.1644713725e-05 8.2480772010e-01 2.4383533982e+03 
6.6804527102e-06 5.3667552736e-01 1.4288335695e+03 
4.7966996631e-05 7.7218760905e-01 2.3708865194e+03 
4.5520640771e-05 8.0715515209e-01 2.3553294499e+03 
3.4753529774e-05 5.9619340052e-01 2.0793494000e+03 
8.1696406822e-06 6.3691796845e-01 2.2177225548e+03 
4.8987555503e-05 8.0574857133e-01 2.3711376431e+03 
1.7720004594e-05 5.9811760238e-01 2.0103894759e+03 
3.7771389327e-05 7.6593350303e-01 2.2955102359e+03 
2.1909419018e-05 6.9681073665e-01 2.2622065459e+03 
2.8781627117e-05 7.5281482675e-01 2.2940128719e+03 
5.4700654466e-05 6.5139772011e-01 2.1665042252e+03 
