Mass [kg]        Velocity [m s-1]    Theta [rad]    CO2 [frac]    
1.2100257105e-09 1.3364380629e+04 3.4978226323e-01 5.7000000000e-01 
5.6444334590e-08 1.2188651058e+04 7.0817456904e-01 5.7000000000e-01 
8.3096602656e-12 1.3367667505e+04 7.5022347968e-01 5.7000000000e-01 
1.8671189707e-08 1.2971960713e+04 3.3893239048e-01 5.7000000000e-01 
2.3499999999e-07 1.4684263193e+04 9.7658021755e-01 5.7000000000e-01 
5.5307583260e-09 1.5244907668e+04 1.1629855058e+00 5.7000000000e-01 
4.5770709983e-10 1.6349897591e+04 8.5008900465e-01 5.7000000000e-01 
2.3500000000e-07 1.6038110684e+04 1.0649167518e+00 5.7000000000e-01 
6.4638410578e-08 1.1442384040e+04 1.3083537000e+00 5.7000000000e-01 
2.3087047711e-07 1.2793873865e+04 5.9876697928e-01 5.7000000000e-01 
5.6506762485e-08 2.0000000000e+04 2.2842157582e-01 5.7000000000e-01 
7.5253926133e-10 2.0000000000e+04 9.2798026019e-01 5.7000000000e-01 
6.5850243059e-09 2.0000000000e+04 1.4543590437e+00 5.7000000000e-01 
1.1593762072e-12 1.1318157148e+04 9.4426328459e-01 5.7000000000e-01 
2.3500000000e-07 1.2891301471e+04 9.9386072073e-01 5.7000000000e-01 
2.3500000000e-07 1.2217922020e+04 6.9420624042e-01 5.7000000000e-01 
3.4255897689e-11 1.6556413485e+04 6.0098593519e-01 5.7000000000e-01 
1.3918270055e-11 1.2840200311e+04 1.1821785008e+00 5.7000000000e-01 
2.8316941024e-08 1.4008503183e+04 1.3550475455e+00 5.7000000000e-01 
2.3500000000e-07 1.3086765060e+04 1.1732262737e-01 5.7000000000e-01 
4.4506171174e-09 1.7924014511e+04 6.7763609541e-01 5.7000000000e-01 
2.1543352859e-08 1.2493589801e+04 1.1269262997e+00 5.7000000000e-01 
2.2088494555e-09 1.6134315889e+04 7.9620948906e-01 5.7000000000e-01 
2.2412763446e-12 1.2000138042e+04 1.0664827392e+00 5.7000000000e-01 
1.4607097551e-08 1.3074451972e+04 9.8559509963e-01 5.7000000000e-01 
1.5028700886e-08 1.2939948375e+04 2.6102878587e-01 5.7000000000e-01 
6.9624820897e-10 1.1420753845e+04 1.0644859715e+00 5.7000000000e-01 
1.6690704420e-10 1.5804331460e+04 2.7043631251e-01 5.7000000000e-01 
4.5290470551e-09 1.2577681833e+04 1.3495216936e+00 5.7000000000e-01 
2.3499999999e-07 1.3839134868e+04 5.5869110223e-01 5.7000000000e-01 
4.5346229082e-10 1.3868823135e+04 1.0907019699e+00 5.7000000000e-01 
2.3499999999e-07 1.3473060512e+04 9.7957484028e-01 5.7000000000e-01 
1.8428361523e-09 1.1475017601e+04 6.3156856168e-01 5.7000000000e-01 
4.6129909033e-09 1.4850110749e+04 1.0475691107e+00 5.7000000000e-01 
9.3986399990e-10 1.2640665946e+04 1.0176450465e+00 5.7000000000e-01 
4.9291759122e-09 1.2739145382e+04 1.1245847334e+00 5.7000000000e-01 
1.2742674292e-07 1.6860727439e+04 2.1912961113e-01 5.7000000000e-01 
1.9717290576e-10 1.5389052009e+04 9.6951181393e-01 5.7000000000e-01 
3.2478420854e-08 1.4292192924e+04 6.9599833107e-01 5.7000000000e-01 
5.8703263592e-09 1.2334213205e+04 7.1578656348e-01 5.7000000000e-01 
9.4989923114e-10 1.1979799254e+04 9.7750114559e-01 5.7000000000e-01 
2.9168466231e-12 1.1637020654e+04 1.3085295967e+00 5.7000000000e-01 
5.6361490987e-09 1.2321335876e+04 8.1203823404e-01 5.7000000000e-01 
1.5594645931e-08 1.2574016029e+04 5.5921911678e-01 5.7000000000e-01 
1.5320773818e-08 1.1534512077e+04 9.6663984328e-01 5.7000000000e-01 
7.8531706425e-08 1.1253573614e+04 7.1411819173e-01 5.7000000000e-01 
2.3500000000e-07 1.1596262839e+04 6.2256068021e-01 5.7000000000e-01 
9.1636802405e-10 1.4274511210e+04 2.6902988032e-02 5.7000000000e-01 
4.6190259206e-08 1.3966200180e+04 5.5302732002e-01 5.7000000000e-01 
1.4577122245e-07 1.1323453949e+04 9.4435373513e-01 5.7000000000e-01 
9.0673977691e-11 1.3403374259e+04 9.6884503083e-01 5.7000000000e-01 
2.3499999999e-07 1.2095812411e+04 8.7271699823e-01 5.7000000000e-01 
8.1794813676e-11 1.5487483103e+04 8.3202012239e-01 5.7000000000e-01 
2.3499999999e-07 1.3023995252e+04 3.1999152844e-01 5.7000000000e-01 
4.6861718698e-09 1.1529309347e+04 5.5987529345e-01 5.7000000000e-01 
1.1156960002e-08 1.1618921384e+04 1.3726703270e+00 5.7000000000e-01 
9.6202789497e-09 2.0000000000e+04 1.1716930047e+00 5.7000000000e-01 
1.2516021272e-08 1.1749658262e+04 7.5641082249e-01 5.7000000000e-01 
3.9701956577e-09 1.4645333728e+04 7.0275697364e-01 5.7000000000e-01 
8.1462862150e-09 1.3176846769e+04 6.3224696701e-01 5.7000000000e-01 
2.3900078385e-08 1.5149830250e+04 3.8784341654e-01 5.7000000000e-01 
2.6025870183e-09 1.1941102011e+04 2.8898984900e-01 5.7000000000e-01 
1.0622905427e-07 1.7392317276e+04 5.9747557384e-01 5.7000000000e-01 
4.9653019334e-08 1.2917528028e+04 6.7411338486e-01 5.7000000000e-01 
4.4031220792e-08 1.4635280186e+04 1.4525078048e+00 5.7000000000e-01 
6.8846404954e-10 1.1745580479e+04 1.1680894533e+00 5.7000000000e-01 
4.4391591315e-09 1.8064925834e+04 3.4269423863e-01 5.7000000000e-01 
2.3499999999e-07 1.1216311511e+04 7.2938857510e-01 5.7000000000e-01 
1.2347730220e-10 1.1227792471e+04 9.5308366194e-01 5.7000000000e-01 
5.8770703319e-13 1.1291211360e+04 3.9235298234e-01 5.7000000000e-01 
1.8774557725e-07 1.1531327791e+04 1.0073975186e+00 5.7000000000e-01 
2.8863357571e-09 1.2786914227e+04 1.2175202266e+00 5.7000000000e-01 
4.2480479430e-08 1.7531124633e+04 6.3466980028e-01 5.7000000000e-01 
3.3950149887e-09 1.4297089232e+04 4.3622727759e-01 5.7000000000e-01 
7.7295263942e-11 1.3864116093e+04 2.4072552469e-01 5.7000000000e-01 
1.4851740150e-07 1.3533584513e+04 2.3868069703e-01 5.7000000000e-01 
3.0304737753e-11 1.1733036358e+04 3.6602983222e-01 5.7000000000e-01 
5.7568633156e-10 2.0000000000e+04 8.7568346790e-01 5.7000000000e-01 
2.0803996374e-08 2.0000000000e+04 4.3002825933e-01 5.7000000000e-01 
3.9728592692e-09 1.4518661849e+04 2.5225109546e-01 5.7000000000e-01 
2.5965887544e-09 1.1951509292e+04 5.7264478247e-01 5.7000000000e-01 
2.3499999999e-07 1.5026703635e+04 1.0604211197e+00 5.7000000000e-01 
2.2181317736e-11 1.3047886118e+04 5.3932305031e-01 5.7000000000e-01 
1.4635790335e-08 1.6751280235e+04 9.7964470114e-01 5.7000000000e-01 
1.3673289932e-10 2.0000000000e+04 6.3893826988e-01 5.7000000000e-01 
1.5821378134e-09 1.1736590725e+04 3.6045207770e-01 5.7000000000e-01 
5.1477287497e-08 1.2999931958e+04 7.6977369931e-01 5.7000000000e-01 
1.0578912493e-11 2.0000000000e+04 6.4698409460e-01 5.7000000000e-01 
4.8050123065e-09 1.4730054422e+04 8.2563330082e-01 5.7000000000e-01 
1.7250593696e-10 2.0000000000e+04 1.4590249214e+00 5.7000000000e-01 
9.2989162170e-08 1.1465849881e+04 1.1067193291e+00 5.7000000000e-01 
1.1579424421e-09 1.3562278118e+04 1.2121097959e+00 5.7000000000e-01 
2.8591951089e-11 1.7980046242e+04 8.6587240165e-01 5.7000000000e-01 
6.6826439167e-09 1.1335891776e+04 9.6323207093e-01 5.7000000000e-01 
2.1519279480e-09 1.2845440802e+04 1.3025107377e+00 5.7000000000e-01 
3.5502392050e-09 1.1471126090e+04 8.0431870938e-01 5.7000000000e-01 
9.5537825138e-10 1.2479428210e+04 3.2262657659e-01 5.7000000000e-01 
2.3499999999e-07 1.6162616171e+04 5.2798811137e-01 5.7000000000e-01 
5.2489003257e-10 1.2715152522e+04 7.4379911165e-01 5.7000000000e-01 
5.8118488892e-08 1.2286159458e+04 5.8603683049e-01 5.7000000000e-01 
4.1685609170e-10 1.8225739767e+04 8.9222896042e-01 5.7000000000e-01 
1.2396260279e-07 1.3066011129e+04 7.3500884568e-01 5.7000000000e-01 
2.5939585800e-10 2.0000000000e+04 9.1842949802e-01 5.7000000000e-01 
2.3511724663e-08 1.2237222025e+04 4.5237741311e-01 5.7000000000e-01 
2.3499999999e-07 1.2190468914e+04 1.0024861476e+00 5.7000000000e-01 
4.7512687000e-09 1.3617914818e+04 1.3075303110e+00 5.7000000000e-01 
2.3499999999e-07 1.1842258725e+04 8.6465279789e-01 5.7000000000e-01 
2.6732487702e-11 1.1697077740e+04 1.1093228210e+00 5.7000000000e-01 
2.9635549162e-09 1.3303496930e+04 5.8732204741e-01 5.7000000000e-01 
2.3500000000e-07 2.0000000000e+04 6.0056160240e-01 5.7000000000e-01 
1.5074113904e-08 1.5333384643e+04 5.9030433756e-01 5.7000000000e-01 
2.4030948709e-09 1.1380336935e+04 9.1507994030e-01 5.7000000000e-01 
6.4185339955e-11 1.3182752182e+04 7.3467261494e-01 5.7000000000e-01 
2.3500000000e-07 1.2013974263e+04 6.7842618789e-01 5.7000000000e-01 
9.0612302373e-08 1.4454455589e+04 7.3415473997e-01 5.7000000000e-01 
2.4707492000e-09 2.0000000000e+04 1.2059638265e+00 5.7000000000e-01 
2.7419827352e-08 1.2847879119e+04 7.7954207894e-01 5.7000000000e-01 
1.3318161446e-10 2.0000000000e+04 2.0637988916e-01 5.7000000000e-01 
1.4514022107e-11 1.3190545913e+04 2.4635517637e-01 5.7000000000e-01 
5.1747485466e-11 2.0000000000e+04 7.3237216086e-01 5.7000000000e-01 
2.3500000000e-07 1.3951716590e+04 4.3518790434e-02 5.7000000000e-01 
1.1403557828e-09 1.3890769454e+04 1.1095431491e+00 5.7000000000e-01 
3.9005202587e-10 2.0000000000e+04 1.0163811581e+00 5.7000000000e-01 
5.6475924656e-10 1.7345573809e+04 1.9070374344e-01 5.7000000000e-01 
8.8178365196e-09 1.5661728402e+04 1.0104624197e+00 5.7000000000e-01 
1.6204589394e-11 2.0000000000e+04 2.5651307977e-01 5.7000000000e-01 
1.5650517594e-12 1.3120749373e+04 1.2093423619e+00 5.7000000000e-01 
5.6841404296e-09 1.5200638433e+04 3.2759179721e-01 5.7000000000e-01 
8.6762024129e-10 1.2892916532e+04 8.2105111404e-01 5.7000000000e-01 
1.5380260312e-07 1.1716457595e+04 1.3804076172e+00 5.7000000000e-01 
7.6823153106e-09 1.6836431419e+04 1.2609671632e+00 5.7000000000e-01 
1.5211625770e-09 1.3474749474e+04 5.3411338349e-01 5.7000000000e-01 
2.4194662619e-08 1.3837280019e+04 6.7597844287e-01 5.7000000000e-01 
2.1041817497e-09 2.0000000000e+04 5.4379379643e-01 5.7000000000e-01 
1.3398962842e-08 1.1982635696e+04 1.1293375432e+00 5.7000000000e-01 
1.5755362218e-08 1.4294190775e+04 1.3244650485e+00 5.7000000000e-01 
1.0674762943e-09 1.2787730868e+04 8.0932823890e-01 5.7000000000e-01 
2.3499999999e-07 1.2163309642e+04 8.2838893637e-01 5.7000000000e-01 
4.9356310917e-09 1.3930397929e+04 1.0506563789e+00 5.7000000000e-01 
2.3500000000e-07 1.2266067739e+04 9.8824970229e-01 5.7000000000e-01 
2.9334057001e-08 1.2377175199e+04 1.1321799265e+00 5.7000000000e-01 
1.4987748338e-10 1.3609595343e+04 8.9440208379e-01 5.7000000000e-01 
1.9894689028e-08 1.1303182430e+04 1.0062177893e+00 5.7000000000e-01 
1.1510993779e-07 1.8150860651e+04 4.5301334102e-01 5.7000000000e-01 
2.6837981980e-10 1.2147467818e+04 2.9694465995e-01 5.7000000000e-01 
5.7807728607e-09 1.3659676673e+04 7.1500220356e-01 5.7000000000e-01 
2.2978804197e-09 1.2510569623e+04 8.6379176908e-01 5.7000000000e-01 
1.8774938504e-08 2.0000000000e+04 6.0967439421e-01 5.7000000000e-01 
3.3055364027e-09 1.2069574750e+04 3.1943229095e-01 5.7000000000e-01 
2.3499999999e-07 1.4146172328e+04 6.2832344886e-01 5.7000000000e-01 
1.3018153768e-10 1.3963660581e+04 9.9515331406e-02 5.7000000000e-01 
1.6446293693e-08 2.0000000000e+04 6.5067104733e-01 5.7000000000e-01 
4.0245704850e-09 1.2650947763e+04 1.1328667351e+00 5.7000000000e-01 
8.3847190954e-09 1.3026608179e+04 4.1123621551e-01 5.7000000000e-01 
1.1909196011e-09 1.4111585986e+04 3.2447819173e-01 5.7000000000e-01 
1.0049325673e-09 1.4776730891e+04 3.0501156274e-01 5.7000000000e-01 
2.4099032815e-09 1.4745186047e+04 5.3503089390e-01 5.7000000000e-01 
3.7497455098e-08 2.0000000000e+04 1.4016858617e-01 5.7000000000e-01 
1.3416955768e-10 1.2928694608e+04 7.1215834071e-01 5.7000000000e-01 
2.2151772304e-10 1.1245210761e+04 6.7379972278e-01 5.7000000000e-01 
2.1964053105e-09 1.2978306421e+04 9.9505277083e-01 5.7000000000e-01 
2.3372926585e-08 1.4617097355e+04 8.7100601688e-01 5.7000000000e-01 
9.7096630151e-08 1.6341112901e+04 2.8727465133e-01 5.7000000000e-01 
5.4607676521e-09 1.1406240557e+04 9.0638245384e-01 5.7000000000e-01 
2.1909656377e-10 1.4891037792e+04 9.4017981305e-01 5.7000000000e-01 
2.3510098186e-10 1.4584895027e+04 9.0739064721e-01 5.7000000000e-01 
3.1322740424e-09 1.3220206882e+04 9.7486792053e-01 5.7000000000e-01 
3.3511058845e-08 1.1207838747e+04 3.1200213323e-01 5.7000000000e-01 
2.6727334214e-11 1.3968828156e+04 7.0542324627e-01 5.7000000000e-01 
1.3559770166e-07 1.3504770206e+04 6.3341576730e-01 5.7000000000e-01 
1.6838192842e-08 1.1634659979e+04 1.1168716704e+00 5.7000000000e-01 
2.9189537330e-11 1.1601701987e+04 1.1690177229e+00 5.7000000000e-01 
1.8115152184e-10 1.1242474458e+04 1.0797927830e+00 5.7000000000e-01 
2.3499999999e-07 1.7314594197e+04 3.2187681093e-01 5.7000000000e-01 
4.9389710618e-08 1.3588410180e+04 1.0008072625e+00 5.7000000000e-01 
2.3499999999e-07 1.2374770239e+04 3.8242209858e-01 5.7000000000e-01 
2.3499999999e-07 1.6621877017e+04 4.5083834805e-01 5.7000000000e-01 
2.3499999999e-07 1.2034680243e+04 7.2539496625e-01 5.7000000000e-01 
2.3500000000e-07 1.3599804884e+04 3.2565290944e-01 5.7000000000e-01 
9.1248073442e-11 1.1603463587e+04 1.0939252075e+00 5.7000000000e-01 
3.7375366571e-10 2.0000000000e+04 6.2857967884e-01 5.7000000000e-01 
1.6771058443e-07 1.1242937998e+04 4.6748046374e-01 5.7000000000e-01 
7.8002880373e-09 1.4884958573e+04 3.8885262073e-01 5.7000000000e-01 
1.9879887252e-07 1.2618492970e+04 8.3407143881e-01 5.7000000000e-01 
7.2154687201e-11 1.4811485635e+04 1.1960655726e+00 5.7000000000e-01 
2.3500000000e-07 1.2449871670e+04 3.2133311640e-01 5.7000000000e-01 
1.1404192675e-08 1.8534376446e+04 5.1954469768e-01 5.7000000000e-01 
3.2748163234e-08 1.1337552699e+04 1.4825368775e+00 5.7000000000e-01 
7.5245769717e-13 2.0000000000e+04 7.2036852212e-01 5.7000000000e-01 
2.3499999999e-07 1.4761824641e+04 9.8258764721e-01 5.7000000000e-01 
7.1162868493e-12 1.1917806349e+04 1.0755839655e+00 5.7000000000e-01 
1.2241881855e-08 1.2232116684e+04 1.3522607254e+00 5.7000000000e-01 
2.3499999999e-07 1.4478882541e+04 7.0016030192e-01 5.7000000000e-01 
1.0761845585e-07 1.4620540522e+04 8.8591300085e-01 5.7000000000e-01 
1.2979584755e-09 1.2134132477e+04 1.0959999019e+00 5.7000000000e-01 
2.3499999999e-07 1.7597125502e+04 5.3909264821e-01 5.7000000000e-01 
1.5101173278e-11 1.2119187090e+04 2.8249608826e-01 5.7000000000e-01 
1.3635726609e-09 1.1376519132e+04 9.7860665993e-01 5.7000000000e-01 
1.2244461264e-09 1.6573993295e+04 5.8108368273e-01 5.7000000000e-01 
1.9901205953e-10 1.1390239960e+04 4.8513730612e-01 5.7000000000e-01 
