Mass [kg]        Velocity [m s-1]    Theta [rad]    CO2 [frac]    
2.3499999999e-07 2.0000000000e+04 7.4364493439e-01 3.7000000000e-01 
3.8493201500e-09 1.1867030154e+04 1.3375771629e+00 3.7000000000e-01 
6.4575610216e-09 1.3195879912e+04 9.9131242753e-01 3.7000000000e-01 
4.3908782551e-11 1.2111467259e+04 4.8297241741e-01 3.7000000000e-01 
1.1179637831e-09 1.4050814504e+04 9.5435235522e-01 3.7000000000e-01 
5.5997086079e-09 1.9567066942e+04 8.1172836376e-01 3.7000000000e-01 
5.8802080654e-08 1.2655349965e+04 6.3426157853e-01 3.7000000000e-01 
1.3456625958e-10 1.5704017218e+04 1.1360352217e+00 3.7000000000e-01 
9.5780832491e-11 1.6107051994e+04 7.4330568030e-01 3.7000000000e-01 
1.7821765634e-11 2.0000000000e+04 1.3049496983e+00 3.7000000000e-01 
2.3153994835e-09 1.2504926369e+04 6.5496027254e-01 3.7000000000e-01 
1.3890192223e-08 1.2342875168e+04 4.2535348266e-01 3.7000000000e-01 
1.0766195287e-10 1.2854386367e+04 7.3903890323e-01 3.7000000000e-01 
5.1752914620e-11 1.2464958406e+04 3.3770673066e-01 3.7000000000e-01 
4.4781549246e-10 1.2202763444e+04 8.3175501277e-01 3.7000000000e-01 
1.0119854403e-11 1.9859222491e+04 1.0265229604e+00 3.7000000000e-01 
1.5223548832e-09 1.1965058683e+04 9.3958816483e-01 3.7000000000e-01 
1.1108440132e-10 1.4230577194e+04 3.0405846120e-01 3.7000000000e-01 
3.7510161666e-11 1.1735491277e+04 1.0351554937e+00 3.7000000000e-01 
4.6317838732e-10 1.3619691285e+04 1.2240446662e+00 3.7000000000e-01 
1.5845746591e-08 1.1473966571e+04 5.0104004350e-01 3.7000000000e-01 
8.5694712159e-09 2.0000000000e+04 2.7562033698e-01 3.7000000000e-01 
5.9068459100e-08 1.2500086906e+04 1.3214629894e+00 3.7000000000e-01 
2.3499999999e-07 1.5075131971e+04 6.2237038063e-01 3.7000000000e-01 
4.0698040192e-09 1.4915282223e+04 5.2776306168e-01 3.7000000000e-01 
4.6295862749e-11 1.4955645893e+04 1.0642357010e+00 3.7000000000e-01 
5.7015640903e-10 1.4495636228e+04 9.2105751882e-01 3.7000000000e-01 
2.3500000000e-07 1.4299886378e+04 9.7091797395e-01 3.7000000000e-01 
2.6281296849e-09 1.1894957834e+04 1.0504214939e+00 3.7000000000e-01 
1.6770408424e-09 1.3243691124e+04 8.0102608225e-01 3.7000000000e-01 
2.3500000000e-07 1.4851137891e+04 6.3382541848e-01 3.7000000000e-01 
3.0959922152e-09 1.1524546063e+04 4.3230716499e-01 3.7000000000e-01 
1.0915901722e-09 2.0000000000e+04 1.4596636978e+00 3.7000000000e-01 
2.9810683243e-08 1.3919399700e+04 5.9958962831e-01 3.7000000000e-01 
4.8288607210e-11 1.3567861217e+04 1.2037201949e+00 3.7000000000e-01 
1.3080317632e-07 2.0000000000e+04 4.4050456118e-01 3.7000000000e-01 
3.8395515544e-09 1.1611334366e+04 4.0385701319e-01 3.7000000000e-01 
5.0359689439e-08 1.4867916313e+04 1.2248338838e-01 3.7000000000e-01 
4.5033298222e-09 1.3763648714e+04 5.1485273390e-01 3.7000000000e-01 
6.4019800605e-09 1.5947091441e+04 9.1689768871e-02 3.7000000000e-01 
7.8107945076e-11 1.2817787928e+04 7.3241491093e-01 3.7000000000e-01 
2.6346454989e-10 2.0000000000e+04 5.8609091344e-01 3.7000000000e-01 
1.2582345110e-09 1.1920588618e+04 1.0530763713e+00 3.7000000000e-01 
1.6459549158e-09 1.4737215699e+04 8.7583940200e-01 3.7000000000e-01 
2.3499999999e-07 1.2110360325e+04 1.4234534494e+00 3.7000000000e-01 
1.2537752145e-07 1.5235882663e+04 4.9228884062e-01 3.7000000000e-01 
2.0903366914e-07 1.1251411380e+04 2.0156343213e-01 3.7000000000e-01 
4.6706427929e-10 1.9610721774e+04 8.4794321135e-01 3.7000000000e-01 
5.2915595025e-09 1.2026885009e+04 1.3681943464e+00 3.7000000000e-01 
6.9926697765e-10 1.2534285781e+04 9.5127688171e-01 3.7000000000e-01 
1.5971240582e-07 1.2111673146e+04 1.1650527461e+00 3.7000000000e-01 
2.3499999999e-07 2.0000000000e+04 1.2203317020e+00 3.7000000000e-01 
7.1343271044e-10 1.1344660947e+04 3.4812776099e-01 3.7000000000e-01 
4.8725511095e-10 1.3318851245e+04 3.8689491885e-01 3.7000000000e-01 
6.9054589949e-11 1.4020858546e+04 4.8333058990e-01 3.7000000000e-01 
7.0380218507e-09 1.7763859456e+04 1.0124489048e+00 3.7000000000e-01 
9.2943437880e-12 1.1420704159e+04 8.8964126127e-01 3.7000000000e-01 
1.0797543393e-09 1.2097105726e+04 4.7388595510e-01 3.7000000000e-01 
1.9221019455e-08 1.1501899481e+04 1.3301779907e+00 3.7000000000e-01 
2.3500000000e-07 1.4504151131e+04 9.7646188947e-01 3.7000000000e-01 
2.3500000000e-07 1.6150798131e+04 9.3503274791e-01 3.7000000000e-01 
4.4273374898e-09 1.4417957046e+04 5.6432332142e-01 3.7000000000e-01 
1.8729412174e-07 1.2216690434e+04 3.1204227856e-01 3.7000000000e-01 
7.2354265487e-08 1.6143826717e+04 3.4049979890e-01 3.7000000000e-01 
2.3499999999e-07 1.1845413193e+04 4.7813087194e-01 3.7000000000e-01 
7.2006685869e-12 1.2177278056e+04 5.0530915522e-01 3.7000000000e-01 
3.2260233020e-10 1.2256701844e+04 7.0950933538e-01 3.7000000000e-01 
1.5813840284e-10 1.3737328184e+04 6.8259223111e-01 3.7000000000e-01 
1.1073574613e-10 1.3396795477e+04 1.3634946998e-01 3.7000000000e-01 
1.8901723025e-08 1.5178187090e+04 4.1672002517e-01 3.7000000000e-01 
1.0121480084e-09 1.6168883980e+04 1.3827467609e+00 3.7000000000e-01 
2.5198210803e-09 1.3209860419e+04 8.4043389815e-01 3.7000000000e-01 
7.6310740951e-09 1.3793349771e+04 1.9039963927e-01 3.7000000000e-01 
1.6879085010e-10 1.2208296529e+04 6.1919869969e-01 3.7000000000e-01 
9.0288553316e-09 1.3343685310e+04 4.5404332986e-01 3.7000000000e-01 
2.3499999999e-07 1.1280096389e+04 6.0145551433e-01 3.7000000000e-01 
3.0058749087e-09 1.7984624960e+04 1.4491853925e+00 3.7000000000e-01 
2.4042604641e-10 1.3586563406e+04 1.1209129529e+00 3.7000000000e-01 
4.1188639461e-09 2.0000000000e+04 8.7003437408e-01 3.7000000000e-01 
8.5808824560e-11 1.1290294380e+04 1.3287279716e+00 3.7000000000e-01 
2.3499999999e-07 1.5430517833e+04 1.5031519506e+00 3.7000000000e-01 
6.8431801040e-10 1.2647727905e+04 1.0205536591e+00 3.7000000000e-01 
4.4776911066e-10 2.0000000000e+04 8.1670002509e-01 3.7000000000e-01 
1.2272365675e-08 1.5279080432e+04 4.5500469926e-01 3.7000000000e-01 
3.4020399059e-09 1.1875086707e+04 7.5678393563e-01 3.7000000000e-01 
2.3500000000e-07 2.0000000000e+04 6.8489272940e-01 3.7000000000e-01 
1.2596328850e-08 1.2269753122e+04 9.7872155152e-01 3.7000000000e-01 
2.2738372355e-10 1.4140724574e+04 8.9803129201e-01 3.7000000000e-01 
4.5555582435e-09 1.3479800139e+04 7.7785664630e-01 3.7000000000e-01 
1.3881469267e-07 2.0000000000e+04 4.4136456122e-01 3.7000000000e-01 
4.7267705930e-10 1.6178410198e+04 7.1186885226e-01 3.7000000000e-01 
2.1877700660e-09 1.5545809162e+04 1.3606757581e+00 3.7000000000e-01 
1.0481909027e-09 1.4024200715e+04 1.0807903369e+00 3.7000000000e-01 
1.5785817473e-11 1.4156700776e+04 3.2797971544e-01 3.7000000000e-01 
4.3754884943e-10 1.1549022555e+04 5.5971846905e-01 3.7000000000e-01 
1.4206527688e-09 1.1855195330e+04 8.4026617419e-01 3.7000000000e-01 
1.3195548476e-07 1.3470266657e+04 6.2898841143e-01 3.7000000000e-01 
7.8469004494e-10 1.3220458642e+04 1.0468966508e+00 3.7000000000e-01 
9.1255582457e-09 1.1403581958e+04 3.2476720815e-01 3.7000000000e-01 
1.3315840494e-09 1.4909053467e+04 8.9410531356e-01 3.7000000000e-01 
2.3499999999e-07 1.1218436318e+04 4.0542068348e-01 3.7000000000e-01 
1.9878971176e-07 1.2046866856e+04 4.7978656198e-02 3.7000000000e-01 
2.3500000000e-07 2.0000000000e+04 6.6742492291e-01 3.7000000000e-01 
2.3500000000e-07 1.3347555192e+04 3.5566857295e-01 3.7000000000e-01 
1.5671485211e-07 1.2199591008e+04 7.8854331352e-01 3.7000000000e-01 
9.6360170518e-09 1.1838762113e+04 3.5407177419e-01 3.7000000000e-01 
1.9358649659e-10 1.6265955202e+04 1.1909056338e+00 3.7000000000e-01 
2.3500000000e-07 2.0000000000e+04 1.2090489453e+00 3.7000000000e-01 
1.0606605820e-07 1.3341703427e+04 8.7157146378e-01 3.7000000000e-01 
2.3499999999e-07 1.1463406386e+04 5.3421089324e-01 3.7000000000e-01 
1.0382480729e-09 1.1516255177e+04 8.6733445131e-01 3.7000000000e-01 
4.4316311093e-08 1.1459913601e+04 8.4263575211e-01 3.7000000000e-01 
3.2122450855e-11 1.1748656129e+04 2.7339993760e-01 3.7000000000e-01 
5.9002263688e-08 1.1658986480e+04 1.2786817013e+00 3.7000000000e-01 
2.8126650355e-10 1.1206193101e+04 1.0950421900e+00 3.7000000000e-01 
4.8060138983e-11 1.8271512329e+04 1.4426508748e+00 3.7000000000e-01 
2.3665822198e-10 1.1292336806e+04 1.9547564533e-01 3.7000000000e-01 
2.3500000000e-07 1.9903210774e+04 7.6579375888e-01 3.7000000000e-01 
2.9700984068e-09 1.1575225325e+04 4.8427093560e-01 3.7000000000e-01 
5.3231875213e-10 1.1712038567e+04 8.0458717087e-01 3.7000000000e-01 
2.3499999999e-07 1.2331856865e+04 1.1485617985e+00 3.7000000000e-01 
1.2552190548e-08 1.8008551071e+04 1.2656321733e+00 3.7000000000e-01 
6.1121768081e-10 1.1275033191e+04 6.2495489396e-01 3.7000000000e-01 
5.8838690770e-09 2.0000000000e+04 4.1867844832e-01 3.7000000000e-01 
2.2284984769e-10 1.3029336925e+04 5.2042397397e-01 3.7000000000e-01 
1.4882164125e-08 1.2794226681e+04 6.6170987788e-01 3.7000000000e-01 
2.8257218250e-09 1.3526956512e+04 5.4045954419e-01 3.7000000000e-01 
5.7889713189e-10 1.2111418705e+04 5.9226012013e-01 3.7000000000e-01 
2.7929716843e-08 1.5198054385e+04 1.1039785353e+00 3.7000000000e-01 
1.7926810521e-11 1.2849934135e+04 6.3532645838e-01 3.7000000000e-01 
4.0093360892e-11 1.6085947899e+04 4.5245223208e-01 3.7000000000e-01 
1.8486320728e-12 2.0000000000e+04 8.2567658793e-01 3.7000000000e-01 
1.9794850008e-09 1.2003656235e+04 1.0432637650e+00 3.7000000000e-01 
2.1963339132e-08 1.4385085480e+04 1.4237971729e+00 3.7000000000e-01 
2.3499999999e-07 1.3843992523e+04 7.5020496309e-01 3.7000000000e-01 
3.1160326943e-10 1.2741810004e+04 1.2308323105e+00 3.7000000000e-01 
2.3499999999e-07 1.4131771656e+04 1.3406118006e+00 3.7000000000e-01 
3.3708814891e-10 2.0000000000e+04 6.9570874745e-01 3.7000000000e-01 
2.3499999999e-07 1.1919889492e+04 6.4550355813e-01 3.7000000000e-01 
1.6537002983e-07 1.5437405779e+04 1.2102029074e+00 3.7000000000e-01 
1.9014447261e-11 1.2961031053e+04 1.2551747388e-01 3.7000000000e-01 
2.4059393825e-09 2.0000000000e+04 9.3168361429e-01 3.7000000000e-01 
3.9344082932e-08 1.6888494467e+04 3.5612187409e-01 3.7000000000e-01 
1.7040942470e-10 1.4022713163e+04 9.0782360648e-01 3.7000000000e-01 
3.8914288056e-10 1.1475751018e+04 1.1624600237e+00 3.7000000000e-01 
9.7062949224e-11 1.4683494160e+04 7.6144836350e-01 3.7000000000e-01 
1.6348394654e-11 1.6954173442e+04 8.5206687305e-01 3.7000000000e-01 
5.3614258844e-11 1.4684430549e+04 3.7417266839e-01 3.7000000000e-01 
1.1283117282e-08 1.4166723491e+04 7.9054935475e-01 3.7000000000e-01 
4.3410899302e-10 1.8406034018e+04 1.1465613231e+00 3.7000000000e-01 
5.3719216377e-11 1.8476490051e+04 7.3249284484e-01 3.7000000000e-01 
7.3100504231e-10 1.3147288511e+04 5.8221247546e-01 3.7000000000e-01 
3.4566846155e-09 1.3827829987e+04 6.9146981480e-01 3.7000000000e-01 
8.5463877205e-11 1.2073199696e+04 4.3628832426e-01 3.7000000000e-01 
4.7491511594e-12 1.2471000011e+04 5.5987158348e-01 3.7000000000e-01 
1.3193585928e-10 1.1763092024e+04 9.3664771993e-01 3.7000000000e-01 
6.9021868539e-11 2.0000000000e+04 1.0760394337e+00 3.7000000000e-01 
1.4063983793e-09 1.1868044692e+04 5.2632962775e-01 3.7000000000e-01 
2.3500000000e-07 1.3624803994e+04 5.7654333504e-01 3.7000000000e-01 
5.6225240434e-10 1.2384577606e+04 6.9645538641e-01 3.7000000000e-01 
6.8643816544e-09 1.5916807618e+04 4.8926101622e-01 3.7000000000e-01 
5.2122699356e-09 2.0000000000e+04 1.2532345255e+00 3.7000000000e-01 
2.3499999999e-07 1.1896369149e+04 9.1535799675e-01 3.7000000000e-01 
6.3326635937e-10 1.3866455805e+04 1.0779575377e+00 3.7000000000e-01 
2.3499999999e-07 1.1216785008e+04 6.3098382085e-01 3.7000000000e-01 
6.2182902655e-10 1.1524891376e+04 5.4661357385e-01 3.7000000000e-01 
5.4972740790e-08 1.2226893183e+04 7.5697918692e-01 3.7000000000e-01 
1.0477802083e-07 1.5553462440e+04 5.8412591025e-01 3.7000000000e-01 
2.3499999999e-07 1.2608685176e+04 8.3378119122e-01 3.7000000000e-01 
2.3499999999e-07 1.1861003374e+04 3.5441364540e-01 3.7000000000e-01 
2.3499999999e-07 1.6481132967e+04 1.2704640884e+00 3.7000000000e-01 
1.2873981071e-09 1.4175706042e+04 1.1441378813e+00 3.7000000000e-01 
5.4873499939e-12 1.1708364491e+04 1.3060681311e+00 3.7000000000e-01 
1.1525482765e-11 1.3253712187e+04 9.2721294449e-01 3.7000000000e-01 
1.0796036456e-10 1.2731175969e+04 8.9481140588e-01 3.7000000000e-01 
2.3500000000e-07 2.0000000000e+04 1.2072933549e+00 3.7000000000e-01 
8.6693852156e-09 1.6567676407e+04 8.4275394172e-01 3.7000000000e-01 
1.0614698829e-08 1.8414108765e+04 4.7600266334e-01 3.7000000000e-01 
4.1364975985e-09 1.1264985287e+04 1.0269751526e+00 3.7000000000e-01 
1.3730131424e-07 1.2096951566e+04 8.8024937663e-01 3.7000000000e-01 
1.7093926734e-10 1.5062737400e+04 1.2962275416e+00 3.7000000000e-01 
3.6832546349e-11 1.5553680184e+04 6.6506395173e-01 3.7000000000e-01 
1.6249892645e-10 1.4403395515e+04 7.0373834056e-01 3.7000000000e-01 
6.9545065010e-10 1.3480816675e+04 5.5711849090e-01 3.7000000000e-01 
8.8038377074e-12 1.6548507740e+04 5.2373231569e-01 3.7000000000e-01 
8.4946557965e-10 1.6753728565e+04 7.8804966895e-01 3.7000000000e-01 
2.3499999999e-07 1.1458364984e+04 1.1419516525e+00 3.7000000000e-01 
3.9392755020e-11 1.3354006393e+04 1.0962252911e+00 3.7000000000e-01 
9.3369001644e-09 1.3178275902e+04 1.1006363686e+00 3.7000000000e-01 
2.3500000000e-07 1.5002097956e+04 7.1209014007e-01 3.7000000000e-01 
1.7875644669e-09 1.6773494694e+04 3.0151178251e-01 3.7000000000e-01 
2.3499999999e-07 1.1904224912e+04 2.6531040826e-01 3.7000000000e-01 
2.6452657154e-08 1.1260633428e+04 1.3101040015e+00 3.7000000000e-01 
7.9572438947e-10 1.2045519903e+04 7.7184937582e-01 3.7000000000e-01 
4.3517306299e-09 1.2900488482e+04 7.6417427307e-02 3.7000000000e-01 
6.4960849050e-11 1.4150391503e+04 1.1849446738e+00 3.7000000000e-01 
3.0146227929e-08 1.1517582122e+04 5.3154532589e-01 3.7000000000e-01 
2.5356492511e-08 1.3485802764e+04 1.2696945102e+00 3.7000000000e-01 
2.3500000000e-07 1.8611657552e+04 5.4701801641e-01 3.7000000000e-01 
1.1359083629e-10 1.3293089157e+04 1.1355957853e+00 3.7000000000e-01 
