Mass [kg]        Velocity [m s-1]    Theta [rad]    CO2 [ frac]    
2.2771646304e-08 1.3001373590e+04 1.3874422703e+00 2.7000000000e-01 
3.5633462928e-08 1.1359391280e+04 6.5894709748e-01 2.7000000000e-01 
6.3824737389e-08 1.6748219673e+04 1.0003677020e+00 2.7000000000e-01 
2.3500000000e-07 1.3145751539e+04 6.6336388213e-01 2.7000000000e-01 
1.0479287470e-08 1.1721635859e+04 4.7506098299e-01 2.7000000000e-01 
1.1701892231e-10 1.7218188131e+04 2.5243128695e-01 2.7000000000e-01 
2.3500000000e-07 1.2040061232e+04 1.1253152705e+00 2.7000000000e-01 
1.8165417665e-10 1.1315344929e+04 7.7912261151e-01 2.7000000000e-01 
4.4825933889e-10 1.8017320408e+04 8.9517293667e-01 2.7000000000e-01 
1.0493383121e-11 1.1360153937e+04 9.9690508459e-01 2.7000000000e-01 
5.0570875107e-11 1.1596993173e+04 6.8784145429e-01 2.7000000000e-01 
2.1260959616e-10 1.4413061437e+04 7.7437533343e-01 2.7000000000e-01 
1.4812152178e-07 1.3628017060e+04 5.8480456338e-01 2.7000000000e-01 
1.1763010834e-09 1.1285054947e+04 5.9605894618e-01 2.7000000000e-01 
2.5112524368e-09 1.4029263732e+04 1.0265568122e+00 2.7000000000e-01 
2.3500000000e-07 2.0000000000e+04 1.2973628280e+00 2.7000000000e-01 
2.3499999999e-07 1.2025988756e+04 1.3099164782e+00 2.7000000000e-01 
2.7327988430e-13 2.0000000000e+04 7.9189352834e-01 2.7000000000e-01 
3.3064636121e-10 1.3079302632e+04 9.4331286891e-01 2.7000000000e-01 
5.1783672166e-11 1.8712529357e+04 7.0662255508e-01 2.7000000000e-01 
2.6414523021e-09 2.0000000000e+04 6.8625927709e-01 2.7000000000e-01 
4.6442629953e-09 1.3695362468e+04 1.1484099575e+00 2.7000000000e-01 
5.6562298947e-09 1.2579583540e+04 8.6510396461e-01 2.7000000000e-01 
1.1144982319e-11 1.4829678190e+04 3.3380656370e-01 2.7000000000e-01 
3.5716199580e-09 1.5052198365e+04 9.7008375972e-01 2.7000000000e-01 
1.0947026061e-08 1.1472224746e+04 8.3072672208e-01 2.7000000000e-01 
2.3252821761e-09 1.1412284608e+04 3.4326481475e-01 2.7000000000e-01 
1.0997663901e-07 1.1222320379e+04 4.4162771384e-01 2.7000000000e-01 
5.5707960434e-08 1.5097382505e+04 2.1822725621e-01 2.7000000000e-01 
3.1847386756e-10 1.2468343614e+04 1.3467362428e+00 2.7000000000e-01 
2.3500000000e-07 1.1353453309e+04 1.2165958096e+00 2.7000000000e-01 
1.9143687307e-11 1.1809215840e+04 1.3829774895e+00 2.7000000000e-01 
4.6656881712e-10 1.1743388493e+04 6.0391389697e-01 2.7000000000e-01 
2.3499999999e-07 2.0000000000e+04 8.1607665269e-01 2.7000000000e-01 
1.5857647013e-09 1.4750449016e+04 2.6854412568e-01 2.7000000000e-01 
8.4850680870e-09 1.1517394295e+04 5.7148991215e-01 2.7000000000e-01 
2.2133254843e-11 1.2596791954e+04 2.4625393464e-01 2.7000000000e-01 
6.6266181437e-10 1.1322527632e+04 1.2270254370e+00 2.7000000000e-01 
4.2426332159e-09 1.1418551373e+04 7.4498998803e-01 2.7000000000e-01 
2.3499999999e-07 1.9318627178e+04 1.1941695652e+00 2.7000000000e-01 
1.2167277657e-08 1.3423218323e+04 7.6054721525e-01 2.7000000000e-01 
2.4089741938e-11 1.1679064131e+04 1.1502782756e+00 2.7000000000e-01 
3.7104346800e-10 1.1677551424e+04 6.7830672796e-01 2.7000000000e-01 
2.6421319788e-10 1.3883046310e+04 3.5496512435e-01 2.7000000000e-01 
3.3198820770e-10 1.6947958270e+04 4.4519920986e-01 2.7000000000e-01 
2.2211196416e-10 1.2408651938e+04 7.6239945966e-01 2.7000000000e-01 
3.7333261049e-10 1.1763513071e+04 1.5011609138e+00 2.7000000000e-01 
4.9034593277e-10 1.3037681436e+04 6.2221051522e-01 2.7000000000e-01 
1.9834694243e-09 1.2424417359e+04 8.7676596872e-01 2.7000000000e-01 
2.3499999999e-07 1.1847539584e+04 7.7354694302e-01 2.7000000000e-01 
1.4793555658e-10 1.5097738769e+04 3.8514658863e-01 2.7000000000e-01 
3.5139300051e-11 1.4138540835e+04 8.1889640795e-02 2.7000000000e-01 
2.1648176874e-10 1.3625969018e+04 7.1741446360e-01 2.7000000000e-01 
2.3499999999e-07 1.3887766630e+04 1.3260656307e+00 2.7000000000e-01 
2.3499999999e-07 1.1441820663e+04 1.1935323136e+00 2.7000000000e-01 
2.3499999999e-07 1.2415364256e+04 5.0642350225e-01 2.7000000000e-01 
6.4868626833e-08 1.1907255842e+04 6.6151223526e-01 2.7000000000e-01 
1.6799026003e-11 1.9331457007e+04 5.9332163149e-01 2.7000000000e-01 
1.3251332598e-09 2.0000000000e+04 1.2870265494e+00 2.7000000000e-01 
4.3809084143e-10 1.2922510878e+04 1.4013674815e+00 2.7000000000e-01 
5.4144717192e-12 1.1779019143e+04 1.1278814837e+00 2.7000000000e-01 
2.3499999999e-07 1.1940724657e+04 4.8537705731e-01 2.7000000000e-01 
2.3500000000e-07 1.5276297630e+04 6.9519896195e-01 2.7000000000e-01 
7.2898272225e-10 1.4745598801e+04 9.9750078465e-01 2.7000000000e-01 
7.1401580098e-09 1.4948504866e+04 8.1060473099e-01 2.7000000000e-01 
2.7518689834e-09 1.1909409179e+04 8.2722880107e-01 2.7000000000e-01 
4.5750879578e-08 1.2415774596e+04 5.6752140306e-01 2.7000000000e-01 
8.3605006418e-10 1.3796994316e+04 5.2822805089e-01 2.7000000000e-01 
2.3500000000e-07 1.4455011929e+04 4.0611147198e-01 2.7000000000e-01 
4.3947543178e-10 1.1490433918e+04 1.2978883942e+00 2.7000000000e-01 
3.8275028769e-08 1.4054177859e+04 2.3924947560e-01 2.7000000000e-01 
1.0469766990e-09 1.1884929965e+04 3.3658067624e-01 2.7000000000e-01 
1.5066366852e-11 1.1755014533e+04 9.2446481223e-01 2.7000000000e-01 
1.5230938200e-09 2.0000000000e+04 9.7132510427e-01 2.7000000000e-01 
2.1917780874e-09 1.2628802502e+04 1.3605994309e+00 2.7000000000e-01 
2.8484424837e-11 1.1376525225e+04 8.9572861668e-01 2.7000000000e-01 
1.6178148370e-09 1.3815599794e+04 5.2945168994e-01 2.7000000000e-01 
8.3622348516e-10 1.4072606505e+04 1.0847354478e+00 2.7000000000e-01 
1.8884922904e-11 1.2021075011e+04 5.6460978387e-01 2.7000000000e-01 
1.3054877054e-10 1.4499038840e+04 9.4129844844e-01 2.7000000000e-01 
4.3323846256e-09 1.2595463825e+04 7.2239961549e-01 2.7000000000e-01 
2.3499999999e-07 1.8517520345e+04 1.0366815560e+00 2.7000000000e-01 
8.4730924485e-08 1.1268008180e+04 8.9106645409e-01 2.7000000000e-01 
2.0718291533e-10 1.1548264422e+04 2.6342165614e-01 2.7000000000e-01 
4.7381475899e-09 1.1566175711e+04 8.3011102104e-01 2.7000000000e-01 
2.3500000000e-07 1.6269309454e+04 7.6348326395e-01 2.7000000000e-01 
3.4294831887e-09 1.2094483220e+04 1.2962130604e+00 2.7000000000e-01 
1.6577151289e-09 1.4855088939e+04 1.1051786918e+00 2.7000000000e-01 
3.4291413486e-08 1.1560445111e+04 6.7639354495e-01 2.7000000000e-01 
4.6070391944e-09 1.2434242037e+04 1.1519075542e+00 2.7000000000e-01 
2.3500000000e-07 1.2246227561e+04 5.0831285143e-01 2.7000000000e-01 
1.1201995441e-08 1.1667774648e+04 1.2734532954e+00 2.7000000000e-01 
2.3500000000e-07 1.4225516364e+04 5.2199931206e-01 2.7000000000e-01 
2.3066766559e-11 2.0000000000e+04 9.6574819636e-01 2.7000000000e-01 
3.6789815143e-09 1.1453866574e+04 6.3020801614e-01 2.7000000000e-01 
2.1441979466e-07 1.1740896023e+04 1.0743593178e+00 2.7000000000e-01 
8.3448955756e-09 1.1756292341e+04 9.1921959151e-01 2.7000000000e-01 
2.8127555539e-08 1.4782997043e+04 5.4784983093e-01 2.7000000000e-01 
2.9906769409e-08 1.2946096053e+04 6.0991224830e-01 2.7000000000e-01 
6.1270005272e-11 2.0000000000e+04 1.2669454140e+00 2.7000000000e-01 
2.6300985036e-09 2.0000000000e+04 9.4708002496e-01 2.7000000000e-01 
1.8591602980e-09 1.1666843257e+04 5.1967186984e-01 2.7000000000e-01 
6.7719150797e-11 1.1240136615e+04 4.6654439121e-01 2.7000000000e-01 
5.8376420858e-09 2.0000000000e+04 5.4739024032e-01 2.7000000000e-01 
2.3499999999e-07 1.1577942964e+04 8.5583921029e-01 2.7000000000e-01 
2.3499999999e-07 1.4751881702e+04 1.2819474836e+00 2.7000000000e-01 
2.3499999999e-07 1.4872635943e+04 6.6720627355e-01 2.7000000000e-01 
2.3500000000e-07 1.2381531704e+04 1.6099869654e-01 2.7000000000e-01 
2.6751351257e-09 1.2747170862e+04 4.3093122597e-01 2.7000000000e-01 
3.1326525670e-12 1.3104163242e+04 1.3481208266e+00 2.7000000000e-01 
1.1992244377e-09 2.0000000000e+04 1.1577393458e+00 2.7000000000e-01 
2.3500000000e-07 1.2414716081e+04 1.2662333617e+00 2.7000000000e-01 
1.1740642719e-09 1.1392134689e+04 1.1829086187e+00 2.7000000000e-01 
2.3499999999e-07 1.2521115400e+04 6.3363232826e-01 2.7000000000e-01 
1.0121316928e-11 1.1532135709e+04 1.2292529021e+00 2.7000000000e-01 
5.0019914910e-08 1.1375506850e+04 1.1104741425e+00 2.7000000000e-01 
4.0226456002e-09 1.8242947267e+04 4.2263583587e-01 2.7000000000e-01 
2.3500000000e-07 1.2713442308e+04 4.4919674742e-01 2.7000000000e-01 
1.5722882188e-09 1.6990234473e+04 8.1348035205e-01 2.7000000000e-01 
2.3499999999e-07 1.1644519897e+04 5.9964052276e-01 2.7000000000e-01 
1.4280394446e-07 1.1990540854e+04 7.4420185355e-01 2.7000000000e-01 
2.3635590857e-08 1.2090631636e+04 4.6663692094e-01 2.7000000000e-01 
1.7408342380e-09 1.6443454206e+04 1.0662836308e+00 2.7000000000e-01 
4.5497749836e-11 1.2281025058e+04 4.1827941039e-01 2.7000000000e-01 
3.1288734751e-09 1.2669033611e+04 6.2980018439e-01 2.7000000000e-01 
3.7771142520e-08 1.1475386961e+04 6.8933014972e-01 2.7000000000e-01 
2.3499999999e-07 1.2270447120e+04 3.4510111886e-01 2.7000000000e-01 
5.7023916769e-09 1.4714758479e+04 4.9386782270e-01 2.7000000000e-01 
5.1758893185e-12 1.4292793079e+04 7.1114866128e-01 2.7000000000e-01 
1.5886411394e-08 1.5783456093e+04 7.5101344631e-01 2.7000000000e-01 
7.4020130581e-11 1.1873076771e+04 5.2166121173e-01 2.7000000000e-01 
4.8664406705e-09 1.2339091563e+04 4.1599432503e-01 2.7000000000e-01 
8.0473579199e-12 1.4298512725e+04 7.5914059494e-01 2.7000000000e-01 
1.5396317131e-08 1.3923121588e+04 3.6091513314e-01 2.7000000000e-01 
3.6891575656e-09 1.5576975872e+04 1.0593867392e+00 2.7000000000e-01 
3.1578265227e-08 1.1516166876e+04 5.7059507246e-01 2.7000000000e-01 
2.3500000000e-07 1.3701906993e+04 6.2325213167e-01 2.7000000000e-01 
7.3844808170e-10 1.3832534585e+04 8.5016487535e-01 2.7000000000e-01 
2.3500000000e-07 1.1356088810e+04 8.0699948514e-01 2.7000000000e-01 
8.8158207371e-09 2.0000000000e+04 1.4204200840e+00 2.7000000000e-01 
5.4982451038e-09 1.1288575616e+04 8.0707661263e-02 2.7000000000e-01 
4.1388456402e-08 1.3891710282e+04 5.6822824584e-01 2.7000000000e-01 
3.6773725663e-09 1.1370011858e+04 5.7787718113e-01 2.7000000000e-01 
2.3500000000e-07 1.3806994701e+04 4.3327696427e-01 2.7000000000e-01 
3.1658676999e-11 1.5310366811e+04 4.6871974391e-01 2.7000000000e-01 
2.3499999999e-07 1.4280603008e+04 8.2748929300e-01 2.7000000000e-01 
1.1672415106e-09 1.1262757611e+04 8.7520604852e-01 2.7000000000e-01 
2.3500000000e-07 1.5547766105e+04 1.3878384176e+00 2.7000000000e-01 
8.1031926253e-11 1.2029035172e+04 3.8326081782e-01 2.7000000000e-01 
2.0741844354e-07 1.1344137733e+04 8.4439854739e-01 2.7000000000e-01 
5.3530798823e-11 1.2440228623e+04 6.4513845372e-01 2.7000000000e-01 
6.3267832525e-09 1.2296530603e+04 1.1490783142e+00 2.7000000000e-01 
8.3263916258e-09 1.8892426087e+04 1.4861636840e+00 2.7000000000e-01 
1.0313753380e-07 1.5343714169e+04 1.0471526957e+00 2.7000000000e-01 
4.2421918207e-10 1.2170664500e+04 6.4359906119e-01 2.7000000000e-01 
1.9910432086e-08 1.6901317860e+04 3.5994951225e-01 2.7000000000e-01 
2.3500000000e-07 1.5875361039e+04 8.0820761428e-01 2.7000000000e-01 
4.6031683166e-09 1.3406559693e+04 1.1133991613e+00 2.7000000000e-01 
1.1061405944e-08 1.1783898723e+04 5.2520376101e-01 2.7000000000e-01 
4.5280876111e-08 1.1259724935e+04 4.7782711024e-01 2.7000000000e-01 
1.0832805335e-08 1.5878108927e+04 1.2387762092e+00 2.7000000000e-01 
2.3499999999e-07 1.3122324759e+04 7.7525680778e-01 2.7000000000e-01 
1.4450427638e-07 1.6637160189e+04 4.1429323052e-01 2.7000000000e-01 
3.5428336781e-10 1.3698472078e+04 7.9680959714e-01 2.7000000000e-01 
5.6089855479e-08 1.9837448298e+04 6.5538980917e-01 2.7000000000e-01 
6.1700454980e-11 1.4071076324e+04 3.2974810851e-01 2.7000000000e-01 
4.2399249382e-09 1.2308809317e+04 1.2072642081e+00 2.7000000000e-01 
1.6209758425e-08 1.2439833930e+04 7.5294246313e-01 2.7000000000e-01 
9.0065592212e-09 1.4911726386e+04 1.0805710666e+00 2.7000000000e-01 
8.2988060193e-11 1.2763284209e+04 8.3435296525e-01 2.7000000000e-01 
8.4153488015e-11 1.2117268932e+04 7.7119983131e-01 2.7000000000e-01 
7.8988038565e-09 1.1846183340e+04 7.5173909423e-01 2.7000000000e-01 
1.0241971576e-08 1.1822292506e+04 3.0516089828e-01 2.7000000000e-01 
2.2381539861e-10 1.2462998557e+04 9.2779105048e-01 2.7000000000e-01 
7.9586394462e-10 1.1958665138e+04 8.6580893569e-01 2.7000000000e-01 
3.1044357170e-11 1.8871712664e+04 1.4188017331e-01 2.7000000000e-01 
3.8126879770e-09 1.8208796577e+04 2.5521549721e-01 2.7000000000e-01 
4.4117105900e-12 1.2825927297e+04 1.1533436523e+00 2.7000000000e-01 
1.0271555044e-08 1.2414192756e+04 1.1744875418e+00 2.7000000000e-01 
4.7686535417e-10 1.1730549495e+04 2.5142034716e-01 2.7000000000e-01 
2.3500000000e-07 1.4932283573e+04 2.5650671707e-01 2.7000000000e-01 
2.3499999999e-07 1.1388220886e+04 9.5081780053e-01 2.7000000000e-01 
2.3499999999e-07 1.1609268997e+04 1.2163322164e+00 2.7000000000e-01 
2.3500000000e-07 1.1798760363e+04 1.4407793154e+00 2.7000000000e-01 
3.4159278669e-08 1.5897533436e+04 6.0046595239e-01 2.7000000000e-01 
2.3499999999e-07 1.1508712917e+04 1.9921098122e-01 2.7000000000e-01 
2.8390475589e-09 1.1590998769e+04 7.3151378727e-01 2.7000000000e-01 
2.2939042923e-09 1.2993945118e+04 6.2470505810e-01 2.7000000000e-01 
4.4129163008e-10 1.8012756507e+04 6.2516094825e-01 2.7000000000e-01 
9.6978186829e-09 1.2534842683e+04 2.6164439027e-01 2.7000000000e-01 
2.3115807524e-08 1.1524572701e+04 7.6696929032e-01 2.7000000000e-01 
1.1900395077e-10 2.0000000000e+04 6.5705112137e-01 2.7000000000e-01 
1.6923475664e-10 1.5770024848e+04 1.1011696422e+00 2.7000000000e-01 
3.8565166709e-11 1.1269132921e+04 3.3020186271e-01 2.7000000000e-01 
2.3500000000e-07 1.2383629636e+04 9.0808125030e-01 2.7000000000e-01 
1.2324404974e-07 2.0000000000e+04 6.6304513179e-01 2.7000000000e-01 
6.5532550730e-10 1.1871033148e+04 1.4278077234e+00 2.7000000000e-01 
1.6378778224e-07 1.3016918748e+04 9.6944942117e-01 2.7000000000e-01 
1.5935998832e-08 1.4522254491e+04 1.1668959421e+00 2.7000000000e-01 
1.0937170734e-09 1.3977573038e+04 5.3419166958e-01 2.7000000000e-01 
