Mass [kg]        Velocity [m s-1]    Theta [rad]    CO2 [frac]    
2.8933682491e-08 1.2544353577e+04 7.4685323800e-01 1.7000000000e-01 
1.6777608715e-08 1.4843595932e+04 8.8993341338e-01 1.7000000000e-01 
2.3500000000e-07 1.6127184456e+04 6.5369677412e-01 1.7000000000e-01 
2.9932144677e-09 1.1694049979e+04 1.0614114941e+00 1.7000000000e-01 
1.4523649986e-08 1.2445089273e+04 4.4827877745e-01 1.7000000000e-01 
7.6923095221e-11 1.1967094790e+04 7.8506969941e-01 1.7000000000e-01 
6.7684384602e-08 1.5529488372e+04 7.8111876189e-01 1.7000000000e-01 
2.0350045258e-08 1.3717664583e+04 1.2208763223e+00 1.7000000000e-01 
4.5061937002e-10 1.1404534446e+04 7.5466300267e-01 1.7000000000e-01 
6.8090252862e-11 1.4752924130e+04 1.1447801529e+00 1.7000000000e-01 
5.2501829703e-10 1.4576568736e+04 1.1159479830e+00 1.7000000000e-01 
2.6058247430e-10 1.4277721819e+04 1.3346204625e+00 1.7000000000e-01 
3.2126663856e-11 1.3816721258e+04 7.3838895049e-01 1.7000000000e-01 
2.6916564225e-08 1.3557570856e+04 1.0423975523e+00 1.7000000000e-01 
1.3672696653e-07 1.3149641784e+04 7.9655489444e-02 1.7000000000e-01 
3.7088755358e-09 1.5293957443e+04 9.7657877552e-01 1.7000000000e-01 
1.7305191434e-09 1.3445670972e+04 8.4577200774e-01 1.7000000000e-01 
8.6698864911e-09 1.1210610343e+04 4.8122387039e-01 1.7000000000e-01 
2.8141165199e-08 1.8328827617e+04 8.7532843294e-01 1.7000000000e-01 
6.3709980372e-10 1.3808419517e+04 1.0242474462e+00 1.7000000000e-01 
7.4978158602e-12 2.0000000000e+04 2.1733570631e-01 1.7000000000e-01 
6.7920787955e-11 1.1237113693e+04 3.9784916641e-01 1.7000000000e-01 
6.4555816640e-10 1.2764491832e+04 3.3593693431e-01 1.7000000000e-01 
8.2881555810e-09 2.0000000000e+04 4.8105251645e-01 1.7000000000e-01 
2.3500000000e-07 1.5213692286e+04 7.4552938329e-01 1.7000000000e-01 
4.8270726215e-09 1.7667927690e+04 9.1400040178e-01 1.7000000000e-01 
2.2176851406e-07 2.0000000000e+04 9.1407297508e-01 1.7000000000e-01 
2.3500000000e-07 1.2935929903e+04 8.6062094295e-01 1.7000000000e-01 
4.1901108163e-11 1.5945147555e+04 7.5338565985e-01 1.7000000000e-01 
2.4743023463e-08 1.4538033108e+04 8.5451812190e-01 1.7000000000e-01 
3.1038442527e-08 1.5602658053e+04 1.0534174597e+00 1.7000000000e-01 
6.7122460449e-10 2.0000000000e+04 1.2745590692e+00 1.7000000000e-01 
1.0147441227e-09 1.4528332100e+04 9.6152061627e-01 1.7000000000e-01 
6.4482884484e-10 1.1899985807e+04 8.3107324768e-01 1.7000000000e-01 
1.3700920899e-10 2.0000000000e+04 6.8248137116e-01 1.7000000000e-01 
1.5741705820e-09 1.5956002433e+04 8.0091258828e-01 1.7000000000e-01 
4.7645084694e-09 1.4212485279e+04 2.0516422487e-01 1.7000000000e-01 
2.3500000000e-07 1.1904619087e+04 3.0475335578e-01 1.7000000000e-01 
1.4424114061e-08 1.2368283199e+04 7.2695851785e-01 1.7000000000e-01 
4.2027569117e-08 1.2275772297e+04 9.9705447036e-01 1.7000000000e-01 
4.6423866254e-09 1.2758575490e+04 4.0172398020e-01 1.7000000000e-01 
7.9933544713e-08 1.2444841850e+04 1.0391608492e+00 1.7000000000e-01 
1.3557998521e-09 2.0000000000e+04 3.0681772357e-01 1.7000000000e-01 
3.8044220361e-12 1.2853889671e+04 2.9511928280e-01 1.7000000000e-01 
2.7352931682e-12 1.3528161418e+04 1.4590493425e+00 1.7000000000e-01 
3.0466923511e-09 1.2114359349e+04 5.7273524880e-01 1.7000000000e-01 
1.3290129364e-11 1.1548651019e+04 1.3289747221e+00 1.7000000000e-01 
2.3499999999e-07 1.1325292319e+04 1.2423248095e+00 1.7000000000e-01 
2.3499999999e-07 1.3859379876e+04 1.1751472800e+00 1.7000000000e-01 
3.9119832413e-08 1.5187566575e+04 6.4147929347e-01 1.7000000000e-01 
1.3608396182e-09 1.4189959824e+04 3.8491465608e-01 1.7000000000e-01 
8.8245875755e-08 2.0000000000e+04 4.8300946047e-01 1.7000000000e-01 
5.7052993019e-09 1.3168026886e+04 5.9907024220e-01 1.7000000000e-01 
5.4089014866e-08 1.9365283672e+04 9.7826237542e-01 1.7000000000e-01 
5.6923868085e-12 1.3456295840e+04 7.0718848012e-01 1.7000000000e-01 
1.0734112462e-08 1.4944304108e+04 1.4087641611e+00 1.7000000000e-01 
2.3500000000e-07 1.3416351471e+04 1.2494589978e+00 1.7000000000e-01 
2.0024930026e-08 1.3132272982e+04 1.0999208333e+00 1.7000000000e-01 
5.5633292823e-09 1.2368302273e+04 5.0076930830e-01 1.7000000000e-01 
2.3499999999e-07 1.5083563898e+04 6.6254267580e-01 1.7000000000e-01 
3.5269712887e-09 1.1958444064e+04 5.5085695555e-01 1.7000000000e-01 
1.5350023085e-11 1.5223800851e+04 1.1028633073e+00 1.7000000000e-01 
2.3500000000e-07 1.5099889474e+04 4.1872412894e-01 1.7000000000e-01 
1.0041958723e-08 1.1254724269e+04 9.0807763500e-01 1.7000000000e-01 
9.9680322191e-12 1.3671345094e+04 6.6493504733e-01 1.7000000000e-01 
2.3499999999e-07 1.1582345577e+04 1.0155352718e+00 1.7000000000e-01 
2.0849145938e-07 1.1569265796e+04 1.3629287048e+00 1.7000000000e-01 
1.2308915376e-07 1.2102721518e+04 2.4692425827e-01 1.7000000000e-01 
1.2096998507e-08 1.3286686066e+04 5.7060089627e-01 1.7000000000e-01 
7.5089390748e-10 1.2613757365e+04 4.9457871535e-01 1.7000000000e-01 
4.7401727373e-10 1.1747292982e+04 3.0962928464e-01 1.7000000000e-01 
2.0418188260e-11 1.1392351673e+04 7.4589514556e-01 1.7000000000e-01 
2.9972451402e-09 1.3539286751e+04 4.8583024827e-01 1.7000000000e-01 
1.1605733359e-10 1.4442111253e+04 9.6339884260e-01 1.7000000000e-01 
7.3157381335e-09 1.1886146331e+04 7.4080835551e-01 1.7000000000e-01 
2.3500000000e-07 1.2286882703e+04 4.5513009450e-01 1.7000000000e-01 
2.3908084628e-09 2.0000000000e+04 1.0908339067e+00 1.7000000000e-01 
3.9387312205e-11 2.0000000000e+04 6.3827495532e-01 1.7000000000e-01 
4.1184071079e-08 1.1996396802e+04 5.2805274936e-01 1.7000000000e-01 
1.2762971447e-10 1.2552668042e+04 5.4918830199e-01 1.7000000000e-01 
6.8781285235e-08 1.2200504185e+04 1.8235219952e-01 1.7000000000e-01 
2.6342412719e-08 1.2474849727e+04 8.1028405420e-01 1.7000000000e-01 
4.0510977048e-11 1.2870754652e+04 2.4834414189e-01 1.7000000000e-01 
6.5761756788e-11 1.1353882996e+04 5.2490832792e-01 1.7000000000e-01 
4.3871733215e-10 1.2743252503e+04 9.5623468013e-01 1.7000000000e-01 
9.7833466639e-10 1.3388147856e+04 3.9190636217e-01 1.7000000000e-01 
1.4331558780e-12 1.1208638104e+04 6.4770748930e-01 1.7000000000e-01 
2.3500000000e-07 1.3080888929e+04 7.4984055306e-01 1.7000000000e-01 
9.3172279730e-08 1.2785631541e+04 4.9334590204e-01 1.7000000000e-01 
2.3499999999e-07 1.6184463683e+04 9.2232297089e-01 1.7000000000e-01 
2.6906236443e-08 1.3456213536e+04 2.7180944029e-01 1.7000000000e-01 
6.7135778687e-09 2.0000000000e+04 6.1973541222e-01 1.7000000000e-01 
1.2203753156e-09 1.1290485050e+04 4.8585853022e-01 1.7000000000e-01 
1.1345280779e-09 1.2552887784e+04 3.0956297170e-01 1.7000000000e-01 
4.2247696327e-10 1.4321211071e+04 3.2189370240e-01 1.7000000000e-01 
8.0323101748e-08 1.1785710310e+04 4.9413946352e-01 1.7000000000e-01 
2.8118297088e-09 1.2585973936e+04 8.8634781262e-01 1.7000000000e-01 
4.5158861503e-10 1.6192239223e+04 1.0056487024e+00 1.7000000000e-01 
2.3499999999e-07 1.7819566800e+04 1.5143086692e+00 1.7000000000e-01 
4.3278021845e-12 1.7599909230e+04 1.0849605203e+00 1.7000000000e-01 
1.8132719402e-08 2.0000000000e+04 1.1586442714e+00 1.7000000000e-01 
2.3499999999e-07 1.1290548344e+04 1.3665688085e+00 1.7000000000e-01 
1.8503084644e-09 1.3823724150e+04 1.1267574142e+00 1.7000000000e-01 
1.8692752623e-09 1.2245816990e+04 6.3905396728e-01 1.7000000000e-01 
2.3499999999e-07 1.1834110448e+04 1.2719448630e+00 1.7000000000e-01 
9.6819925610e-09 1.1721211727e+04 4.8249388716e-01 1.7000000000e-01 
7.0995389986e-11 1.1327124534e+04 7.8185841411e-01 1.7000000000e-01 
2.0213521175e-08 1.2682712535e+04 6.8136186974e-01 1.7000000000e-01 
1.9514651689e-08 1.1964706306e+04 9.6291673261e-01 1.7000000000e-01 
2.3500000000e-07 1.2596385638e+04 9.5708730719e-01 1.7000000000e-01 
2.0405232954e-11 2.0000000000e+04 1.2341444427e+00 1.7000000000e-01 
5.0946483009e-11 1.1825531018e+04 3.0947238747e-01 1.7000000000e-01 
5.5950794828e-10 1.1270466033e+04 5.7225754472e-01 1.7000000000e-01 
3.4658184133e-11 1.2035044172e+04 2.2137656492e-01 1.7000000000e-01 
1.0721197449e-09 1.6775320843e+04 6.2379421854e-01 1.7000000000e-01 
1.5824284010e-08 1.3047640440e+04 6.4344876662e-01 1.7000000000e-01 
6.8344863559e-11 1.3555841138e+04 1.3784412422e+00 1.7000000000e-01 
1.4663382723e-11 2.0000000000e+04 7.9904392695e-01 1.7000000000e-01 
5.0360899090e-08 1.3658476363e+04 4.6164202925e-01 1.7000000000e-01 
1.1233899022e-10 2.0000000000e+04 2.9427452294e-01 1.7000000000e-01 
1.3413929908e-07 1.1854840215e+04 9.3460056536e-01 1.7000000000e-01 
1.2159535891e-08 1.5403084311e+04 8.8250826064e-01 1.7000000000e-01 
1.5380733174e-11 1.5647956638e+04 7.7644489061e-01 1.7000000000e-01 
1.0039871947e-10 1.4505138643e+04 5.8214856149e-01 1.7000000000e-01 
2.3499999999e-07 1.6702374804e+04 6.6883905011e-01 1.7000000000e-01 
4.6380515863e-12 1.1599566101e+04 5.5292401321e-01 1.7000000000e-01 
1.5934183322e-10 2.0000000000e+04 4.2290984835e-01 1.7000000000e-01 
4.5388429852e-10 1.2475664157e+04 8.4081976552e-01 1.7000000000e-01 
1.7393488786e-09 1.1908641286e+04 8.7936412926e-01 1.7000000000e-01 
2.1010688849e-07 1.5856373036e+04 1.1630147563e+00 1.7000000000e-01 
9.9823661767e-09 1.5621458686e+04 8.5942014396e-01 1.7000000000e-01 
9.5194056740e-11 2.0000000000e+04 9.2984081593e-01 1.7000000000e-01 
2.6066327694e-11 1.2273654712e+04 9.7628569121e-01 1.7000000000e-01 
7.0846652179e-08 1.9687778912e+04 6.0449967486e-01 1.7000000000e-01 
1.7678610082e-10 1.1511781360e+04 1.1064386582e+00 1.7000000000e-01 
1.2188305396e-08 1.1645129173e+04 9.6383247347e-01 1.7000000000e-01 
3.7465579541e-08 1.3933522689e+04 5.7773164885e-01 1.7000000000e-01 
7.0925184316e-11 1.1854838889e+04 1.1111735912e+00 1.7000000000e-01 
1.0550125532e-08 1.4048868013e+04 8.1952852639e-01 1.7000000000e-01 
2.0587970215e-10 1.7277891690e+04 4.7489298156e-01 1.7000000000e-01 
7.2831493811e-09 1.1658974515e+04 7.8601764787e-01 1.7000000000e-01 
3.3029656607e-09 1.5630939988e+04 9.8538120363e-01 1.7000000000e-01 
6.4526691130e-12 1.2579339876e+04 1.2999197697e+00 1.7000000000e-01 
2.3532718433e-10 1.3139009382e+04 3.0696921206e-01 1.7000000000e-01 
3.5965347465e-10 1.1266098011e+04 2.9268218962e-01 1.7000000000e-01 
1.6294236116e-09 2.0000000000e+04 1.0507008356e+00 1.7000000000e-01 
2.9546658776e-10 1.3673693174e+04 1.1197544859e+00 1.7000000000e-01 
2.9956056708e-11 1.1775624401e+04 2.8709253000e-01 1.7000000000e-01 
2.3500000000e-07 1.2818114550e+04 6.5952292156e-01 1.7000000000e-01 
5.8062596326e-10 1.3568135671e+04 6.4365343867e-01 1.7000000000e-01 
3.8343440538e-11 1.7545634215e+04 5.3485889255e-01 1.7000000000e-01 
2.3499999999e-07 1.3075521201e+04 4.5397745565e-01 1.7000000000e-01 
1.6589996509e-07 1.4691729631e+04 9.1562828997e-01 1.7000000000e-01 
2.4051898574e-09 1.1372580925e+04 1.0561440625e+00 1.7000000000e-01 
2.8785810689e-08 1.6081976115e+04 4.7797888408e-01 1.7000000000e-01 
1.2173036926e-11 1.1414045580e+04 9.2291556055e-01 1.7000000000e-01 
1.9766511849e-07 1.8220909750e+04 3.9081691069e-01 1.7000000000e-01 
4.5742808561e-08 1.2000970087e+04 4.3428758964e-01 1.7000000000e-01 
8.9622428473e-08 1.1502241708e+04 7.6033787550e-01 1.7000000000e-01 
1.1345197294e-08 2.0000000000e+04 8.3292935109e-01 1.7000000000e-01 
2.3499999999e-07 2.0000000000e+04 4.5424103578e-01 1.7000000000e-01 
4.6805601515e-08 1.3739015799e+04 8.0910721945e-01 1.7000000000e-01 
7.6070963132e-11 1.2854239674e+04 1.0912862987e+00 1.7000000000e-01 
2.3500000000e-07 1.1487720645e+04 8.9027884023e-01 1.7000000000e-01 
2.0382939976e-07 1.2747186000e+04 6.4564209370e-01 1.7000000000e-01 
4.6475593062e-08 1.1979277076e+04 6.4305294588e-01 1.7000000000e-01 
4.6841517694e-09 1.1972369805e+04 7.3806999311e-01 1.7000000000e-01 
2.1719717982e-08 1.1756768957e+04 1.0936476892e+00 1.7000000000e-01 
7.1567981083e-11 1.2529277319e+04 5.8382039828e-01 1.7000000000e-01 
5.6730051830e-08 1.2328156964e+04 1.4227817847e+00 1.7000000000e-01 
2.3499999999e-07 1.4292476740e+04 1.4220576044e+00 1.7000000000e-01 
1.1345091131e-10 1.4737293981e+04 3.6139261617e-01 1.7000000000e-01 
2.3500000000e-07 1.2411245932e+04 5.9770662327e-01 1.7000000000e-01 
1.3615304653e-10 1.3483032895e+04 7.9622976098e-01 1.7000000000e-01 
1.0430158603e-08 1.2482938508e+04 1.2865085971e+00 1.7000000000e-01 
2.9241301801e-08 1.8919487414e+04 9.4864644132e-01 1.7000000000e-01 
1.6296517696e-09 1.3221482844e+04 1.4508301645e+00 1.7000000000e-01 
1.3927386286e-10 1.5799535177e+04 1.0100125982e+00 1.7000000000e-01 
2.3499999999e-07 1.2019297056e+04 1.0604847290e+00 1.7000000000e-01 
1.4699333548e-09 1.1304908535e+04 8.8115848874e-01 1.7000000000e-01 
6.1610629424e-09 1.9070284841e+04 1.8599310977e-01 1.7000000000e-01 
2.6263178176e-09 1.3844207735e+04 2.4795847794e-01 1.7000000000e-01 
1.7092802571e-10 1.1364541669e+04 3.4893386337e-01 1.7000000000e-01 
1.4395769978e-07 1.1562092812e+04 5.0501685789e-01 1.7000000000e-01 
1.6077715923e-08 1.2583001705e+04 9.5428501031e-01 1.7000000000e-01 
9.6202898283e-09 1.1434950055e+04 5.8139798288e-01 1.7000000000e-01 
4.6596069089e-08 1.2739362004e+04 9.2036731711e-01 1.7000000000e-01 
7.2867110135e-08 1.1465070314e+04 1.2587947817e+00 1.7000000000e-01 
3.1755310548e-08 2.0000000000e+04 3.6144224135e-01 1.7000000000e-01 
4.2450253463e-11 2.0000000000e+04 1.0762411789e+00 1.7000000000e-01 
5.6642757577e-10 1.2430886655e+04 1.0669949155e+00 1.7000000000e-01 
2.0506292464e-09 1.3080591102e+04 1.2234025990e+00 1.7000000000e-01 
8.5428574093e-11 1.1620889212e+04 6.5246712804e-01 1.7000000000e-01 
1.0742386692e-10 1.4542696140e+04 5.6349857088e-01 1.7000000000e-01 
2.3499999999e-07 1.1626528640e+04 1.3300160905e+00 1.7000000000e-01 
1.5580167772e-09 1.2419003764e+04 6.3883808491e-01 1.7000000000e-01 
7.7644474919e-09 1.4194657946e+04 9.0749344763e-01 1.7000000000e-01 
2.3324154739e-10 1.3247324205e+04 8.1714325170e-01 1.7000000000e-01 
2.3499999999e-07 1.1760598262e+04 7.7477848848e-01 1.7000000000e-01 
2.3500000000e-07 1.8093710551e+04 1.0560791900e+00 1.7000000000e-01 
