Mass [kg]        Velocity [m s-1]    Theta [rad]    CO2 [ frac]    
1.6317666334e-10 1.3139182766e+04 9.0639054447e-01 6.7000000000e-01 
3.4705655727e-10 1.4186113462e+04 1.2332629181e+00 6.7000000000e-01 
2.5846491606e-09 2.0000000000e+04 1.1962040118e+00 6.7000000000e-01 
5.6592749686e-10 2.0000000000e+04 2.6226303452e-01 6.7000000000e-01 
1.5417693047e-08 2.0000000000e+04 5.4019614925e-01 6.7000000000e-01 
2.9504220262e-09 1.6756916237e+04 1.0342817648e+00 6.7000000000e-01 
4.0517598505e-08 2.0000000000e+04 6.0630373361e-01 6.7000000000e-01 
2.5103271572e-09 1.2923654329e+04 7.6360929797e-01 6.7000000000e-01 
4.9471715423e-10 1.1853858770e+04 1.0511246614e+00 6.7000000000e-01 
1.0141586437e-09 2.0000000000e+04 6.3377410549e-01 6.7000000000e-01 
2.3499999999e-07 1.2428494609e+04 2.2079364707e-01 6.7000000000e-01 
6.2481902202e-11 1.3779020589e+04 6.8135765129e-01 6.7000000000e-01 
2.3499999999e-07 1.3755148491e+04 1.2051555896e+00 6.7000000000e-01 
2.1144838400e-09 1.2353049459e+04 4.0650465839e-01 6.7000000000e-01 
2.1587253869e-11 1.1905479353e+04 6.9815667589e-01 6.7000000000e-01 
1.3730092348e-08 1.3176173657e+04 9.1331930216e-01 6.7000000000e-01 
3.1350383827e-10 1.1739822750e+04 5.2927475677e-01 6.7000000000e-01 
8.8269097185e-12 1.1452433855e+04 6.8015908767e-01 6.7000000000e-01 
4.6064359655e-10 1.4831726467e+04 6.9774433665e-01 6.7000000000e-01 
5.7938068464e-10 1.2608691641e+04 3.4024582147e-01 6.7000000000e-01 
2.8472655136e-08 1.3397183098e+04 5.4703103642e-01 6.7000000000e-01 
1.4721394444e-10 1.1321309838e+04 1.0815093600e+00 6.7000000000e-01 
8.6782847073e-09 1.3421378579e+04 1.0862482966e+00 6.7000000000e-01 
2.3500000000e-07 1.2738341783e+04 5.1419094012e-01 6.7000000000e-01 
3.4655331427e-09 2.0000000000e+04 1.1444504608e+00 6.7000000000e-01 
9.6264971028e-11 1.6090451072e+04 1.3472568839e+00 6.7000000000e-01 
6.0410645724e-10 1.1534008668e+04 7.2474734733e-01 6.7000000000e-01 
2.3499999999e-07 1.4645317259e+04 1.3146750021e+00 6.7000000000e-01 
1.3252454850e-08 1.1263382301e+04 8.7757245846e-01 6.7000000000e-01 
8.1543460566e-09 1.4557687324e+04 4.9067555157e-01 6.7000000000e-01 
2.3499999999e-07 1.2174510627e+04 8.2011935771e-01 6.7000000000e-01 
1.5642645816e-08 1.2208630190e+04 8.0043760133e-01 6.7000000000e-01 
2.3500000000e-07 1.4676750552e+04 1.7270203802e-01 6.7000000000e-01 
5.3915604187e-10 1.3397036927e+04 2.4723171499e-01 6.7000000000e-01 
3.8435392300e-09 2.0000000000e+04 9.5716274817e-01 6.7000000000e-01 
2.8429888034e-09 1.1331996992e+04 1.4690055551e+00 6.7000000000e-01 
7.0881205717e-12 1.9322627128e+04 1.1251445791e+00 6.7000000000e-01 
2.1790489462e-12 1.1817958030e+04 1.0101210568e+00 6.7000000000e-01 
1.4212037243e-11 1.3058267287e+04 6.3211840763e-01 6.7000000000e-01 
2.3499999999e-07 1.3115722910e+04 3.9622976024e-01 6.7000000000e-01 
1.9061952136e-11 1.2386468263e+04 1.2413992109e+00 6.7000000000e-01 
3.3284471560e-08 1.3508936715e+04 2.7772775012e-01 6.7000000000e-01 
2.3500000000e-07 1.2666553244e+04 3.3666316405e-01 6.7000000000e-01 
1.3459755457e-09 1.2206816192e+04 6.4994814264e-01 6.7000000000e-01 
9.6682442256e-13 1.3523529604e+04 1.1164913124e+00 6.7000000000e-01 
2.0993023412e-10 1.7609149186e+04 9.9134925048e-01 6.7000000000e-01 
8.9956135306e-10 1.2440025091e+04 8.3697356280e-01 6.7000000000e-01 
2.9683766664e-09 2.0000000000e+04 4.9835872402e-01 6.7000000000e-01 
2.4869879026e-09 1.1696037153e+04 1.2716234969e+00 6.7000000000e-01 
4.6984613040e-11 1.1311852640e+04 9.6461059839e-01 6.7000000000e-01 
2.1486057730e-08 1.2260179043e+04 6.9620338854e-01 6.7000000000e-01 
1.2879798315e-09 1.1242593014e+04 9.7305135203e-01 6.7000000000e-01 
2.3499999999e-07 1.3820944643e+04 1.2719081551e+00 6.7000000000e-01 
1.8492200855e-10 1.3446071404e+04 1.0724997379e+00 6.7000000000e-01 
6.3724546411e-08 1.4020089737e+04 1.3092304778e+00 6.7000000000e-01 
2.3499999999e-07 1.3089984950e+04 8.2695982848e-01 6.7000000000e-01 
2.3499999999e-07 1.5687048158e+04 6.1634172400e-01 6.7000000000e-01 
7.1618012328e-10 1.7118334411e+04 4.5693811658e-01 6.7000000000e-01 
2.3500000000e-07 1.3565709515e+04 9.3902029209e-01 6.7000000000e-01 
5.5976062072e-10 1.6971033400e+04 1.2573008473e+00 6.7000000000e-01 
1.6721890513e-08 1.4568180669e+04 1.2514078709e+00 6.7000000000e-01 
2.3500000000e-07 1.3849840225e+04 4.9191970742e-01 6.7000000000e-01 
2.3499999999e-07 1.3202916768e+04 5.2405546767e-01 6.7000000000e-01 
2.6815188459e-08 1.4411859086e+04 9.6625529151e-01 6.7000000000e-01 
1.8654845463e-09 1.2567160148e+04 2.9320191179e-01 6.7000000000e-01 
1.8520319621e-08 1.3043991874e+04 6.2635002396e-01 6.7000000000e-01 
2.2052413698e-10 1.2257060181e+04 7.6054511862e-01 6.7000000000e-01 
9.4054973812e-08 1.2565021103e+04 1.2225820427e+00 6.7000000000e-01 
4.4071938064e-08 1.3046166888e+04 1.0263217578e+00 6.7000000000e-01 
3.4059000595e-10 1.3016303084e+04 7.1462282579e-01 6.7000000000e-01 
7.3312304571e-09 1.8298213170e+04 2.2260442216e-01 6.7000000000e-01 
9.5227499166e-08 1.2360014645e+04 8.8487390228e-01 6.7000000000e-01 
4.7691655916e-10 1.1971053489e+04 6.7917000653e-01 6.7000000000e-01 
1.3444534982e-08 2.0000000000e+04 1.2980013307e+00 6.7000000000e-01 
2.3016344155e-09 1.1527877005e+04 4.8043190948e-01 6.7000000000e-01 
6.7420832930e-11 1.3421835234e+04 9.7159678715e-01 6.7000000000e-01 
3.1335589794e-08 1.1555802421e+04 6.4817305749e-01 6.7000000000e-01 
1.8157873422e-08 1.1730393024e+04 2.6333222232e-01 6.7000000000e-01 
2.3499999999e-07 1.2683679704e+04 6.0616979750e-01 6.7000000000e-01 
3.1336555279e-08 1.1424854472e+04 1.5301301267e+00 6.7000000000e-01 
7.8978021933e-10 1.1690554717e+04 5.4729488944e-01 6.7000000000e-01 
2.3499999999e-07 1.1977004525e+04 3.2399408601e-01 6.7000000000e-01 
8.1081897130e-08 1.1787570382e+04 9.5728246528e-01 6.7000000000e-01 
2.0685501908e-10 1.1349619322e+04 1.4362054143e+00 6.7000000000e-01 
1.0535927512e-08 1.3231341446e+04 1.4440104205e+00 6.7000000000e-01 
1.0386861279e-07 1.1211363211e+04 1.3936141254e+00 6.7000000000e-01 
3.8814987982e-08 1.6796181462e+04 4.0275154286e-01 6.7000000000e-01 
7.9426056638e-09 1.3953892830e+04 1.0269027389e+00 6.7000000000e-01 
5.9705698640e-10 1.3639578814e+04 9.4565080423e-01 6.7000000000e-01 
1.9273468838e-09 2.0000000000e+04 1.1584829700e+00 6.7000000000e-01 
2.3500000000e-07 1.3946874599e+04 8.4777933519e-01 6.7000000000e-01 
1.8168258637e-09 1.1320302510e+04 7.5999395061e-01 6.7000000000e-01 
1.0341959850e-11 1.2351474659e+04 2.3144533599e-01 6.7000000000e-01 
3.0552811698e-09 1.2241702538e+04 8.7256308986e-01 6.7000000000e-01 
2.3499999999e-07 1.1657453913e+04 7.6474378150e-01 6.7000000000e-01 
1.7173035929e-09 2.0000000000e+04 8.4750226638e-01 6.7000000000e-01 
1.3839954065e-09 2.0000000000e+04 5.8801722102e-01 6.7000000000e-01 
2.3500000000e-07 1.8045436740e+04 1.3229440056e+00 6.7000000000e-01 
1.0557635755e-09 1.5982069559e+04 7.1559667711e-01 6.7000000000e-01 
1.6295241195e-09 1.3481846115e+04 9.8223794950e-01 6.7000000000e-01 
3.8125200968e-11 1.1551123446e+04 5.2867432831e-01 6.7000000000e-01 
3.5747482633e-08 1.9990288779e+04 1.0890561152e+00 6.7000000000e-01 
1.4414569581e-09 1.3290793287e+04 6.6233243814e-01 6.7000000000e-01 
6.6435845599e-11 2.0000000000e+04 7.4983966139e-01 6.7000000000e-01 
4.1703708207e-10 1.1209863220e+04 6.4483652711e-01 6.7000000000e-01 
1.2175354405e-10 1.6091917024e+04 6.9497506455e-01 6.7000000000e-01 
1.7036316112e-10 1.3366928716e+04 7.2484775282e-01 6.7000000000e-01 
1.0983797357e-08 1.2148354200e+04 1.4933116545e+00 6.7000000000e-01 
2.1753349290e-07 1.3738299285e+04 1.4482036293e+00 6.7000000000e-01 
2.3499999999e-07 1.1755405740e+04 5.5204440642e-01 6.7000000000e-01 
1.6589747893e-08 1.2583383272e+04 5.8312371321e-01 6.7000000000e-01 
1.2548817821e-10 1.2966284542e+04 1.4133353501e+00 6.7000000000e-01 
2.0982844943e-08 1.1896443710e+04 1.0487386512e+00 6.7000000000e-01 
2.3500000000e-07 1.2546195264e+04 5.1143234282e-01 6.7000000000e-01 
2.3500000000e-07 1.2658751168e+04 8.5797407490e-01 6.7000000000e-01 
6.8957970571e-09 1.4803926164e+04 8.6789158644e-01 6.7000000000e-01 
5.5930392574e-09 1.2779527392e+04 8.2390655581e-01 6.7000000000e-01 
2.3500000000e-07 1.4141495236e+04 1.0156781832e+00 6.7000000000e-01 
1.7166975413e-08 1.3381058184e+04 2.1894476877e-01 6.7000000000e-01 
5.1571696414e-10 1.2970969841e+04 6.3476049649e-01 6.7000000000e-01 
2.1041017863e-09 1.6590314450e+04 9.5554653641e-01 6.7000000000e-01 
9.6797260589e-09 1.2192193744e+04 9.3241412966e-01 6.7000000000e-01 
3.2629499024e-10 1.2441779807e+04 1.1848852971e+00 6.7000000000e-01 
2.3499999999e-07 1.9733928616e+04 7.5964278502e-01 6.7000000000e-01 
1.6140594971e-08 1.5532524678e+04 8.4092548638e-01 6.7000000000e-01 
1.7510842541e-12 1.5147653669e+04 1.3502739021e+00 6.7000000000e-01 
5.1565384719e-09 1.2523780701e+04 1.2568979012e+00 6.7000000000e-01 
7.7854138045e-08 1.2064118625e+04 6.3703675506e-01 6.7000000000e-01 
1.7961436749e-10 1.8410232894e+04 4.7006095188e-01 6.7000000000e-01 
3.0623665913e-08 1.1278231694e+04 3.0943494732e-01 6.7000000000e-01 
7.9974889295e-10 1.1341285657e+04 5.1883686737e-01 6.7000000000e-01 
1.0279282065e-09 1.2852467600e+04 1.1466466963e+00 6.7000000000e-01 
6.4413884195e-08 1.4448478981e+04 8.2232509174e-01 6.7000000000e-01 
1.4639645709e-08 1.1375262510e+04 7.9568987676e-01 6.7000000000e-01 
3.1919710312e-08 1.4385484901e+04 6.9736128568e-01 6.7000000000e-01 
1.5054196205e-08 1.1775639856e+04 9.8682378936e-01 6.7000000000e-01 
2.3500000000e-07 1.3147461768e+04 9.9393479394e-01 6.7000000000e-01 
4.6000180670e-09 1.1562775112e+04 9.3171156959e-01 6.7000000000e-01 
3.6938131508e-08 1.1574004865e+04 1.0159122128e+00 6.7000000000e-01 
8.9458775114e-08 1.4485378603e+04 5.6749308321e-01 6.7000000000e-01 
1.7379155690e-11 2.0000000000e+04 5.5537509013e-01 6.7000000000e-01 
2.3499999999e-07 1.9635307929e+04 5.3882307797e-01 6.7000000000e-01 
2.8169704466e-10 1.3107901898e+04 1.1362744570e+00 6.7000000000e-01 
3.6809431525e-10 1.1427983456e+04 1.1170643446e+00 6.7000000000e-01 
2.3499999999e-07 2.0000000000e+04 1.1016820377e+00 6.7000000000e-01 
5.2170900749e-09 2.0000000000e+04 1.0436748164e+00 6.7000000000e-01 
1.4266671443e-07 1.4069833802e+04 1.1829702012e+00 6.7000000000e-01 
1.9852579563e-10 1.2018930216e+04 3.5186519836e-01 6.7000000000e-01 
2.5696371736e-09 1.1318035814e+04 7.1270670178e-01 6.7000000000e-01 
4.1735315238e-08 1.6506868604e+04 5.8645854551e-01 6.7000000000e-01 
3.7241956938e-09 1.2321181886e+04 6.4549398173e-01 6.7000000000e-01 
9.6665475164e-10 1.1995555785e+04 1.1787375815e+00 6.7000000000e-01 
9.8308159852e-08 1.1345041289e+04 6.3597183513e-01 6.7000000000e-01 
6.7346055450e-10 1.2034382588e+04 1.1829756950e+00 6.7000000000e-01 
1.4041756459e-08 1.1629420888e+04 5.4940273969e-01 6.7000000000e-01 
1.5129965593e-09 1.1580258973e+04 5.4682032863e-01 6.7000000000e-01 
9.3776420086e-11 1.3541546099e+04 6.4089345460e-01 6.7000000000e-01 
4.6754349317e-08 1.1268714619e+04 4.1552717523e-01 6.7000000000e-01 
2.2393986919e-10 1.1649346615e+04 8.8821900241e-01 6.7000000000e-01 
5.4645791372e-08 1.1388972047e+04 6.7552374840e-01 6.7000000000e-01 
2.3499999999e-07 2.0000000000e+04 1.0590873917e+00 6.7000000000e-01 
3.0753912905e-09 2.0000000000e+04 7.2774375638e-01 6.7000000000e-01 
2.3500000000e-07 1.1364372123e+04 4.6433762499e-01 6.7000000000e-01 
1.5096374439e-09 1.5660598409e+04 1.1482400680e+00 6.7000000000e-01 
2.7226623089e-09 1.4057348943e+04 8.1297482130e-01 6.7000000000e-01 
3.1504359877e-09 1.3625540711e+04 9.2276206703e-01 6.7000000000e-01 
9.6620175447e-09 1.2587398445e+04 1.3830643929e+00 6.7000000000e-01 
5.7751692780e-10 1.1425699441e+04 1.1218390113e+00 6.7000000000e-01 
6.1712646832e-11 1.4331919921e+04 3.7905227388e-01 6.7000000000e-01 
8.1549607435e-08 1.2234823904e+04 8.5700457070e-01 6.7000000000e-01 
3.0459877350e-10 1.5933151254e+04 3.1045471681e-01 6.7000000000e-01 
2.6826531860e-09 1.4136530867e+04 8.7695566862e-01 6.7000000000e-01 
2.5408904557e-08 1.3605236181e+04 7.2540278717e-01 6.7000000000e-01 
2.3084663039e-10 1.4479580201e+04 9.6508986466e-01 6.7000000000e-01 
2.1285454007e-10 1.1869858805e+04 5.0465367401e-01 6.7000000000e-01 
1.6912724356e-08 1.9355518585e+04 1.0330493201e+00 6.7000000000e-01 
1.3466442315e-09 1.6316048962e+04 1.4174719598e+00 6.7000000000e-01 
1.4512757137e-08 1.3584016176e+04 6.5091607143e-01 6.7000000000e-01 
1.1898251832e-10 1.9377912075e+04 1.2816393598e+00 6.7000000000e-01 
2.9187093279e-10 1.1267343166e+04 3.3487716858e-01 6.7000000000e-01 
2.3500000000e-07 1.4855638741e+04 1.0744498895e+00 6.7000000000e-01 
2.6215314648e-08 1.1901171799e+04 1.0626391309e+00 6.7000000000e-01 
1.2131647322e-08 1.1607319461e+04 1.0604165067e+00 6.7000000000e-01 
1.6892805897e-10 1.3635853160e+04 8.7724200907e-01 6.7000000000e-01 
2.0246271549e-08 1.1424168171e+04 8.3976158979e-01 6.7000000000e-01 
2.3500000000e-07 1.4573129946e+04 8.4660998978e-01 6.7000000000e-01 
1.4070634624e-08 1.1354247920e+04 9.3021787323e-01 6.7000000000e-01 
2.5033820595e-09 1.4553047676e+04 4.1397668242e-01 6.7000000000e-01 
4.5322171353e-08 1.2023861464e+04 3.6734788466e-01 6.7000000000e-01 
1.1578905912e-09 1.7820586897e+04 1.4038464907e+00 6.7000000000e-01 
5.7133685629e-10 1.2891467727e+04 4.7877229285e-01 6.7000000000e-01 
2.2179375298e-09 1.2705346434e+04 8.2534365905e-01 6.7000000000e-01 
8.3202438256e-10 1.1371507658e+04 8.2725943118e-01 6.7000000000e-01 
2.3499999999e-07 2.0000000000e+04 1.1366121348e+00 6.7000000000e-01 
4.3967399859e-09 1.2737782544e+04 7.0312979725e-01 6.7000000000e-01 
2.3500000000e-07 1.3100199305e+04 8.3369383884e-01 6.7000000000e-01 
6.3971962828e-10 1.2489246241e+04 4.0511187062e-01 6.7000000000e-01 
2.5591489209e-09 1.1352315292e+04 1.1205451405e+00 6.7000000000e-01 
1.7757222769e-07 1.1790048376e+04 7.0252986163e-01 6.7000000000e-01 
8.5960207776e-08 1.1238827360e+04 9.8569804778e-01 6.7000000000e-01 
