Mass [kg]        Velocity [m s-1]    Theta [rad]    CO2 [ frac]    
2.3499999999e-07 1.2912129373e+04 9.8444651832e-01 6.7000000000e-01 
4.5799759126e-09 1.4320141066e+04 4.0449390445e-01 6.7000000000e-01 
6.5410772275e-09 1.1204850246e+04 7.5429819110e-01 6.7000000000e-01 
1.0152005317e-10 1.4486415715e+04 3.7629794935e-01 6.7000000000e-01 
6.2308414882e-11 1.2036917224e+04 1.1227223981e+00 6.7000000000e-01 
1.9057926698e-08 1.3678068147e+04 5.8618844957e-01 6.7000000000e-01 
2.1825403092e-09 1.6081757409e+04 9.0866939754e-01 6.7000000000e-01 
1.8596670237e-10 2.0000000000e+04 7.3599546959e-01 6.7000000000e-01 
2.7820401309e-09 1.2448199030e+04 7.7549182082e-01 6.7000000000e-01 
3.8626853515e-12 1.1552162070e+04 9.5332613199e-01 6.7000000000e-01 
1.0572521938e-08 1.1385166314e+04 5.1574122844e-01 6.7000000000e-01 
2.5319428433e-11 1.2198849783e+04 6.3786964014e-01 6.7000000000e-01 
2.1732336513e-10 1.4282004377e+04 8.5720450661e-01 6.7000000000e-01 
6.5743446243e-11 1.9117096699e+04 1.0246719512e+00 6.7000000000e-01 
1.9205223137e-08 1.4961806673e+04 1.0418068882e+00 6.7000000000e-01 
6.5152265328e-08 1.1342618770e+04 3.6283368588e-01 6.7000000000e-01 
6.5360604206e-08 1.2140557839e+04 5.0649319560e-01 6.7000000000e-01 
1.8153438483e-10 1.3677068227e+04 4.1278005547e-01 6.7000000000e-01 
4.5897557854e-10 1.3836629205e+04 1.4138381168e+00 6.7000000000e-01 
2.3500000000e-07 1.2323821137e+04 4.3236709564e-01 6.7000000000e-01 
5.2052202869e-08 1.1371138192e+04 6.2322473045e-01 6.7000000000e-01 
8.9365828381e-11 1.1333044877e+04 3.3963151283e-01 6.7000000000e-01 
1.2781584425e-08 1.1340493068e+04 8.9286667997e-01 6.7000000000e-01 
6.6692234869e-11 1.3690340558e+04 7.5770472027e-01 6.7000000000e-01 
6.0758102167e-08 2.0000000000e+04 9.5553652466e-01 6.7000000000e-01 
4.2127632115e-10 1.5746692304e+04 1.4026329387e+00 6.7000000000e-01 
3.1508292995e-08 1.1793963657e+04 5.7813637248e-01 6.7000000000e-01 
1.0545960674e-09 1.3142310779e+04 2.4366467173e-01 6.7000000000e-01 
2.3500000000e-07 1.3098771707e+04 1.1675202549e+00 6.7000000000e-01 
3.9244778529e-10 1.1866088454e+04 1.2187997725e+00 6.7000000000e-01 
1.0299890198e-09 1.1664253262e+04 6.1310641869e-01 6.7000000000e-01 
2.3500000000e-07 1.4476753433e+04 2.1538646978e-01 6.7000000000e-01 
4.2613510527e-09 1.1418168419e+04 4.0913502396e-01 6.7000000000e-01 
5.5796376751e-10 2.0000000000e+04 1.4698098787e-01 6.7000000000e-01 
2.3499999999e-07 1.2951381984e+04 7.7157447325e-01 6.7000000000e-01 
1.2901961128e-09 1.3490221032e+04 7.4009652789e-01 6.7000000000e-01 
6.8936766681e-10 1.2610352067e+04 1.0397230566e+00 6.7000000000e-01 
1.5495803446e-09 1.1492706434e+04 1.1771156172e+00 6.7000000000e-01 
7.7559190666e-08 1.2727530690e+04 7.2560568014e-01 6.7000000000e-01 
7.6069118747e-10 1.4350641223e+04 1.5658229904e-01 6.7000000000e-01 
2.3500000000e-07 1.1466671137e+04 9.8928690547e-01 6.7000000000e-01 
1.3780984789e-08 1.2227340647e+04 3.3260797986e-01 6.7000000000e-01 
9.9426005769e-12 1.5526857929e+04 8.6672331844e-01 6.7000000000e-01 
9.1852833621e-08 1.1628226406e+04 8.3631970723e-01 6.7000000000e-01 
9.9463175568e-12 1.4837664033e+04 6.8477541713e-01 6.7000000000e-01 
5.7604787529e-09 1.2017966865e+04 6.4984663982e-01 6.7000000000e-01 
1.7228098255e-08 1.6519944872e+04 2.7271571927e-01 6.7000000000e-01 
6.6749665256e-10 1.1428180242e+04 1.2055665896e+00 6.7000000000e-01 
9.1043037929e-08 1.8981454581e+04 1.0773400520e+00 6.7000000000e-01 
6.1683665245e-12 1.2847556099e+04 8.6312748147e-01 6.7000000000e-01 
2.3499999999e-07 1.1771962723e+04 1.0454912770e+00 6.7000000000e-01 
2.8912051273e-10 1.1839940045e+04 7.2363863732e-01 6.7000000000e-01 
2.0595149551e-09 1.2423709397e+04 1.0682595068e+00 6.7000000000e-01 
2.3500000000e-07 1.3091557285e+04 3.6580917861e-01 6.7000000000e-01 
2.3499999999e-07 1.9623450787e+04 9.7361623721e-01 6.7000000000e-01 
2.2870833955e-08 1.2212618901e+04 1.0700488781e+00 6.7000000000e-01 
6.6260288211e-09 1.2048280952e+04 5.8940655918e-01 6.7000000000e-01 
1.5522153582e-08 1.4357847116e+04 7.5686515969e-01 6.7000000000e-01 
3.0012349219e-09 1.4469088755e+04 7.7733819590e-01 6.7000000000e-01 
3.0428349283e-09 1.1643250239e+04 1.1263520019e+00 6.7000000000e-01 
4.4810537715e-10 1.2639207677e+04 6.1057311468e-01 6.7000000000e-01 
9.1333130042e-11 1.1346262617e+04 1.3004583280e+00 6.7000000000e-01 
2.2843821923e-10 1.1828892223e+04 6.2812437846e-01 6.7000000000e-01 
1.2608191418e-10 1.4489936023e+04 5.8350216087e-01 6.7000000000e-01 
2.1109595551e-08 1.2922689513e+04 1.1238860455e-01 6.7000000000e-01 
2.3839518094e-09 1.6208031411e+04 8.1179735171e-01 6.7000000000e-01 
3.1959870511e-10 1.1246527497e+04 2.1891314320e-01 6.7000000000e-01 
5.3719651489e-11 1.2043276536e+04 9.6514539171e-01 6.7000000000e-01 
2.3500000000e-07 1.1763740371e+04 9.3451695756e-01 6.7000000000e-01 
8.7420199392e-09 1.1478036315e+04 1.0464437727e+00 6.7000000000e-01 
2.7750277341e-09 2.0000000000e+04 8.8990094222e-01 6.7000000000e-01 
7.1831459887e-10 1.6181107596e+04 3.1214434461e-01 6.7000000000e-01 
2.3499999999e-07 1.2024228260e+04 4.4276014978e-01 6.7000000000e-01 
2.2285144341e-08 1.2665393603e+04 6.3242216568e-01 6.7000000000e-01 
1.2146115164e-10 1.2270501054e+04 8.4556331188e-01 6.7000000000e-01 
2.3500000000e-07 1.5991644928e+04 7.0667870921e-01 6.7000000000e-01 
2.9667827514e-08 1.1541002091e+04 1.4792818122e+00 6.7000000000e-01 
2.3500000000e-07 1.2756293210e+04 8.2304472914e-01 6.7000000000e-01 
1.6220203378e-08 2.0000000000e+04 7.5518359591e-01 6.7000000000e-01 
2.3484978874e-07 1.3494295050e+04 5.5458288379e-01 6.7000000000e-01 
4.4728199700e-08 1.8068657137e+04 3.7279353638e-01 6.7000000000e-01 
4.5944126714e-08 1.4427406538e+04 1.1992633778e+00 6.7000000000e-01 
8.4906165127e-10 1.2728789117e+04 5.9812183846e-01 6.7000000000e-01 
9.1338699795e-10 1.3283096836e+04 7.1842213552e-01 6.7000000000e-01 
9.4869994478e-08 1.2998577028e+04 5.8996346734e-01 6.7000000000e-01 
9.3625176113e-10 1.8337255016e+04 1.0219247394e+00 6.7000000000e-01 
2.7686174579e-10 1.7294845117e+04 5.0570581981e-01 6.7000000000e-01 
1.6149842947e-08 1.1210953915e+04 1.1633952113e+00 6.7000000000e-01 
2.8096122733e-09 1.9209139828e+04 9.0690626674e-01 6.7000000000e-01 
7.8320467688e-11 1.1900512069e+04 1.0323352129e+00 6.7000000000e-01 
5.5842749887e-09 1.1678787017e+04 4.4953020881e-01 6.7000000000e-01 
1.0275652121e-09 1.3767182385e+04 4.4109883475e-01 6.7000000000e-01 
9.8659842854e-08 1.2062601742e+04 8.3459639759e-01 6.7000000000e-01 
3.6356465305e-08 1.9263735053e+04 6.8665562104e-01 6.7000000000e-01 
2.3500000000e-07 2.0000000000e+04 1.0740545684e+00 6.7000000000e-01 
4.1611476693e-09 1.5630168175e+04 9.6863984695e-01 6.7000000000e-01 
2.3500000000e-07 1.3347151029e+04 1.3557835175e+00 6.7000000000e-01 
1.5643097852e-08 1.3551816983e+04 2.3122271222e-01 6.7000000000e-01 
2.3499999999e-07 1.3895463867e+04 6.4443811357e-01 6.7000000000e-01 
1.0199763707e-09 1.5181423936e+04 3.7221829701e-01 6.7000000000e-01 
4.8452432439e-12 1.5071710154e+04 1.1063054767e+00 6.7000000000e-01 
2.3500540644e-10 1.5946967232e+04 1.4375038336e+00 6.7000000000e-01 
1.7758296635e-09 1.5305614511e+04 8.1968191690e-01 6.7000000000e-01 
1.0100798100e-09 1.1895548468e+04 7.9383467536e-01 6.7000000000e-01 
2.3499999999e-07 1.5519316737e+04 6.9355791367e-01 6.7000000000e-01 
2.6370575179e-10 1.2148194057e+04 2.1305828861e-01 6.7000000000e-01 
1.0821761373e-10 1.3898125018e+04 4.6210824018e-01 6.7000000000e-01 
5.2235722060e-10 1.3564048971e+04 1.0672212175e-01 6.7000000000e-01 
2.7189281773e-08 1.1332212333e+04 7.6238376419e-01 6.7000000000e-01 
2.0205914770e-09 1.1560527417e+04 8.3223036786e-01 6.7000000000e-01 
1.9453293928e-10 1.3465402148e+04 1.0674471284e+00 6.7000000000e-01 
2.6159009247e-08 1.2133729696e+04 8.0729266867e-01 6.7000000000e-01 
2.3499999999e-07 1.2272949883e+04 1.2967938951e+00 6.7000000000e-01 
3.5790790123e-11 2.0000000000e+04 8.4915534604e-01 6.7000000000e-01 
2.7141459332e-09 1.3898169073e+04 7.1438514524e-01 6.7000000000e-01 
1.2035570684e-10 1.5284241769e+04 1.0219067256e+00 6.7000000000e-01 
2.4107541686e-12 1.4054018119e+04 5.1354247767e-01 6.7000000000e-01 
8.4244164402e-11 1.1793456850e+04 1.1397460208e-01 6.7000000000e-01 
2.0271354813e-09 1.2740383451e+04 8.3565121448e-01 6.7000000000e-01 
3.4948167647e-09 1.2248855052e+04 4.2471469204e-01 6.7000000000e-01 
1.4865989052e-10 1.9995981929e+04 7.9394483830e-01 6.7000000000e-01 
2.3500000000e-07 1.2209139570e+04 8.1015164849e-01 6.7000000000e-01 
7.0084998102e-08 1.1430796975e+04 9.9673050497e-01 6.7000000000e-01 
8.4507018232e-09 1.1292749223e+04 9.9939241717e-01 6.7000000000e-01 
2.2161429043e-11 1.3159257112e+04 1.3141411556e+00 6.7000000000e-01 
8.0412752904e-08 1.6036406167e+04 7.4109487727e-01 6.7000000000e-01 
1.2318787506e-10 1.8084028994e+04 5.7783996102e-01 6.7000000000e-01 
3.8134219137e-10 1.1952947274e+04 7.8259173952e-01 6.7000000000e-01 
1.2645056079e-07 1.3148422126e+04 1.0507462796e+00 6.7000000000e-01 
2.1825261799e-09 1.4680049372e+04 3.5151046125e-01 6.7000000000e-01 
3.0494353957e-11 1.2412556818e+04 8.2659745169e-01 6.7000000000e-01 
1.1399273597e-10 1.6485807048e+04 8.4596739650e-01 6.7000000000e-01 
9.7192976917e-09 1.7389186777e+04 7.4356608123e-01 6.7000000000e-01 
2.3499999999e-07 2.0000000000e+04 4.8157001512e-01 6.7000000000e-01 
2.3500000000e-07 1.4106382262e+04 1.3995789109e+00 6.7000000000e-01 
1.3820583999e-09 1.2578221539e+04 1.2019517743e+00 6.7000000000e-01 
3.9457231379e-08 1.9148793876e+04 6.2062897360e-01 6.7000000000e-01 
4.0572978428e-09 1.3986013333e+04 9.8166970202e-01 6.7000000000e-01 
1.1262063160e-08 1.2099488999e+04 5.4365574415e-01 6.7000000000e-01 
2.8309487457e-10 1.1733626096e+04 5.5791015271e-01 6.7000000000e-01 
2.9568821815e-08 1.2483387048e+04 7.9838819398e-01 6.7000000000e-01 
2.3499999999e-07 1.2021503403e+04 1.2667708757e+00 6.7000000000e-01 
1.5789097742e-08 1.2085693906e+04 6.8370402570e-01 6.7000000000e-01 
2.3500000000e-07 1.6759307433e+04 5.5525115059e-01 6.7000000000e-01 
6.6018532284e-08 1.5076740050e+04 9.3101035730e-01 6.7000000000e-01 
8.4652513314e-10 1.3020041921e+04 6.7122097251e-01 6.7000000000e-01 
1.8844724805e-09 1.3347773967e+04 8.0813156952e-01 6.7000000000e-01 
2.7040987132e-08 1.2226520533e+04 5.0634012137e-01 6.7000000000e-01 
4.5788062015e-09 1.2304718655e+04 8.5054632986e-01 6.7000000000e-01 
5.6425174008e-08 1.1611124709e+04 1.2315635804e+00 6.7000000000e-01 
2.3499999999e-07 2.0000000000e+04 8.2114375173e-01 6.7000000000e-01 
2.3499999999e-07 1.1711488375e+04 1.0990767876e+00 6.7000000000e-01 
2.3499999999e-07 1.2343644663e+04 4.8772640844e-01 6.7000000000e-01 
9.3387564921e-09 1.3558310073e+04 9.4296401635e-01 6.7000000000e-01 
2.3500000000e-07 1.1458690424e+04 4.3528260051e-01 6.7000000000e-01 
2.2186196064e-09 1.5652127526e+04 7.1872434530e-01 6.7000000000e-01 
1.0179273989e-09 1.1437694559e+04 8.5327813808e-01 6.7000000000e-01 
8.1909817440e-10 1.5659570238e+04 3.7463825807e-01 6.7000000000e-01 
1.5792210288e-07 1.7490638267e+04 7.5557546178e-01 6.7000000000e-01 
2.5613043582e-09 1.3666461608e+04 1.0745476875e+00 6.7000000000e-01 
2.3499999999e-07 1.4738251480e+04 2.9604164536e-01 6.7000000000e-01 
9.3709236596e-09 1.1941303718e+04 6.4276713325e-01 6.7000000000e-01 
1.1350335322e-07 1.3803763049e+04 1.4993055279e+00 6.7000000000e-01 
4.8338306953e-08 1.3206833731e+04 1.4059788643e+00 6.7000000000e-01 
5.7118517337e-09 1.4488084740e+04 1.1304171125e+00 6.7000000000e-01 
2.3500000000e-07 1.1727926620e+04 1.7834601056e-01 6.7000000000e-01 
4.6442911502e-09 1.5847996750e+04 1.2928758141e+00 6.7000000000e-01 
4.9007926664e-11 1.7749833478e+04 1.1075352440e+00 6.7000000000e-01 
2.3500000000e-07 1.1573740030e+04 9.8718154691e-01 6.7000000000e-01 
1.6417344897e-11 1.4387224150e+04 1.4084290424e+00 6.7000000000e-01 
2.3499999999e-07 1.1328770669e+04 8.4080293258e-01 6.7000000000e-01 
3.8843381076e-10 1.7682949701e+04 4.7099435821e-01 6.7000000000e-01 
5.1652893158e-09 1.9426360203e+04 1.3285947312e+00 6.7000000000e-01 
2.9640245309e-10 1.4717614383e+04 6.1628700389e-01 6.7000000000e-01 
3.6068149672e-08 1.4058696742e+04 1.1642630918e+00 6.7000000000e-01 
2.6214918213e-09 2.0000000000e+04 7.1325400511e-01 6.7000000000e-01 
3.6541823071e-09 1.4672304768e+04 6.1518792759e-01 6.7000000000e-01 
2.3499999999e-07 1.6835485257e+04 8.5899545436e-01 6.7000000000e-01 
1.6211980637e-07 1.4072522624e+04 1.3123152890e+00 6.7000000000e-01 
2.5627293247e-10 2.0000000000e+04 5.8781522314e-01 6.7000000000e-01 
3.6397035772e-10 2.0000000000e+04 8.6173292373e-01 6.7000000000e-01 
1.1747641928e-07 1.8488368231e+04 9.6725425035e-01 6.7000000000e-01 
6.5852952651e-11 1.1974237707e+04 6.7780513327e-01 6.7000000000e-01 
3.2886991793e-10 1.3897073492e+04 7.1163464834e-01 6.7000000000e-01 
8.2524895796e-08 1.6541900834e+04 1.2231833052e-01 6.7000000000e-01 
3.4108628161e-12 1.3231168329e+04 1.2886823842e+00 6.7000000000e-01 
5.6439378435e-09 1.2337890018e+04 4.7329776393e-01 6.7000000000e-01 
1.0702668708e-07 1.8649493830e+04 1.1441596461e+00 6.7000000000e-01 
2.3499999999e-07 1.3986563089e+04 7.5270107025e-01 6.7000000000e-01 
5.2659459466e-11 1.1478888968e+04 1.2898020794e+00 6.7000000000e-01 
2.3500000000e-07 1.8125930850e+04 1.2944341289e+00 6.7000000000e-01 
1.0370472845e-09 1.4500158164e+04 1.1377266718e+00 6.7000000000e-01 
3.8734385194e-10 1.9134324311e+04 4.6322300129e-01 6.7000000000e-01 
3.3292850340e-11 1.1268209391e+04 2.6571162467e-01 6.7000000000e-01 
4.4708205999e-12 1.2921023647e+04 5.6777968111e-01 6.7000000000e-01 
2.5781345452e-11 1.4368931476e+04 1.1882353966e-01 6.7000000000e-01 
1.1442562339e-10 1.4326677868e+04 3.0249257698e-01 6.7000000000e-01 
5.3465058535e-09 1.7187119279e+04 1.0154746176e+00 6.7000000000e-01 
2.8545948132e-09 1.2630683991e+04 3.4104397684e-01 6.7000000000e-01 
5.4524685428e-08 1.4580517000e+04 4.2898192660e-01 6.7000000000e-01 
