Radius [m]       Fe Area [frac]    Max Temp [k]    
3.2857528344e-05 4.9437869544e-01 1.7853433733e+03 
3.2748407643e-05 1.0000000000e+00 1.4684765596e+03 
8.9219295587e-06 4.8636039571e-01 2.5820176519e+03 
2.9663394739e-05 1.0000000000e+00 1.6050416995e+03 
6.7300978992e-05 3.0383342204e-01 2.2271190692e+03 
1.9814649518e-04 3.8731736434e-01 2.4360127991e+03 
1.3479005377e-05 4.9165574406e-01 2.4780281629e+03 
1.3963345027e-05 4.8837651251e-01 1.7913816504e+03 
8.3219474961e-05 4.1583009346e-01 2.5691464325e+03 
2.7298195954e-05 4.5135281300e-01 2.4743529578e+03 
7.1021058075e-06 4.6789913136e-01 2.2933355576e+03 
1.2416226250e-05 4.8537515063e-01 1.7917612828e+03 
2.2346157274e-05 4.8794496293e-01 1.7891238746e+03 
1.2745056891e-05 8.5047042969e-01 1.6514698603e+03 
3.0209718159e-05 4.4657630785e-01 2.4598382518e+03 
1.9737604665e-05 7.2937825289e-01 1.6612987936e+03 
4.1385360417e-05 3.0430325436e-01 2.2337513175e+03 
7.6005618107e-05 4.0807138735e-01 2.4377336381e+03 
9.9585641664e-06 6.8829165837e-01 1.6699051351e+03 
3.1831340627e-05 3.1019999502e-01 2.2101103256e+03 
3.3669682876e-05 4.4647550625e-01 2.5232367007e+03 
1.4849400712e-05 3.1451507108e-01 2.0938252396e+03 
1.1804971730e-04 3.9159855044e-01 2.4976830789e+03 
1.3189738261e-05 4.6581314560e-01 2.3379795212e+03 
1.9327311027e-04 3.9612244989e-01 2.4231966719e+03 
2.1254670604e-05 3.7840186308e-01 1.9275215007e+03 
2.0248067976e-05 4.1746877571e-01 1.8972715614e+03 
6.2639782251e-05 3.0523578024e-01 2.1952643942e+03 
5.4900356924e-05 4.1367076047e-01 2.4050942938e+03 
9.6370787987e-05 4.1652263014e-01 2.5242102089e+03 
2.5308192434e-05 1.0000000000e+00 1.5550011722e+03 
8.4073370707e-05 5.5317951005e-01 1.7330448062e+03 
3.0967566838e-05 3.1597640180e-01 2.1486939358e+03 
1.6862356348e-05 4.6304701599e-01 2.3592851653e+03 
9.5405307238e-06 4.7468912878e-01 2.3338724289e+03 
1.5457237545e-04 3.9569353477e-01 2.5213514285e+03 
5.2180723648e-05 4.0111595899e-01 2.4177599088e+03 
3.1568623663e-05 5.8901429586e-01 1.7107663337e+03 
3.6644494439e-05 4.4373517449e-01 2.3531258725e+03 
1.0621730521e-04 3.9369594570e-01 2.4174791021e+03 
9.3098230760e-05 4.3877831098e-01 2.4348202010e+03 
6.5499816153e-06 4.9949256199e-01 2.3954412059e+03 
1.5243869447e-05 4.5762025317e-01 2.6546595302e+03 
1.0992320413e-04 3.9334319881e-01 2.5086094887e+03 
3.7200116598e-05 4.4204327776e-01 2.3552382165e+03 
2.0433497911e-05 4.9246499158e-01 2.3163395462e+03 
6.5744881751e-06 1.0000000000e+00 1.6496553627e+03 
2.6475727932e-05 4.4387094849e-01 2.4103839655e+03 
5.6240816127e-05 4.2497104202e-01 2.5633331632e+03 
1.8391832638e-04 6.3887101167e-01 1.9011630935e+03 
1.8599509315e-05 4.0488754910e-01 2.3113250188e+03 
2.6752992643e-05 3.2595444554e-01 2.1050218742e+03 
8.7161342884e-05 4.3030951839e-01 2.4716100715e+03 
3.1847270278e-05 4.5143473102e-01 2.4236983832e+03 
5.6329543117e-06 4.9082695688e-01 2.4886928910e+03 
2.8018716728e-05 4.4292526763e-01 2.4924500213e+03 
1.0400626912e-04 3.4072691591e-01 2.0570476066e+03 
1.8609344036e-05 4.5247456114e-01 2.3535760240e+03 
8.5205625294e-06 3.3500528490e-01 1.9612172455e+03 
4.0977067697e-05 4.3294756588e-01 1.8667098804e+03 
1.1056918813e-04 4.0630415198e-01 2.5677839004e+03 
5.7555689731e-05 1.0000000000e+00 3.0000000000e+02 
5.5032830090e-05 4.0575758326e-01 2.4468301647e+03 
6.1913749425e-05 1.0000000000e+00 8.9454278478e+02 
4.6648241016e-05 1.0000000000e+00 3.0000000000e+02 
9.0113468277e-05 4.1495285496e-01 2.4997585669e+03 
4.6394179418e-06 1.0000000000e+00 8.6791894395e+02 
4.0260887645e-05 3.2493529625e-01 2.1051882827e+03 
2.5209694192e-05 4.1161791229e-01 2.3149704063e+03 
7.5378915701e-06 4.7902853920e-01 2.5121490703e+03 
9.4676739719e-05 4.1612616734e-01 2.5302697080e+03 
4.1349190834e-05 4.5341515892e-01 2.4376987065e+03 
1.7409095502e-05 4.9293917998e-01 2.3371097181e+03 
8.7834736103e-05 4.0340625772e-01 2.5087863135e+03 
3.3618817952e-05 3.6260137328e-01 1.9642514973e+03 
8.5622080336e-06 4.8238444041e-01 2.6175549133e+03 
2.2914888965e-05 3.1827523203e-01 2.1823829806e+03 
6.7965388307e-05 3.1484401894e-01 2.1771409550e+03 
6.9991173110e-05 3.9199772995e-01 2.4350992879e+03 
3.8090814365e-05 1.0000000000e+00 3.5025313977e+02 
7.2249737435e-06 4.9153062078e-01 2.5508333156e+03 
5.6479217107e-05 3.2202679069e-01 2.3315397461e+03 
1.7285439706e-05 5.9415526081e-01 1.7076377325e+03 
2.4724373888e-05 4.1787585647e-01 2.3317829371e+03 
7.9703518225e-06 4.9128963791e-01 2.4450440495e+03 
1.3964729491e-05 4.6823966588e-01 2.4217941873e+03 
7.4553585376e-05 3.8623702273e-01 2.3660513969e+03 
8.3027776075e-05 1.0000000000e+00 3.2768087452e+02 
4.6378613086e-05 4.2759372799e-01 2.3851430261e+03 
1.1964454506e-04 4.0667725476e-01 2.5371679911e+03 
8.7585421760e-05 4.3313025326e-01 2.4615582909e+03 
5.1788993699e-06 4.9997828508e-01 1.7598183980e+03 
3.7973970887e-05 4.3146145169e-01 2.4744431630e+03 
2.1422230690e-05 4.6847120464e-01 1.8185781183e+03 
1.0842954811e-04 4.0529019532e-01 2.5816716856e+03 
9.8631094613e-06 1.0000000000e+00 1.5663693814e+03 
2.2395366809e-05 4.3261709997e-01 1.8696752039e+03 
4.6278227101e-05 3.0630615659e-01 2.1893403883e+03 
6.8938802000e-05 4.1102668844e-01 2.4174718289e+03 
4.0388857510e-05 3.2575448718e-01 2.1003253746e+03 
8.3566136323e-05 4.2079843667e-01 2.5278505032e+03 
6.8021452059e-05 4.0479490604e-01 2.3998769511e+03 
9.6072484550e-05 4.0911185521e-01 2.5397183121e+03 
9.7301226554e-06 1.0000000000e+00 1.2223582988e+03 
6.0882544285e-06 4.9489038747e-01 2.3176576199e+03 
7.1995898783e-05 3.6441276316e-01 2.2747593763e+03 
3.0849012964e-05 3.8284323607e-01 1.9618583519e+03 
3.5029111882e-05 4.4304418450e-01 2.5510419356e+03 
1.3450325259e-04 3.9355228217e-01 2.4772667689e+03 
9.1373677380e-05 1.0000000000e+00 4.2854159800e+02 
1.4062216382e-04 4.0873945181e-01 2.4722925840e+03 
8.4036107998e-05 3.5314192552e-01 2.3673078236e+03 
1.2662048300e-04 4.0386183516e-01 2.5409006265e+03 
7.1982452528e-06 4.9498036827e-01 2.4545098439e+03 
4.3493986363e-05 4.1724726850e-01 2.3750227124e+03 
7.9491619711e-05 3.9979579348e-01 2.4881198981e+03 
2.9206917532e-05 3.4691013707e-01 2.0474170812e+03 
9.2255768546e-05 4.1186602614e-01 2.5755061453e+03 
2.8042369803e-05 3.6176535027e-01 2.2225729587e+03 
7.2458746464e-05 3.5028738004e-01 2.3911843088e+03 
5.8494274802e-05 4.7403149610e-01 2.3602050984e+03 
4.4869975547e-05 4.3707408033e-01 2.4451163900e+03 
2.1503637041e-05 1.0000000000e+00 1.6000221636e+03 
5.4138614918e-05 4.2731946005e-01 2.5703306494e+03 
1.1669799696e-05 4.5546630004e-01 1.8275657499e+03 
8.1059769499e-05 4.1112216375e-01 2.4292756257e+03 
1.4944916392e-05 3.2063091399e-01 2.1429269987e+03 
3.8726429914e-05 3.0657319257e-01 2.2098370048e+03 
1.1746924349e-05 4.9963735952e-01 2.3977470233e+03 
5.7741331893e-05 3.2062756919e-01 2.3319247911e+03 
9.3575095057e-06 1.0000000000e+00 1.6264256898e+03 
1.1196849530e-05 4.8715107758e-01 2.3704335774e+03 
1.5367582668e-05 3.2446414739e-01 2.1764936032e+03 
2.4798366259e-05 4.4438634892e-01 2.3808047905e+03 
1.1184327781e-04 4.0539671728e-01 2.5722070867e+03 
4.6088367513e-05 3.0958858464e-01 2.1928321821e+03 
9.9757502035e-06 1.0000000000e+00 1.6214437791e+03 
2.6399640067e-05 3.1633420268e-01 2.2018253411e+03 
6.5290936468e-05 4.0864801530e-01 2.4584111198e+03 
3.0534277267e-05 3.3160618477e-01 2.1801045309e+03 
4.7851732745e-05 4.2927501685e-01 2.5802846622e+03 
6.3434013778e-05 3.1118736736e-01 2.2041558864e+03 
3.2394290670e-05 3.1492891639e-01 2.2468289359e+03 
1.0167687115e-04 3.5973380611e-01 2.3917828463e+03 
4.4932088908e-05 4.1725013614e-01 2.4441661476e+03 
4.8266194446e-06 1.0000000000e+00 1.4569568558e+03 
4.8920180309e-05 4.4019854802e-01 2.4858303703e+03 
5.7315373713e-05 4.1442934751e-01 2.4587461046e+03 
3.9105573067e-05 3.5434759665e-01 2.3442855416e+03 
2.3720519908e-05 3.1925385266e-01 2.1374314466e+03 
5.5633321018e-06 1.0000000000e+00 1.4808872895e+03 
9.2013364327e-06 4.8924546950e-01 2.3142831055e+03 
1.0343305882e-05 4.7043364377e-01 2.3005779355e+03 
1.1293084868e-05 3.4759378646e-01 2.0063204526e+03 
4.6026990518e-05 4.2923945543e-01 2.3730773402e+03 
6.0803636287e-05 3.3931467548e-01 2.3359923414e+03 
2.4102724049e-05 4.4704697710e-01 2.4919076319e+03 
6.3141374299e-05 3.3566955041e-01 2.3606190208e+03 
8.5168967093e-06 4.8198553958e-01 2.3546914732e+03 
3.2864968365e-05 4.2505913302e-01 2.3920923889e+03 
2.5265455724e-05 3.3448194264e-01 2.2581364821e+03 
1.9307753321e-05 4.6816912896e-01 2.4167091421e+03 
1.6193676968e-05 1.0000000000e+00 1.3651311603e+03 
1.8953298194e-05 4.5176256962e-01 1.8291433888e+03 
9.7949665489e-05 3.0360565842e-01 2.2372730190e+03 
7.9475757285e-05 4.2244634714e-01 2.3806384726e+03 
2.3488668946e-05 4.0481112593e-01 1.9224319325e+03 
5.8016941557e-05 4.1571298924e-01 2.5032012468e+03 
1.9144462348e-05 3.7977748079e-01 2.2893292584e+03 
8.7299804315e-05 3.9301716034e-01 2.4875509970e+03 
2.7756764349e-05 3.5804820048e-01 2.2379329045e+03 
2.1802931092e-05 4.5614759340e-01 2.3403648781e+03 
6.1340929916e-06 1.0000000000e+00 1.4568633780e+03 
4.2708311984e-05 3.2615153250e-01 2.0991640624e+03 
1.2321569416e-04 4.0043232340e-01 2.5657169116e+03 
2.2891214345e-05 3.9027873751e-01 1.9453199980e+03 
7.6769700512e-05 3.2372260817e-01 2.3018437197e+03 
5.4736275225e-05 4.2179663033e-01 2.5300654692e+03 
1.6857811330e-04 3.9406944305e-01 2.4842826509e+03 
5.9480774817e-05 3.5803462569e-01 2.3813537793e+03 
5.6303057742e-05 4.3076552460e-01 2.4578338495e+03 
1.3630918444e-05 3.2390821902e-01 2.1585777791e+03 
8.0075688256e-05 4.2004133583e-01 2.5432242771e+03 
1.7760429670e-05 1.0000000000e+00 1.3097648849e+03 
6.3768266736e-06 1.0000000000e+00 9.0020493597e+02 
9.6803776278e-05 3.2335475694e-01 2.1112235430e+03 
3.9662272193e-05 3.4461115938e-01 2.2693690453e+03 
2.3002531601e-05 3.7994737674e-01 1.9668736778e+03 
2.5744053412e-05 4.6194936534e-01 2.3045096342e+03 
1.2383329170e-04 4.1417855063e-01 2.3661484724e+03 
1.3362537302e-05 4.7029653023e-01 2.3382300071e+03 
9.2919286124e-05 4.0133638378e-01 2.4676977978e+03 
1.2922426349e-04 4.0252601003e-01 2.5447079274e+03 
5.3876038393e-05 4.3192584065e-01 2.5453407559e+03 
9.9099376617e-05 4.0528691611e-01 2.5404492721e+03 
2.5320370175e-05 3.7380285581e-01 1.9846902609e+03 
1.4699534651e-04 3.8905919621e-01 2.4507870979e+03 
3.2443645381e-05 1.0000000000e+00 1.5249048371e+03 
2.2006953294e-05 1.0000000000e+00 1.3627707852e+03 
1.1224309099e-04 4.0984338934e-01 2.5314702255e+03 
