Radius [m]       Fe Area [frac]    Max Temp [k]    
1.3396179539e-05 7.5299129208e-01 1.8427018051e+03 
6.3115836998e-05 6.1660032043e-01 2.5107686137e+03 
4.5268117024e-05 6.7926345275e-01 2.4345731981e+03 
1.2148033023e-05 6.0771032184e-01 1.9497619584e+03 
4.4960086407e-05 5.9330519487e-01 2.3880142525e+03 
7.3467675542e-05 6.0848948793e-01 2.5233600242e+03 
4.9150679460e-06 1.0000000000e+00 1.4600881253e+03 
2.0202079223e-04 5.3316122581e-01 2.3027449593e+03 
3.4942891668e-05 6.3298549696e-01 1.9092874838e+03 
1.0148216852e-04 7.9293771586e-01 1.7654700499e+03 
6.9874302772e-05 5.3663970949e-01 2.3692622017e+03 
4.5725944221e-05 1.0000000000e+00 8.1202635146e+02 
2.7603811722e-05 6.6173647284e-01 2.4670151209e+03 
6.0393856678e-06 1.0000000000e+00 1.3912991594e+03 
5.8565993648e-05 6.3320506742e-01 2.3753000707e+03 
2.4157003956e-05 7.5292637480e-01 1.8670664289e+03 
9.2846867229e-06 7.7357487084e-01 1.7652222916e+03 
9.2500416786e-06 1.0000000000e+00 1.6372053696e+03 
1.1265997370e-04 6.0030903394e-01 2.5242389428e+03 
2.2112503839e-05 6.7280427863e-01 2.3726994142e+03 
2.6343781292e-05 1.0000000000e+00 1.5797629724e+03 
5.7794346148e-05 6.3353515503e-01 2.5234849354e+03 
1.5093251567e-05 6.3736061178e-01 2.0343680309e+03 
1.2616978517e-05 6.9423059012e-01 2.3744412775e+03 
1.3254313182e-05 6.8369746800e-01 2.3099952835e+03 
1.0342695862e-05 6.9570284478e-01 2.3855270552e+03 
2.9342611356e-05 6.6811671037e-01 2.0340437644e+03 
3.6928866781e-06 1.0000000000e+00 3.0971803927e+02 
1.6811627446e-04 5.9150158369e-01 2.1989872950e+03 
6.6880025723e-05 6.1016942440e-01 2.5574873974e+03 
4.3935050928e-05 5.9258398105e-01 2.4068648487e+03 
1.4916540347e-05 6.6537382154e-01 2.3956666374e+03 
2.8224160388e-05 7.5610839623e-01 1.8412917704e+03 
3.6781567893e-05 6.4551371846e-01 2.1349145083e+03 
1.6138976095e-05 1.0000000000e+00 1.2861693459e+03 
2.8622663653e-05 6.4134791624e-01 2.4071965441e+03 
8.2743252670e-05 6.0718720447e-01 2.5209906927e+03 
3.7435537938e-05 6.5838813025e-01 2.1103730358e+03 
7.8930591417e-06 1.0000000000e+00 1.5630764864e+03 
1.2003645085e-04 5.7408792421e-01 2.5684985174e+03 
6.9497051995e-05 5.9210327011e-01 2.4805691988e+03 
8.8937359629e-05 5.9338122582e-01 2.5358341013e+03 
1.1573292207e-04 5.7358411830e-01 2.5735101054e+03 
3.1651815841e-05 5.3086140368e-01 2.3153690916e+03 
1.3255819695e-05 1.0000000000e+00 1.4418793692e+03 
1.4337831925e-05 6.7898974296e-01 2.4352642264e+03 
2.0748942695e-04 5.9694394736e-01 2.1898423386e+03 
2.5482523849e-05 6.2462472885e-01 2.0924626267e+03 
8.8997454127e-06 6.7752172493e-01 2.6523069265e+03 
8.6747118518e-06 6.7388085552e-01 2.6537529281e+03 
1.1743997396e-04 6.2294339158e-01 2.4028774537e+03 
3.8250727880e-05 5.8943180269e-01 2.2101280948e+03 
2.2465911101e-05 7.4694125212e-01 1.9070983091e+03 
2.4841066238e-05 6.4477008936e-01 2.4078956667e+03 
1.5209597556e-05 7.3435570717e-01 1.8956330817e+03 
1.0312340338e-04 6.8544121882e-01 2.0509640776e+03 
3.1635338868e-05 7.3906773819e-01 1.8400746405e+03 
6.8664958583e-05 5.4619325817e-01 2.3271568677e+03 
3.6853931693e-05 6.1779537724e-01 2.3860811510e+03 
5.1565761720e-06 6.9305076107e-01 2.3631598278e+03 
3.1878292316e-05 6.4073218297e-01 2.4717764397e+03 
3.2028469827e-05 6.4892353222e-01 2.4308134306e+03 
4.0929882180e-05 6.4757869694e-01 2.4411984540e+03 
3.8192212538e-05 6.3078191690e-01 2.5685631258e+03 
3.7266037418e-05 7.8606797186e-01 1.7714774787e+03 
6.0478459110e-05 5.2830046973e-01 2.2839143904e+03 
2.4242711290e-05 6.6601812020e-01 2.5286835446e+03 
1.1388267497e-04 5.3698508905e-01 2.3845405305e+03 
5.4855219188e-05 6.2646252235e-01 2.4976800111e+03 
1.1916514271e-04 1.0000000000e+00 4.0596589942e+02 
6.8656816095e-05 6.0363195769e-01 2.5080323416e+03 
1.2409354359e-04 5.7553485056e-01 2.5618700789e+03 
1.3483178194e-05 1.0000000000e+00 1.4963751346e+03 
8.6549708906e-05 5.9474670233e-01 2.5629209975e+03 
9.4191186652e-05 6.1021453474e-01 2.5235899959e+03 
6.6954326516e-05 6.0532260554e-01 2.4708055560e+03 
2.6211257707e-05 6.9371757932e-01 2.0374160049e+03 
5.0733660593e-05 5.5403110798e-01 2.3120989398e+03 
5.5927778709e-06 6.9085714386e-01 2.3456045937e+03 
4.6259609441e-05 6.3613815618e-01 2.5396196007e+03 
7.2320268498e-05 6.0674012979e-01 2.5033336372e+03 
6.3953664091e-06 6.9586841495e-01 2.4308181794e+03 
6.5363622509e-05 5.9806964548e-01 2.4817854967e+03 
1.4680531248e-05 7.4421973853e-01 1.8688698033e+03 
7.6382290047e-06 6.9562268521e-01 2.4380170236e+03 
5.5502431789e-05 5.7455930370e-01 2.3673200863e+03 
2.5883609731e-05 5.3498927942e-01 2.2883611072e+03 
7.1950079978e-05 6.5006332027e-01 2.3999288829e+03 
5.0825348769e-05 6.6718177623e-01 2.4611506623e+03 
1.7036273501e-05 1.0000000000e+00 1.5974885184e+03 
5.5568273591e-05 5.6219483530e-01 2.2402234475e+03 
3.9243503911e-05 6.4822596656e-01 2.5159399637e+03 
1.5320511153e-04 5.2832698901e-01 2.2835297753e+03 
7.7024264769e-05 6.2418356518e-01 2.4567265907e+03 
1.0483892185e-05 6.9615049161e-01 2.4313575452e+03 
1.6030835675e-05 6.6719861212e-01 2.4577022067e+03 
4.8155070247e-05 6.4623022143e-01 2.4087589639e+03 
7.2133781197e-05 6.6681712920e-01 2.0613229726e+03 
2.2313002046e-05 6.5660337753e-01 2.4753220377e+03 
5.2013071148e-05 6.1487649092e-01 2.4859311570e+03 
1.4026800133e-05 8.1316184973e-01 1.7227089964e+03 
7.9548536541e-05 5.3658865712e-01 2.2635585992e+03 
7.2204733094e-06 6.9664219529e-01 2.4218036442e+03 
1.2312157000e-04 5.6454582942e-01 2.5826903907e+03 
1.2305266002e-05 6.6846666844e-01 2.6295461558e+03 
2.0012070167e-04 1.0000000000e+00 1.3292602105e+03 
7.2643010367e-06 6.7880194053e-01 2.6697083950e+03 
1.4164559992e-04 5.7538270103e-01 2.5428528694e+03 
2.1999483799e-05 6.4576247286e-01 2.5567164929e+03 
1.3831744501e-04 5.9768117757e-01 2.5022932327e+03 
5.1131851297e-06 1.0000000000e+00 9.2289776953e+02 
8.0228570288e-05 6.1550440331e-01 2.1746852216e+03 
1.8194147707e-05 1.0000000000e+00 1.6009674294e+03 
7.3914019657e-05 5.3403879306e-01 2.4069278163e+03 
7.1633838730e-05 5.6583452135e-01 2.3484129778e+03 
1.3023967670e-05 5.9932170421e-01 2.2836029314e+03 
3.8274641606e-05 6.2259375035e-01 1.9444815665e+03 
1.1458849085e-04 5.1343286917e-01 2.3477519096e+03 
5.4356325804e-05 1.0000000000e+00 1.5190373421e+03 
3.2834332863e-05 7.1210452106e-01 1.9896134347e+03 
3.7134134331e-05 6.3302203780e-01 2.3866480738e+03 
1.4947448478e-05 8.1294863028e-01 1.7150112602e+03 
1.8493389043e-05 6.0372946407e-01 2.1278967101e+03 
2.6559531182e-05 6.1890629559e-01 2.1589804331e+03 
9.4574958930e-06 6.8652564800e-01 2.6055364255e+03 
5.7023438114e-05 8.2728374370e-01 1.7004983893e+03 
5.2876972593e-05 6.2612675609e-01 2.5331617263e+03 
3.3389050772e-05 6.3826080258e-01 2.5637616291e+03 
1.8552960966e-05 7.9036474283e-01 1.7529953773e+03 
2.9625471568e-05 6.4836873701e-01 2.4977940163e+03 
3.9680124629e-05 1.0000000000e+00 1.6481377907e+03 
2.6284413945e-06 1.0000000000e+00 1.1034273680e+03 
3.5521783046e-05 5.8484054858e-01 2.2155987057e+03 
2.2427691802e-05 6.5072027170e-01 2.3457956518e+03 
4.4078764012e-05 8.1114245730e-01 1.7204623704e+03 
5.0401809169e-05 7.2001128337e-01 1.8848148010e+03 
7.2289445060e-06 6.8814456128e-01 2.3291933920e+03 
3.0474167729e-06 1.0000000000e+00 3.0000000000e+02 
5.5091153554e-05 6.0855119376e-01 2.4611063756e+03 
2.5834018126e-05 1.0000000000e+00 1.3526450413e+03 
1.3838403722e-04 5.8531330751e-01 2.5272140650e+03 
2.0607217980e-05 8.3149171710e-01 1.6976073509e+03 
8.3462069898e-06 6.7450591511e-01 2.3288696268e+03 
1.7646473151e-04 5.9184607447e-01 2.4459013996e+03 
1.3427382386e-04 6.0785345861e-01 2.4858128708e+03 
1.1931969886e-04 5.7315624119e-01 2.5708720078e+03 
6.3372367408e-05 6.2011806640e-01 2.1702390688e+03 
3.2678412335e-05 5.3037995480e-01 2.3084228790e+03 
1.2836992786e-04 5.7278693182e-01 2.5629167771e+03 
1.8866620465e-04 6.0733550896e-01 2.3316239751e+03 
9.1190588558e-06 1.0000000000e+00 1.3845684453e+03 
4.5589139854e-06 1.0000000000e+00 1.4221016877e+03 
1.8441974123e-05 8.0879672131e-01 1.6969293175e+03 
2.6557424494e-05 6.1149582228e-01 2.1453556116e+03 
4.1101455922e-05 8.9177482507e-01 1.6586304205e+03 
4.2462957993e-05 5.7468985090e-01 2.2189718314e+03 
3.3384625900e-05 5.5828890039e-01 2.2037610687e+03 
7.5976675529e-05 5.9893736447e-01 2.5207587814e+03 
1.3971629931e-04 5.8864631803e-01 2.5193149404e+03 
4.0110743163e-05 5.6590461100e-01 2.3599539890e+03 
1.1298576613e-04 5.8777410257e-01 2.5481434349e+03 
7.1765442478e-05 5.9549095283e-01 2.5810728191e+03 
3.5877582595e-05 6.3231703822e-01 2.5341741429e+03 
1.1025351974e-04 5.9900514203e-01 2.5289522331e+03 
3.9798758185e-05 7.9002242182e-01 1.7530393922e+03 
1.2049002597e-04 5.8816464619e-01 2.5401171504e+03 
6.3928564862e-06 6.9270953765e-01 2.3581985419e+03 
7.5667496081e-05 6.2092231588e-01 2.4285451549e+03 
8.7415176132e-05 7.0248253631e-01 2.0289938059e+03 
1.0207492614e-05 6.4137127094e-01 2.0230453557e+03 
5.7513846650e-05 9.2581111988e-01 1.6515434910e+03 
1.7507269247e-05 6.8189191152e-01 2.3047938834e+03 
1.3247418704e-05 7.8681009468e-01 1.7130637595e+03 
7.1984552768e-06 6.9420032589e-01 2.4660671345e+03 
2.5923561847e-05 6.7790276363e-01 2.0245189057e+03 
6.6741107218e-05 5.1452042662e-01 2.3115755259e+03 
1.3241959651e-04 5.8814742249e-01 2.5281515399e+03 
4.7942878692e-05 5.4328929575e-01 2.3280748207e+03 
3.2366988512e-05 5.5846517837e-01 2.2133159453e+03 
9.0429429408e-06 6.8164464149e-01 2.4499722584e+03 
1.0311302803e-05 6.8800007267e-01 2.5843953617e+03 
1.4920514559e-05 6.6558085156e-01 2.3552804265e+03 
2.5660060753e-05 5.5946314776e-01 2.2185728400e+03 
2.7031577548e-05 6.4474009915e-01 2.4192943818e+03 
6.1670013095e-05 6.1214426667e-01 2.4522362250e+03 
9.6348639689e-05 6.3056739788e-01 2.4804425677e+03 
1.3366677941e-05 1.0000000000e+00 1.4229615496e+03 
1.4835235967e-04 5.8183279304e-01 2.5222665823e+03 
1.2625539435e-04 5.8853997522e-01 2.5335819739e+03 
7.1812745255e-06 7.6827841045e-01 1.7371893615e+03 
4.7426122189e-06 1.0000000000e+00 1.4549214426e+03 
7.6435925255e-05 6.1188765130e-01 2.5022065734e+03 
1.2433117928e-04 5.7133165978e-01 2.5694892852e+03 
5.8919029635e-05 5.4209827811e-01 2.3202261094e+03 
1.1230461512e-05 6.9663517575e-01 2.4079958049e+03 
6.1412106461e-05 6.0523671250e-01 2.4266365979e+03 
2.8268624431e-05 6.4187728273e-01 2.3858167197e+03 
1.5388617187e-05 6.8937090744e-01 1.8926874968e+03 
3.7471158148e-05 5.6203522194e-01 2.2420985648e+03 
3.4668593368e-05 6.3114528005e-01 2.1352389115e+03 
