Mass [kg]        Velocity [m s-1]    Theta [rad]    CO2 [frac]    
6.4535785023e-09 1.1399320544e+04 1.4320897956e+00 2.0000000000e-02 
2.4288404848e-10 2.0000000000e+04 8.4302920927e-01 2.0000000000e-02 
3.1185278819e-08 1.2380723436e+04 8.6802433389e-01 2.0000000000e-02 
8.2107871377e-10 1.4086096836e+04 5.0489657909e-01 2.0000000000e-02 
2.1449048287e-10 1.5330095135e+04 5.3513490711e-01 2.0000000000e-02 
2.9073097284e-10 1.7494707992e+04 7.9755142872e-01 2.0000000000e-02 
8.1920305727e-13 1.1726420001e+04 1.2115843858e+00 2.0000000000e-02 
1.8249332560e-08 1.8288552629e+04 2.5729952721e-01 2.0000000000e-02 
5.9496955104e-10 1.7423604447e+04 5.9851615182e-01 2.0000000000e-02 
3.3458113032e-10 1.1838614411e+04 4.0814910096e-01 2.0000000000e-02 
3.6661990953e-08 1.3434252041e+04 5.0440478824e-01 2.0000000000e-02 
1.5945961354e-10 1.1862556530e+04 1.0504978674e+00 2.0000000000e-02 
1.0935581535e-11 1.9877416002e+04 9.5855939803e-01 2.0000000000e-02 
9.7679613006e-10 1.4124655350e+04 1.1035581656e-01 2.0000000000e-02 
1.0003930221e-10 1.8562613844e+04 8.6245871255e-01 2.0000000000e-02 
8.1464729374e-09 1.1361340772e+04 5.9656173676e-01 2.0000000000e-02 
3.9935106211e-10 1.1463012157e+04 1.2642431366e+00 2.0000000000e-02 
1.2067105819e-07 2.0000000000e+04 1.0644419610e+00 2.0000000000e-02 
1.7554368233e-10 2.0000000000e+04 7.5925563808e-01 2.0000000000e-02 
2.3500000000e-07 1.1656225815e+04 7.1169281563e-01 2.0000000000e-02 
2.5289264280e-08 1.3660090091e+04 4.4514328741e-01 2.0000000000e-02 
5.6940216407e-09 1.4788996525e+04 5.7859059096e-01 2.0000000000e-02 
4.6778682922e-11 2.0000000000e+04 7.8847045652e-01 2.0000000000e-02 
1.9440788800e-09 1.2819175945e+04 1.1491589127e+00 2.0000000000e-02 
1.1154618584e-10 1.7478236649e+04 8.6268934752e-01 2.0000000000e-02 
7.6243904173e-11 1.1539925242e+04 1.2223475344e+00 2.0000000000e-02 
1.2420789336e-09 2.0000000000e+04 4.0817481158e-01 2.0000000000e-02 
8.6293772584e-11 1.8197709192e+04 1.3150548704e+00 2.0000000000e-02 
5.5155919540e-08 1.2178797846e+04 1.8056506381e-01 2.0000000000e-02 
3.9287695706e-11 2.0000000000e+04 7.0223906469e-01 2.0000000000e-02 
1.5861813308e-07 1.4318064612e+04 4.3715378429e-01 2.0000000000e-02 
2.3500000000e-07 1.3164752778e+04 7.8699027785e-01 2.0000000000e-02 
7.4329873933e-10 1.2051514187e+04 5.3160197593e-02 2.0000000000e-02 
1.4439968779e-08 1.3195352905e+04 2.1344664341e-01 2.0000000000e-02 
2.3500000000e-07 1.6876237459e+04 9.2356741142e-01 2.0000000000e-02 
2.3499999999e-07 1.6221735615e+04 3.7206012948e-01 2.0000000000e-02 
7.8324835675e-09 2.0000000000e+04 1.3327319854e+00 2.0000000000e-02 
1.0830200743e-10 1.2080251637e+04 8.2473784542e-01 2.0000000000e-02 
1.6714525976e-10 1.3329320568e+04 4.2116518453e-01 2.0000000000e-02 
2.3499999999e-07 1.2333836002e+04 6.5662904190e-01 2.0000000000e-02 
1.3656690947e-10 1.1418653772e+04 8.7121887296e-01 2.0000000000e-02 
5.4972130569e-09 1.3459728466e+04 3.6401271961e-01 2.0000000000e-02 
2.2738481425e-07 1.5330236684e+04 9.8127705002e-01 2.0000000000e-02 
2.3499999999e-07 1.1365444006e+04 1.3390560805e+00 2.0000000000e-02 
8.8962053278e-08 1.3150987094e+04 4.0628479789e-01 2.0000000000e-02 
4.7503625143e-08 1.4594566600e+04 9.8468174336e-01 2.0000000000e-02 
2.2884750779e-08 1.1304221378e+04 1.0744429465e-01 2.0000000000e-02 
2.3500000000e-07 1.9505491821e+04 1.8433317631e-01 2.0000000000e-02 
2.9848656089e-08 1.3089817654e+04 8.0844273497e-01 2.0000000000e-02 
2.3500000000e-07 1.2034811960e+04 8.5173832185e-01 2.0000000000e-02 
2.3499999999e-07 1.6025087991e+04 2.1423398847e-01 2.0000000000e-02 
1.4255059137e-09 1.2177131965e+04 6.1520510469e-01 2.0000000000e-02 
6.2434506425e-12 1.3613442484e+04 9.0368952570e-01 2.0000000000e-02 
4.0104099970e-10 1.4588266247e+04 1.2717632115e+00 2.0000000000e-02 
2.0040380742e-07 1.5868646546e+04 1.1627713036e+00 2.0000000000e-02 
2.3500000000e-07 1.4025522357e+04 1.0336023967e+00 2.0000000000e-02 
8.5070301515e-08 1.2878379790e+04 4.2636421650e-01 2.0000000000e-02 
6.1318138378e-09 1.4216743545e+04 1.0491839114e+00 2.0000000000e-02 
3.0089199703e-08 1.4760842881e+04 5.3552325766e-01 2.0000000000e-02 
6.7508389049e-10 1.3477297895e+04 4.7335054585e-01 2.0000000000e-02 
1.1669932664e-09 1.4811207832e+04 6.5179208911e-01 2.0000000000e-02 
6.5209838716e-10 1.2915047796e+04 4.7183142934e-01 2.0000000000e-02 
1.5273432468e-09 1.4862474772e+04 7.9131117833e-01 2.0000000000e-02 
5.8134505695e-08 1.2975566791e+04 6.8974666560e-01 2.0000000000e-02 
6.1691580895e-10 1.3838715603e+04 1.2559393578e+00 2.0000000000e-02 
2.2628806247e-09 1.5805400234e+04 2.9353306790e-01 2.0000000000e-02 
4.6469165064e-10 1.2725346852e+04 4.9195634729e-01 2.0000000000e-02 
1.8242518140e-08 1.4932815029e+04 1.4004157348e+00 2.0000000000e-02 
6.2315580586e-10 1.7148914282e+04 1.2111592943e+00 2.0000000000e-02 
1.4011252802e-07 1.2758209041e+04 1.0646199589e+00 2.0000000000e-02 
1.8159078121e-10 1.2561952872e+04 9.9567530208e-01 2.0000000000e-02 
2.4783059790e-08 1.3563601887e+04 9.4011930359e-01 2.0000000000e-02 
1.2766991036e-07 1.5500039230e+04 7.5118763621e-01 2.0000000000e-02 
1.5196784328e-07 1.7384222648e+04 6.4952837136e-01 2.0000000000e-02 
9.1332825519e-10 1.1495970285e+04 4.8058674583e-01 2.0000000000e-02 
3.8295107733e-08 1.3893522505e+04 7.0585994432e-01 2.0000000000e-02 
5.3288808909e-11 1.3250011983e+04 5.3304574400e-01 2.0000000000e-02 
2.3779164014e-09 1.2750631907e+04 1.2992888165e+00 2.0000000000e-02 
1.0386031342e-09 1.1586292667e+04 8.7583922200e-01 2.0000000000e-02 
2.3499999999e-07 1.1852419764e+04 1.2145807646e+00 2.0000000000e-02 
2.4720266085e-10 1.1566046318e+04 1.0031813763e+00 2.0000000000e-02 
3.3636239200e-11 1.2549767669e+04 8.3923159444e-01 2.0000000000e-02 
2.3499999999e-07 1.4702132203e+04 6.5598802125e-01 2.0000000000e-02 
1.1249917985e-09 1.2960078868e+04 1.0102857810e+00 2.0000000000e-02 
2.3499999999e-07 1.5306507997e+04 1.3952946827e+00 2.0000000000e-02 
2.3500000000e-07 1.2988190112e+04 3.9792903190e-01 2.0000000000e-02 
5.6873834524e-08 1.2803860571e+04 1.2884026709e+00 2.0000000000e-02 
5.0083137258e-10 1.2200422395e+04 1.2651245809e+00 2.0000000000e-02 
1.9486925953e-07 1.9664339410e+04 3.4098801068e-01 2.0000000000e-02 
3.6501934607e-13 2.0000000000e+04 7.4690881457e-01 2.0000000000e-02 
5.8539983077e-09 1.9368791080e+04 7.6080368256e-01 2.0000000000e-02 
3.2105087965e-08 1.4500356050e+04 5.8895237937e-01 2.0000000000e-02 
5.6304790393e-10 1.8620758433e+04 3.8836470967e-01 2.0000000000e-02 
4.8882433027e-10 1.6091915878e+04 1.2662091204e+00 2.0000000000e-02 
1.1154138797e-09 1.1668968063e+04 6.2356205614e-01 2.0000000000e-02 
6.0612160594e-10 1.2464669900e+04 5.0098546057e-01 2.0000000000e-02 
4.3196634514e-11 1.3155692384e+04 1.6720018046e-01 2.0000000000e-02 
3.3905578350e-09 1.1258454664e+04 3.5142957467e-01 2.0000000000e-02 
2.3500000000e-07 1.2469438907e+04 9.9910735391e-01 2.0000000000e-02 
4.7916025879e-09 1.7153291322e+04 7.2074059619e-01 2.0000000000e-02 
3.7056812730e-08 1.1934262562e+04 8.3368002760e-01 2.0000000000e-02 
2.0196910989e-07 1.7354252387e+04 6.3427967528e-01 2.0000000000e-02 
4.4413884979e-08 1.2090406213e+04 6.6040936128e-01 2.0000000000e-02 
8.6516336295e-09 1.4605487566e+04 1.4086143451e+00 2.0000000000e-02 
5.5145437507e-09 1.2853339905e+04 1.0684141105e+00 2.0000000000e-02 
8.3424568429e-11 1.2506738723e+04 8.2317980510e-01 2.0000000000e-02 
2.8455353733e-09 1.1977211228e+04 9.3529026720e-01 2.0000000000e-02 
2.3417258807e-07 1.5368189369e+04 6.5729911094e-01 2.0000000000e-02 
1.5192220427e-11 2.0000000000e+04 1.0033075761e+00 2.0000000000e-02 
4.1087034214e-11 1.1444766001e+04 1.1104534268e+00 2.0000000000e-02 
2.3499999999e-07 2.0000000000e+04 3.8418273958e-01 2.0000000000e-02 
7.3897114529e-12 1.2022847979e+04 7.3925790346e-01 2.0000000000e-02 
6.5269607264e-09 1.2684055736e+04 8.1212185259e-01 2.0000000000e-02 
2.9791558106e-09 1.2154225107e+04 1.2194838598e+00 2.0000000000e-02 
1.1856438397e-11 1.4203758695e+04 8.0429175616e-01 2.0000000000e-02 
1.4517113171e-09 2.0000000000e+04 3.7408870338e-01 2.0000000000e-02 
2.3593191296e-10 1.3030464636e+04 9.8232218119e-01 2.0000000000e-02 
1.8312072170e-08 1.4307161848e+04 1.1282690883e+00 2.0000000000e-02 
2.3499999999e-07 1.5976279222e+04 7.9213030768e-01 2.0000000000e-02 
6.2869383343e-08 1.1509574317e+04 4.3285402022e-01 2.0000000000e-02 
4.8450303373e-11 1.2089466619e+04 5.7136998665e-01 2.0000000000e-02 
4.8208395042e-08 1.4803930064e+04 4.2356570388e-01 2.0000000000e-02 
7.6517099374e-11 1.1554216610e+04 5.5119571319e-01 2.0000000000e-02 
4.5716832057e-10 1.4769699815e+04 9.5738988557e-01 2.0000000000e-02 
4.2721465607e-08 2.0000000000e+04 1.0837891123e+00 2.0000000000e-02 
1.4584819721e-08 1.2902265919e+04 1.3122621081e+00 2.0000000000e-02 
9.6404036542e-08 1.2405870353e+04 2.0722070260e-01 2.0000000000e-02 
2.3499999999e-07 1.1537488377e+04 7.6562203060e-01 2.0000000000e-02 
1.6309311154e-08 1.4704059109e+04 1.0520564133e+00 2.0000000000e-02 
2.3785613756e-09 1.3908224749e+04 5.0508426873e-01 2.0000000000e-02 
2.0480084743e-08 1.2336175433e+04 2.8544299301e-01 2.0000000000e-02 
7.0486475100e-09 1.3128683791e+04 1.2404086555e+00 2.0000000000e-02 
1.3080927479e-08 1.6052423707e+04 7.8394084907e-01 2.0000000000e-02 
1.3137305804e-10 1.6890745415e+04 8.2185571796e-01 2.0000000000e-02 
2.3169048160e-09 1.2526786829e+04 7.0539126453e-01 2.0000000000e-02 
5.3984798035e-10 1.3935619746e+04 5.4246933986e-01 2.0000000000e-02 
5.8403930178e-11 1.8621735737e+04 2.9778739537e-01 2.0000000000e-02 
3.4050647297e-10 1.1483001927e+04 1.0498777000e+00 2.0000000000e-02 
2.3500000000e-07 1.1471159079e+04 5.5739920814e-01 2.0000000000e-02 
5.9721621702e-10 1.3545494677e+04 6.3161369867e-01 2.0000000000e-02 
3.9270114236e-13 1.6354720493e+04 5.3570663257e-01 2.0000000000e-02 
1.7681329835e-09 1.1308866495e+04 2.3468669764e-01 2.0000000000e-02 
2.3499999999e-07 1.3882214438e+04 7.9451948475e-02 2.0000000000e-02 
7.5464772265e-11 1.2447263061e+04 7.2398864994e-01 2.0000000000e-02 
7.6813949988e-11 1.1203775837e+04 2.3458205838e-01 2.0000000000e-02 
6.9056871435e-08 1.5417681473e+04 1.2558482171e+00 2.0000000000e-02 
2.9567387209e-10 1.6891569665e+04 1.3992488399e+00 2.0000000000e-02 
2.3499999999e-07 1.3808980978e+04 6.5077885687e-01 2.0000000000e-02 
2.3499999999e-07 1.5289634270e+04 5.9605497785e-01 2.0000000000e-02 
1.3482544381e-11 1.1726231805e+04 1.0386139327e+00 2.0000000000e-02 
9.7532499310e-10 1.1621617638e+04 6.4767526238e-01 2.0000000000e-02 
1.0646332075e-08 1.2105657242e+04 1.0313195203e+00 2.0000000000e-02 
2.2861470643e-08 1.1531571967e+04 6.7774696932e-01 2.0000000000e-02 
1.2159316891e-09 1.4808752279e+04 1.2314710257e+00 2.0000000000e-02 
2.3077216362e-09 1.3373650909e+04 5.6357958764e-01 2.0000000000e-02 
2.3129241743e-11 1.1975251217e+04 1.4066449488e+00 2.0000000000e-02 
5.3291680878e-09 1.5455479190e+04 1.2025168917e+00 2.0000000000e-02 
1.4035247681e-08 1.2590939795e+04 1.2012424609e+00 2.0000000000e-02 
1.4467995523e-08 1.5246677020e+04 1.3719904803e+00 2.0000000000e-02 
9.9860668087e-09 2.0000000000e+04 1.3739289286e+00 2.0000000000e-02 
1.3739894373e-10 1.3515970587e+04 9.2902100309e-01 2.0000000000e-02 
1.2452797990e-08 1.2694688019e+04 1.4655835067e+00 2.0000000000e-02 
1.3180261687e-09 1.5380869233e+04 8.9578381858e-01 2.0000000000e-02 
7.5971059374e-10 1.3570011683e+04 4.2367081755e-01 2.0000000000e-02 
1.0482943320e-08 1.2256058381e+04 9.1659082612e-01 2.0000000000e-02 
1.0346670676e-09 1.1887710940e+04 4.0553802151e-01 2.0000000000e-02 
2.3499999999e-07 1.1769836443e+04 1.2741447520e+00 2.0000000000e-02 
9.8766695336e-09 1.4002267153e+04 6.8745325108e-01 2.0000000000e-02 
4.1830540297e-10 1.3980681862e+04 8.2363178359e-01 2.0000000000e-02 
7.4080095199e-09 1.3079969687e+04 7.2721636637e-01 2.0000000000e-02 
9.7589427897e-10 1.1532424587e+04 6.5355824851e-01 2.0000000000e-02 
1.4778314733e-11 1.1295930825e+04 1.5357670167e+00 2.0000000000e-02 
4.5334633123e-11 1.2508976638e+04 3.7396613966e-01 2.0000000000e-02 
8.3447375875e-12 1.6057256847e+04 1.1813154871e+00 2.0000000000e-02 
3.4436903996e-11 2.0000000000e+04 6.3248576662e-01 2.0000000000e-02 
4.7983151411e-10 1.4617875396e+04 1.4263283629e+00 2.0000000000e-02 
5.4284914683e-10 1.3560331283e+04 1.2597156173e+00 2.0000000000e-02 
2.3500000000e-07 1.2541971041e+04 3.4973816467e-01 2.0000000000e-02 
2.3499999999e-07 1.2229459954e+04 5.4820579104e-01 2.0000000000e-02 
6.3637625050e-11 1.1813215197e+04 1.4212496882e+00 2.0000000000e-02 
2.5176338129e-11 1.5947416775e+04 9.4245380285e-01 2.0000000000e-02 
2.8030264023e-10 1.1531606409e+04 4.7309123688e-01 2.0000000000e-02 
2.1407074477e-08 1.4342372511e+04 3.1396191948e-01 2.0000000000e-02 
3.6906277271e-08 1.2872804938e+04 9.4423375458e-01 2.0000000000e-02 
6.8842559528e-08 1.5830534788e+04 5.3780452510e-01 2.0000000000e-02 
1.4401987708e-08 1.5778521703e+04 5.0555741964e-01 2.0000000000e-02 
4.9346548473e-12 2.0000000000e+04 7.6799491926e-01 2.0000000000e-02 
2.5103038740e-11 1.7782418550e+04 5.9284021212e-01 2.0000000000e-02 
2.3500000000e-07 2.0000000000e+04 7.7609174284e-01 2.0000000000e-02 
1.2490446773e-08 1.1430865311e+04 9.7213911387e-01 2.0000000000e-02 
1.8157521071e-08 1.2607712375e+04 9.7164066510e-01 2.0000000000e-02 
1.8307847950e-07 1.1211523897e+04 4.8574343507e-01 2.0000000000e-02 
1.3281255038e-08 2.0000000000e+04 7.2165256166e-01 2.0000000000e-02 
1.0706896120e-07 1.1260990345e+04 7.2456120057e-01 2.0000000000e-02 
9.6021376359e-10 1.4455317726e+04 1.3638425645e+00 2.0000000000e-02 
1.2865620231e-10 1.4304441601e+04 5.4690347603e-01 2.0000000000e-02 
3.3496481794e-08 1.6395967497e+04 8.1244014052e-01 2.0000000000e-02 
1.0219947932e-08 1.4212038055e+04 1.5088378244e-01 2.0000000000e-02 
3.5132895566e-08 2.0000000000e+04 1.1003108830e+00 2.0000000000e-02 
2.3500000000e-07 1.6400086649e+04 1.1205963753e+00 2.0000000000e-02 
