Radius [m]       Fe Area [frac]    Max Temp [k]    
3.8955727526e-05 4.3226821376e-01 2.4993459832e+03 
1.5799130364e-05 4.6747846094e-01 1.8474488731e+03 
4.0472738893e-05 4.1258529146e-01 2.3482897477e+03 
1.6049943070e-05 4.7506896720e-01 2.4293788773e+03 
1.4383174869e-04 3.7216321820e-01 2.4962007049e+03 
2.0012149456e-04 1.0000000000e+00 3.0000000000e+02 
1.1932637624e-05 5.1669113633e-01 2.3860726704e+03 
3.4138709355e-05 4.2539791652e-01 2.3914173000e+03 
5.2081313809e-06 5.1103677752e-01 2.5106843762e+03 
5.6835885286e-05 4.3463381089e-01 2.4033050184e+03 
8.4842197165e-05 4.0088935185e-01 2.5070084741e+03 
2.6974092517e-05 1.0000000000e+00 1.1562487497e+03 
6.1150515097e-05 3.2619104701e-01 2.1177963831e+03 
2.7708238964e-05 3.7854886087e-01 2.1561787983e+03 
6.0433117085e-05 3.7245186049e-01 2.0046099879e+03 
1.1317191347e-05 4.8795443986e-01 2.6095837749e+03 
1.4051613754e-04 3.6842156462e-01 2.5091243864e+03 
9.5872944990e-06 7.6467446309e-01 1.6586995965e+03 
1.0268832839e-05 3.9107895865e-01 2.0649608549e+03 
1.4838085328e-04 3.8247774707e-01 2.4667390241e+03 
4.5442510585e-05 4.2038172900e-01 2.5392222131e+03 
4.8039356488e-05 3.2558269180e-01 2.1461323640e+03 
1.2610926477e-04 3.0832470094e-01 2.2392145472e+03 
3.4259276807e-05 4.6271808175e-01 2.3678252442e+03 
1.2755443925e-05 5.2432477817e-01 1.7785740425e+03 
1.1935253343e-05 4.7926830829e-01 2.2879089513e+03 
6.8228103546e-05 4.2917679541e-01 2.4705362096e+03 
5.3450100832e-05 3.3601067061e-01 2.0950149928e+03 
8.3709697803e-06 1.0000000000e+00 1.5396182287e+03 
2.8774574436e-05 3.5025121157e-01 2.2272069465e+03 
1.8208841895e-05 4.5524789706e-01 1.8584592974e+03 
1.4515864276e-04 3.6942116137e-01 2.5014434669e+03 
1.1504081325e-04 4.1575971903e-01 2.4323160977e+03 
1.2590200647e-05 6.5672611737e-01 1.6868633470e+03 
5.5751266095e-06 1.0000000000e+00 1.4421071463e+03 
8.8151750536e-05 3.8302827765e-01 2.5442032855e+03 
1.5369703118e-04 3.9702016875e-01 2.4265557663e+03 
1.7081717514e-05 1.0000000000e+00 1.3656174713e+03 
5.7553240069e-05 3.9668590621e-01 2.4074032827e+03 
9.0368094976e-05 3.8318434857e-01 2.5406069769e+03 
1.1662368634e-04 3.8354205930e-01 2.4693907757e+03 
7.0947912786e-05 4.2304852366e-01 2.3840779976e+03 
5.9154829815e-05 3.1175257874e-01 2.1608158917e+03 
1.0713445830e-04 3.9044292558e-01 2.5005216584e+03 
1.1997721402e-04 3.7642282227e-01 2.4403934627e+03 
7.2716149914e-05 3.8640036794e-01 2.4307079197e+03 
1.2891878030e-04 4.0777932436e-01 2.4322564928e+03 
5.2106651320e-05 3.9953643615e-01 2.3938890986e+03 
2.0493813808e-05 5.3867102359e-01 1.7615712637e+03 
1.9781526815e-05 3.4607818582e-01 2.1147410393e+03 
2.1302128826e-05 4.0420338497e-01 1.9444796247e+03 
3.0478144050e-05 5.6476337326e-01 1.7416128592e+03 
3.2516463640e-05 4.3666350997e-01 2.4495645601e+03 
5.4163446077e-05 3.6479645247e-01 2.0347273047e+03 
4.0583629454e-05 4.0611569565e-01 2.3836226843e+03 
2.2839622403e-05 1.0000000000e+00 1.2951150922e+03 
1.0652511607e-05 1.0000000000e+00 1.0016919761e+03 
2.3105917324e-05 3.5770287530e-01 2.0919662931e+03 
7.5439023588e-06 1.0000000000e+00 1.3824332395e+03 
6.9024211689e-05 4.6887584631e-01 2.3126680911e+03 
2.6437189523e-05 4.1127191074e-01 1.9516917375e+03 
1.6449957638e-05 3.8461438085e-01 1.9950840475e+03 
3.0298969360e-05 4.4851591934e-01 2.5197659919e+03 
1.5191141438e-04 3.7389480978e-01 2.4831388103e+03 
1.8548621181e-05 4.6395793864e-01 2.4095870895e+03 
5.4433145509e-06 5.1722382383e-01 2.3384403640e+03 
1.7934513589e-05 4.0347827281e-01 1.9463581577e+03 
1.1036779601e-04 3.9099910272e-01 2.4226696349e+03 
1.4538163123e-04 4.1790511827e-01 2.3959814012e+03 
1.0492854001e-04 3.7593917351e-01 2.5359781481e+03 
8.3052568212e-05 3.8563026836e-01 2.5037553051e+03 
6.5463232949e-06 5.0890049671e-01 2.2974067114e+03 
1.0019071465e-05 5.9099268424e-01 1.7330405919e+03 
1.2655797217e-04 3.8407677385e-01 2.4202576173e+03 
9.3693220244e-05 3.8434015792e-01 2.4998568236e+03 
4.1557974532e-05 3.6943322357e-01 2.2872301076e+03 
5.7925591393e-05 4.0457640472e-01 2.4444083455e+03 
8.4937377977e-06 1.0000000000e+00 1.3390039296e+03 
6.8061450362e-06 4.8630015648e-01 2.6638018979e+03 
4.4517069462e-05 4.2772917840e-01 2.3467662330e+03 
2.7895010430e-05 5.0365795211e-01 2.2448757723e+03 
9.3080395794e-06 1.0000000000e+00 1.3250903600e+03 
1.1758518413e-04 4.0031844101e-01 2.4537706732e+03 
1.0545658791e-04 3.7230166236e-01 2.4759564102e+03 
1.7689745009e-05 4.2426233287e-01 1.9204080351e+03 
6.2971383529e-06 5.1796556763e-01 2.3503468035e+03 
2.4251138459e-05 3.6241294766e-01 2.0358655472e+03 
8.3405754945e-05 3.6878489344e-01 2.0781819905e+03 
3.5827175178e-05 3.4338975723e-01 2.0694502765e+03 
2.0034411975e-05 4.3120999141e-01 1.9199087284e+03 
3.3735117852e-05 4.0769901771e-01 1.9300273751e+03 
3.7780783869e-06 1.0000000000e+00 1.4702398922e+03 
2.7381200917e-05 3.8958659974e-01 1.9702547222e+03 
1.8670916281e-05 5.3127006929e-01 1.7676701653e+03 
1.0298075166e-05 7.7558447410e-01 1.6570161948e+03 
9.0673413295e-05 3.0902101014e-01 2.2788134079e+03 
1.1120308217e-05 3.7363200826e-01 2.0902137462e+03 
2.5357966969e-05 4.5236163562e-01 2.5293987988e+03 
3.5494486178e-06 1.0000000000e+00 1.4929785232e+03 
7.7722665259e-05 3.8768406663e-01 2.4646951127e+03 
6.8652519351e-06 1.0000000000e+00 1.2435264460e+03 
6.8924386663e-05 4.6189036783e-01 2.4055480665e+03 
9.2791350414e-05 3.7643243507e-01 2.4533905218e+03 
1.0531453679e-04 5.8781408342e-01 1.7230766801e+03 
1.0932353563e-04 3.7619987342e-01 2.5297014974e+03 
1.7814301104e-05 5.4860012399e-01 1.7534495954e+03 
4.2941163976e-06 1.0000000000e+00 1.0058811070e+03 
2.4074006678e-05 4.4040554527e-01 2.3524471399e+03 
5.0827441496e-05 3.1316069442e-01 2.2794077381e+03 
1.2199109766e-05 3.7615720159e-01 2.0361821156e+03 
2.6302862136e-05 4.7996161325e-01 1.8274472146e+03 
1.0217913643e-05 1.0000000000e+00 1.5088762261e+03 
7.1212940916e-05 3.8903390781e-01 2.4339374947e+03 
8.8977995172e-05 3.1788785677e-01 2.2700238626e+03 
1.1366567614e-04 3.9130415278e-01 2.4255699047e+03 
5.9059968695e-06 5.0499333954e-01 2.2482013994e+03 
9.5071725882e-05 3.8864325146e-01 2.4310828518e+03 
2.6573959214e-05 3.2811649625e-01 2.1914454995e+03 
1.7788858211e-04 3.7369974744e-01 2.4460466342e+03 
3.0351608107e-05 4.3914726306e-01 2.4531889189e+03 
8.6656469207e-05 3.8879821628e-01 2.4782217806e+03 
3.9663839561e-05 4.7362358722e-01 1.8349694982e+03 
3.3269486673e-05 4.7772692497e-01 1.8351460908e+03 
2.9124291590e-05 4.9565558447e-01 2.2432856659e+03 
4.6305585607e-05 3.0799549119e-01 2.1843883346e+03 
3.4321129390e-05 3.2139885457e-01 2.2041647901e+03 
8.7994529621e-05 4.2906569295e-01 2.4401247376e+03 
4.6178184462e-06 1.0000000000e+00 1.0388946871e+03 
7.0057539746e-05 1.0000000000e+00 3.0000000000e+02 
4.7340743251e-05 4.0266618261e-01 2.3953253660e+03 
1.4799135386e-05 4.9397152617e-01 2.2437078478e+03 
2.3584201306e-05 4.4339170850e-01 2.3845978447e+03 
6.8168249105e-05 4.1109717223e-01 2.5111901686e+03 
1.6649194511e-05 4.7544036065e-01 2.3587338053e+03 
4.9950436882e-06 5.1781545273e-01 2.3708209911e+03 
4.4529240338e-05 4.0523069596e-01 2.3983289367e+03 
3.5250730039e-05 4.6946995650e-01 2.4431025243e+03 
2.3384935399e-05 4.4852742917e-01 2.4147301156e+03 
9.0928084345e-06 1.0000000000e+00 1.5218401580e+03 
6.6564145158e-05 3.4408029160e-01 2.3146845300e+03 
1.1186661201e-04 3.7463209709e-01 2.4850959505e+03 
2.3624134150e-05 4.6222706052e-01 2.3874788550e+03 
7.6175046617e-05 4.0952789039e-01 2.4714662182e+03 
5.8989351893e-05 3.8301179077e-01 2.4085353633e+03 
1.2460212940e-05 4.6880699663e-01 2.2942652481e+03 
2.0577601018e-05 4.5006276225e-01 2.3471206844e+03 
3.8108134605e-05 3.6376081901e-01 2.0253990760e+03 
1.6390363138e-05 1.0000000000e+00 1.6456738237e+03 
3.8458292827e-05 4.3093104371e-01 2.4608263033e+03 
2.0024377547e-05 4.6017011946e-01 2.4203777637e+03 
4.3460656317e-05 3.1803586604e-01 2.2878229279e+03 
7.5751463509e-06 1.0000000000e+00 1.5379872727e+03 
4.4790242244e-05 4.4434106112e-01 2.3717598560e+03 
2.9658507981e-05 4.0604373809e-01 1.9382983044e+03 
3.9948749405e-06 1.0000000000e+00 1.2409031162e+03 
4.3828570125e-05 4.1261035902e-01 2.4390947687e+03 
1.9729388311e-05 7.6986829712e-01 1.6608613871e+03 
7.8518915681e-06 1.0000000000e+00 1.4172525359e+03 
7.6915942280e-06 4.0221966957e-01 2.0110927252e+03 
6.6899797246e-06 6.3372727509e-01 1.7008511374e+03 
1.1375757851e-04 3.7165026057e-01 2.4866861133e+03 
3.9332479322e-05 3.0625137513e-01 2.1970946082e+03 
4.8826678892e-06 5.1480108676e-01 2.4065978662e+03 
7.7956600339e-06 1.0000000000e+00 1.5261519957e+03 
5.8404324539e-05 4.9737500423e-01 2.3036684976e+03 
4.6165137804e-05 3.0080744444e-01 2.2351684567e+03 
4.8304733601e-05 1.0000000000e+00 1.6048621573e+03 
6.0697701428e-05 3.2134912733e-01 2.1395028839e+03 
7.8171618322e-06 4.9054013391e-01 2.5417270024e+03 
2.2950705650e-05 4.1962822683e-01 1.9193495487e+03 
1.0661670353e-04 3.7403983159e-01 2.5378355615e+03 
2.4596831211e-05 3.9371062113e-01 1.9629197059e+03 
2.3467756054e-05 1.0000000000e+00 1.5680672934e+03 
1.0278755029e-04 3.8209473669e-01 2.4338333779e+03 
3.4290824408e-05 3.5034597903e-01 2.2865763621e+03 
5.3206152992e-06 5.1541350956e-01 2.3110480570e+03 
1.3819240560e-04 3.6903663711e-01 2.5101457717e+03 
1.7608035808e-05 4.1139546529e-01 2.2602800108e+03 
8.6708383006e-06 5.0993246969e-01 2.2711057297e+03 
2.6154885735e-05 3.4798024230e-01 2.0758196951e+03 
6.2998720233e-06 5.1814871057e-01 2.3537814537e+03 
7.4841290434e-05 3.6079958111e-01 2.0215765547e+03 
3.9726599188e-05 4.2510697478e-01 2.3596687899e+03 
6.8035059375e-05 4.0718543268e-01 2.4992942795e+03 
4.2612210828e-05 4.3041885289e-01 2.4404138296e+03 
7.0662061540e-06 4.8780348023e-01 2.6551736743e+03 
1.9910437743e-05 5.1478311804e-01 1.7937318377e+03 
6.3763406105e-06 1.0000000000e+00 1.4250222490e+03 
3.5931183019e-05 3.4469648765e-01 2.0915748569e+03 
2.3082772106e-04 3.0439651482e-01 2.1922245774e+03 
8.7434145686e-06 4.9380834169e-01 2.3232618137e+03 
9.3622929693e-05 3.7295281690e-01 2.4319792472e+03 
1.2559937323e-05 4.6290814605e-01 1.8694984512e+03 
4.1245743945e-05 4.1169121175e-01 2.3777913550e+03 
1.4481004789e-05 4.6751101500e-01 2.3641528260e+03 
6.5437545781e-06 1.0000000000e+00 1.4291779630e+03 
2.8788345760e-05 4.3265518008e-01 2.3544125958e+03 
8.3408566323e-05 1.0000000000e+00 3.0000000000e+02 
9.7550720329e-05 3.7350791004e-01 2.4944855058e+03 
5.4653061040e-05 4.0618651877e-01 2.4533228633e+03 
