Mass [kg]        Velocity [m s-1]    Theta [rad]    CO2 [frac]    
2.3216797345e-10 1.6286737574e+04 6.5557268830e-01 3.2000000000e-01 
1.5731579482e-11 1.2052717814e+04 1.2636411497e+00 3.2000000000e-01 
8.9863380979e-08 1.2958822784e+04 5.2715136428e-01 3.2000000000e-01 
3.7535606423e-09 1.7769036277e+04 1.1271797092e-01 3.2000000000e-01 
1.2584070851e-10 1.1528770181e+04 5.8365180156e-01 3.2000000000e-01 
1.3588056364e-09 1.4012486953e+04 3.1722444836e-01 3.2000000000e-01 
3.6374935050e-09 1.3416946247e+04 1.0301698840e+00 3.2000000000e-01 
1.6096781636e-10 1.2899888717e+04 7.9449713501e-01 3.2000000000e-01 
2.3499999999e-07 1.2161884901e+04 1.1385431823e+00 3.2000000000e-01 
4.4018838338e-10 1.2587790360e+04 5.5727406873e-01 3.2000000000e-01 
2.3499999999e-07 1.7053156832e+04 1.2280376039e+00 3.2000000000e-01 
2.4973148011e-09 1.1233588485e+04 7.6347378272e-01 3.2000000000e-01 
3.4088183064e-10 1.1833334013e+04 4.5147468406e-02 3.2000000000e-01 
1.3459677023e-11 1.5184764886e+04 1.1260727787e+00 3.2000000000e-01 
1.2964938579e-07 1.2779853901e+04 1.7428537732e-01 3.2000000000e-01 
2.5899978047e-09 1.6266978213e+04 1.1101082042e+00 3.2000000000e-01 
9.1964268006e-08 1.2545651802e+04 7.2461759633e-01 3.2000000000e-01 
2.3499999999e-07 1.2278983308e+04 8.2120717145e-01 3.2000000000e-01 
1.7730381078e-10 1.1553217983e+04 1.2301093320e+00 3.2000000000e-01 
2.2123809163e-10 1.4010054795e+04 1.2183383491e+00 3.2000000000e-01 
2.8997051239e-08 1.2660621963e+04 3.3073473728e-01 3.2000000000e-01 
6.2274548055e-09 1.3484310653e+04 1.2577082959e+00 3.2000000000e-01 
2.3500000000e-07 1.1835216931e+04 4.3580253306e-01 3.2000000000e-01 
2.3500000000e-07 1.3554170672e+04 6.7517684314e-01 3.2000000000e-01 
1.4191680226e-10 1.2062620918e+04 1.8290824061e-01 3.2000000000e-01 
1.1991102026e-08 1.7263248256e+04 3.5402054359e-01 3.2000000000e-01 
9.9542433513e-13 1.1583503116e+04 1.0061289050e+00 3.2000000000e-01 
4.5200615883e-12 1.5951048179e+04 1.3618981404e+00 3.2000000000e-01 
2.3500000000e-07 1.2499485280e+04 3.9133606119e-01 3.2000000000e-01 
1.9729525589e-09 2.0000000000e+04 1.3177532284e+00 3.2000000000e-01 
1.8199240601e-08 1.2162148555e+04 4.4631459596e-01 3.2000000000e-01 
3.7916794246e-09 1.3492743314e+04 5.6664927705e-01 3.2000000000e-01 
2.3500000000e-07 1.2667768907e+04 1.2480274273e+00 3.2000000000e-01 
4.9426833587e-08 1.1622891479e+04 7.7351234537e-01 3.2000000000e-01 
2.3500000000e-07 1.1608565561e+04 5.7011562528e-01 3.2000000000e-01 
7.3015222241e-10 2.0000000000e+04 1.0630848882e+00 3.2000000000e-01 
2.0028922043e-08 1.6512038882e+04 9.5230596146e-02 3.2000000000e-01 
1.1647551245e-10 1.6163106866e+04 6.4500217270e-01 3.2000000000e-01 
1.2894287643e-07 1.3577992894e+04 8.5045419172e-01 3.2000000000e-01 
1.3751017727e-11 1.2596145140e+04 9.3698330195e-01 3.2000000000e-01 
2.1472743172e-10 1.3515791142e+04 4.7807746707e-01 3.2000000000e-01 
2.6293240172e-08 2.0000000000e+04 1.3239943804e+00 3.2000000000e-01 
2.3500000000e-07 1.5251298137e+04 9.5104367428e-01 3.2000000000e-01 
1.8800440694e-09 1.3002565995e+04 9.3920754708e-01 3.2000000000e-01 
2.1930363216e-08 1.1200466303e+04 1.1113865656e+00 3.2000000000e-01 
1.4461267057e-08 1.2188201014e+04 5.0128843456e-01 3.2000000000e-01 
5.0597819320e-09 1.5139691571e+04 1.2826898250e+00 3.2000000000e-01 
2.3499999999e-07 1.3725453485e+04 2.9152330626e-01 3.2000000000e-01 
4.5774379221e-09 1.4802849236e+04 1.0484567340e+00 3.2000000000e-01 
1.1501921117e-07 1.2619978964e+04 4.3234088913e-01 3.2000000000e-01 
7.9584203800e-10 1.1598336234e+04 2.9615089041e-01 3.2000000000e-01 
6.8432562483e-11 1.1655912335e+04 6.6316469823e-01 3.2000000000e-01 
1.9944710505e-10 1.4741669415e+04 9.2403273385e-01 3.2000000000e-01 
2.7584122960e-09 1.1332043052e+04 1.1742138736e+00 3.2000000000e-01 
1.2802996129e-07 1.5060214926e+04 1.6412720495e-01 3.2000000000e-01 
2.3499999999e-07 1.6816281926e+04 9.7591248999e-01 3.2000000000e-01 
3.1026636883e-11 1.1668048387e+04 7.5234249031e-01 3.2000000000e-01 
1.1289724395e-12 1.1281638268e+04 4.0388440290e-01 3.2000000000e-01 
8.2032267699e-10 1.6295061195e+04 1.3246723593e+00 3.2000000000e-01 
5.5980985235e-12 1.2914877477e+04 1.1322880168e+00 3.2000000000e-01 
1.0580975688e-08 2.0000000000e+04 1.3388896636e+00 3.2000000000e-01 
3.3754320715e-10 1.5645288972e+04 7.6475699492e-01 3.2000000000e-01 
1.0779455109e-10 1.8249256490e+04 1.7354905830e-01 3.2000000000e-01 
1.1233964572e-07 1.1484835192e+04 9.0586537511e-01 3.2000000000e-01 
3.8228307880e-09 1.5005319248e+04 5.0471399339e-01 3.2000000000e-01 
1.1770310953e-10 1.2563272619e+04 5.9468326887e-01 3.2000000000e-01 
3.0340832209e-09 1.1476891751e+04 1.1661786454e+00 3.2000000000e-01 
1.7202220521e-07 1.1546809668e+04 7.7344732717e-01 3.2000000000e-01 
8.0279613115e-10 1.6282265430e+04 2.3875686728e-01 3.2000000000e-01 
4.4698338313e-12 1.1457300360e+04 1.5191839706e+00 3.2000000000e-01 
2.3500000000e-07 1.1500339125e+04 5.1017683870e-01 3.2000000000e-01 
1.7212929259e-09 1.5325290473e+04 9.7462765515e-01 3.2000000000e-01 
1.1422578848e-11 1.2603017222e+04 2.9478654516e-01 3.2000000000e-01 
3.6936896373e-09 2.0000000000e+04 1.2541564978e+00 3.2000000000e-01 
8.1380715354e-12 1.3522819617e+04 1.1121128115e+00 3.2000000000e-01 
2.4880532457e-10 1.2825354389e+04 5.8172143441e-01 3.2000000000e-01 
9.5043426626e-10 1.6413823813e+04 1.1273553022e+00 3.2000000000e-01 
2.3426117112e-08 1.2095412214e+04 1.3545024422e+00 3.2000000000e-01 
1.7989213873e-09 1.5501156970e+04 1.2122963856e+00 3.2000000000e-01 
4.5359483340e-10 2.0000000000e+04 2.4499123765e-01 3.2000000000e-01 
4.1122295329e-11 1.9548224469e+04 1.2834587208e+00 3.2000000000e-01 
1.8845351987e-12 1.1471829552e+04 3.3449827023e-01 3.2000000000e-01 
8.0248470813e-10 1.2150407873e+04 8.5793600859e-01 3.2000000000e-01 
8.8073549881e-09 2.0000000000e+04 1.1093199276e+00 3.2000000000e-01 
1.1091949166e-08 1.1740700964e+04 7.1956973977e-01 3.2000000000e-01 
7.5656719846e-12 1.2722501795e+04 4.8477469315e-02 3.2000000000e-01 
6.9305893391e-08 1.2053146234e+04 5.2974161317e-01 3.2000000000e-01 
3.8201524534e-08 1.7026703010e+04 1.3669961697e+00 3.2000000000e-01 
1.9143642886e-11 1.5406540524e+04 7.2102104076e-01 3.2000000000e-01 
1.1617783217e-08 1.7459247872e+04 3.9339991798e-01 3.2000000000e-01 
2.1176904630e-09 1.2994804874e+04 8.4083685623e-01 3.2000000000e-01 
5.0052349669e-12 1.5539804669e+04 8.8458738586e-01 3.2000000000e-01 
1.7280722351e-08 1.6596972348e+04 7.0390948427e-01 3.2000000000e-01 
3.4787635310e-08 1.1990797414e+04 8.2824677768e-01 3.2000000000e-01 
1.2336713103e-09 1.1441621899e+04 6.6640494923e-01 3.2000000000e-01 
9.8828537706e-08 1.3082402980e+04 9.5793843177e-01 3.2000000000e-01 
2.3499999999e-07 1.3195210442e+04 6.5327092470e-01 3.2000000000e-01 
1.6374161203e-09 1.2739465386e+04 1.1032377962e+00 3.2000000000e-01 
3.8357995445e-11 2.0000000000e+04 5.6840003002e-01 3.2000000000e-01 
2.9646976070e-09 1.2313253780e+04 5.2824511724e-01 3.2000000000e-01 
3.6486077895e-12 1.4421702121e+04 1.0424956031e+00 3.2000000000e-01 
4.0786627306e-10 1.2404553613e+04 4.0228368619e-01 3.2000000000e-01 
2.3499999999e-07 2.0000000000e+04 1.1133862107e+00 3.2000000000e-01 
2.0201697207e-09 1.1362320679e+04 7.3320217443e-01 3.2000000000e-01 
1.3852049101e-10 1.3351053200e+04 7.5373129664e-01 3.2000000000e-01 
2.0600351757e-09 1.2872556253e+04 5.9028642974e-01 3.2000000000e-01 
2.4854978801e-10 1.1819845956e+04 7.0171923439e-01 3.2000000000e-01 
6.2032131221e-08 1.4999398470e+04 1.2843279936e+00 3.2000000000e-01 
5.4539109417e-10 1.7788245545e+04 7.3534811310e-01 3.2000000000e-01 
1.3538705026e-08 1.3879587845e+04 1.3468612849e-01 3.2000000000e-01 
1.4065372510e-10 1.2841856330e+04 9.4568446825e-01 3.2000000000e-01 
5.6358073026e-09 2.0000000000e+04 1.2105516606e+00 3.2000000000e-01 
2.5149617540e-10 1.4422017219e+04 4.9411914692e-01 3.2000000000e-01 
2.3694020689e-11 1.4986290573e+04 7.9146920169e-01 3.2000000000e-01 
1.7091321162e-09 1.3485775900e+04 4.1745816986e-01 3.2000000000e-01 
3.2953082115e-10 1.3901913885e+04 8.9185607255e-01 3.2000000000e-01 
4.9384332631e-09 1.2671187788e+04 7.0617112715e-02 3.2000000000e-01 
3.1466066723e-10 1.1725914181e+04 4.6663175793e-01 3.2000000000e-01 
1.1675087535e-08 1.2654918890e+04 7.2042984289e-01 3.2000000000e-01 
6.3279844642e-09 1.1398826459e+04 6.9530626437e-01 3.2000000000e-01 
1.6565243138e-11 1.9791867682e+04 7.8749694152e-02 3.2000000000e-01 
2.3698449400e-09 1.2827129226e+04 1.1815872822e+00 3.2000000000e-01 
4.8041355951e-08 2.0000000000e+04 8.5621250326e-01 3.2000000000e-01 
9.0123171944e-10 1.1577960190e+04 1.2928443763e+00 3.2000000000e-01 
2.3499999999e-07 1.2580485084e+04 6.5263931959e-01 3.2000000000e-01 
5.9300330081e-08 2.0000000000e+04 3.2146620667e-01 3.2000000000e-01 
2.3499999999e-07 1.2534227169e+04 8.0679897439e-01 3.2000000000e-01 
1.2778503706e-09 1.2294132717e+04 3.9497117032e-01 3.2000000000e-01 
2.3499999999e-07 1.9191843641e+04 2.6997816065e-01 3.2000000000e-01 
5.9404576829e-10 1.1875847372e+04 9.5914434225e-01 3.2000000000e-01 
7.4539793329e-09 1.2024334811e+04 4.1808660639e-01 3.2000000000e-01 
2.3500000000e-07 1.3434545414e+04 3.5989050315e-01 3.2000000000e-01 
7.2720194386e-10 1.2303163946e+04 1.3363009750e+00 3.2000000000e-01 
8.7313832046e-11 1.2186073582e+04 2.2556581073e-01 3.2000000000e-01 
6.2691127360e-10 1.3170968011e+04 9.0359056097e-01 3.2000000000e-01 
6.0047994336e-11 1.2485329309e+04 4.9594243910e-01 3.2000000000e-01 
6.9379305760e-09 1.1443819834e+04 5.1269170794e-01 3.2000000000e-01 
6.8139759656e-10 1.7520715550e+04 6.8448066265e-01 3.2000000000e-01 
2.3500000000e-07 1.3280944940e+04 9.6152319939e-01 3.2000000000e-01 
1.7558677356e-09 2.0000000000e+04 9.4536555017e-01 3.2000000000e-01 
8.2034086829e-08 1.3659799119e+04 1.0232724203e+00 3.2000000000e-01 
4.4811929894e-10 1.1428708205e+04 9.7607693012e-01 3.2000000000e-01 
1.1833038520e-09 1.2167491723e+04 1.0099679074e+00 3.2000000000e-01 
2.3500000000e-07 1.1566226781e+04 6.6132375830e-01 3.2000000000e-01 
2.3500000000e-07 1.5677918140e+04 1.0470253283e+00 3.2000000000e-01 
2.3499999999e-07 1.3410404541e+04 4.7223661344e-01 3.2000000000e-01 
2.3500000000e-07 1.4225368868e+04 5.6306680200e-01 3.2000000000e-01 
2.3500000000e-07 1.4708844698e+04 8.5278791169e-01 3.2000000000e-01 
2.3500000000e-07 1.1411106355e+04 1.0422874161e+00 3.2000000000e-01 
2.3499999999e-07 1.1801375886e+04 7.2603994286e-01 3.2000000000e-01 
2.0820887047e-11 1.5594364891e+04 1.0584498932e+00 3.2000000000e-01 
2.1091810664e-10 1.1980680089e+04 3.1468332767e-01 3.2000000000e-01 
1.3965212831e-10 1.3240659537e+04 9.7023179967e-01 3.2000000000e-01 
2.3500000000e-07 1.2961022944e+04 6.1018726805e-01 3.2000000000e-01 
1.0897992681e-08 1.3994965568e+04 6.5234626548e-01 3.2000000000e-01 
3.2378781364e-11 1.1214819159e+04 1.0859797904e+00 3.2000000000e-01 
1.4411369017e-07 2.0000000000e+04 3.5785331119e-01 3.2000000000e-01 
3.9825386702e-09 1.1596258365e+04 3.2438221743e-01 3.2000000000e-01 
1.4383318135e-09 1.3584684934e+04 1.2922282255e+00 3.2000000000e-01 
1.2346134299e-09 1.4845940597e+04 2.7693100101e-01 3.2000000000e-01 
3.4695835710e-08 1.3000240834e+04 7.0117167665e-01 3.2000000000e-01 
2.3500000000e-07 1.3012433441e+04 4.4404214131e-01 3.2000000000e-01 
6.6709191441e-08 1.3777567333e+04 1.2078968551e+00 3.2000000000e-01 
3.0648861658e-09 1.5304361845e+04 7.9825819762e-01 3.2000000000e-01 
1.0238960728e-10 1.1824983082e+04 7.8725432153e-01 3.2000000000e-01 
1.0387064477e-10 1.8483122867e+04 5.8918671654e-01 3.2000000000e-01 
1.8863556501e-09 1.1681901685e+04 1.1743526316e+00 3.2000000000e-01 
3.8174576885e-10 1.8331687233e+04 1.0774053625e+00 3.2000000000e-01 
4.7207568799e-09 1.1374757883e+04 9.5646974981e-01 3.2000000000e-01 
7.1085042586e-08 1.4514590234e+04 9.6701908847e-01 3.2000000000e-01 
2.3500000000e-07 1.1523003603e+04 1.0656850756e+00 3.2000000000e-01 
4.4378231117e-09 1.1875949520e+04 9.6628475053e-01 3.2000000000e-01 
5.6289604819e-09 1.1492653743e+04 4.3736905878e-01 3.2000000000e-01 
2.3499999999e-07 1.4449682833e+04 5.5217107015e-01 3.2000000000e-01 
1.0656787397e-08 1.1932465205e+04 4.0308472267e-01 3.2000000000e-01 
2.4391175305e-08 1.5550127255e+04 5.8601606346e-01 3.2000000000e-01 
6.1067192712e-08 1.2543847922e+04 8.7691317242e-01 3.2000000000e-01 
1.3910198030e-08 1.5418632200e+04 1.5032347647e+00 3.2000000000e-01 
1.3174508557e-11 1.4028789950e+04 1.0273717927e+00 3.2000000000e-01 
1.5723513646e-08 1.4571023227e+04 8.0179028541e-01 3.2000000000e-01 
4.4987134066e-10 1.4370755898e+04 8.2218777602e-01 3.2000000000e-01 
3.7978605330e-11 1.2950939253e+04 1.6745986297e-01 3.2000000000e-01 
2.2472785635e-08 1.1257514954e+04 2.4008328835e-01 3.2000000000e-01 
2.3499999999e-07 1.6869570311e+04 6.3284333302e-01 3.2000000000e-01 
3.1512317617e-08 1.3198876474e+04 1.0360552921e+00 3.2000000000e-01 
3.5973442382e-10 1.4005809609e+04 1.1287752161e+00 3.2000000000e-01 
2.3500000000e-07 1.2078336365e+04 8.7504648652e-01 3.2000000000e-01 
5.9714658038e-08 1.2425879677e+04 3.6846391954e-01 3.2000000000e-01 
6.9321512196e-10 1.8242328918e+04 5.2642921664e-01 3.2000000000e-01 
2.3500000000e-07 1.2434313102e+04 1.5259149573e+00 3.2000000000e-01 
1.0593303484e-09 1.6301041891e+04 1.1213420736e+00 3.2000000000e-01 
1.0874268388e-09 1.6485204341e+04 1.1792440984e+00 3.2000000000e-01 
1.6993675666e-08 1.3290079573e+04 4.8093146208e-01 3.2000000000e-01 
1.6794957424e-07 2.0000000000e+04 4.3938984843e-01 3.2000000000e-01 
3.5152950821e-10 1.5158625464e+04 1.1126464040e+00 3.2000000000e-01 
2.3499999999e-07 1.4226857155e+04 7.8895845245e-01 3.2000000000e-01 
2.0039818944e-07 1.1315682648e+04 1.9320446013e-01 3.2000000000e-01 
6.4730562209e-08 1.6449054911e+04 6.8918204554e-01 3.2000000000e-01 
3.8987461802e-09 1.1375237531e+04 3.8777093862e-01 3.2000000000e-01 
3.4778137507e-09 1.3680103257e+04 8.9772769202e-01 3.2000000000e-01 
