Radius [m]       Fe Area [frac]    Max Temp [k]    
1.6144023449e-05 5.5003331946e-01 2.2774064087e+03 
8.1257178535e-06 1.0000000000e+00 1.1976159134e+03 
6.5878180560e-05 5.5930661267e-01 2.4644682850e+03 
9.6624822816e-06 5.8119369139e-01 2.3955984538e+03 
1.7608771773e-05 5.5156582196e-01 1.8201589620e+03 
2.7094039603e-05 5.4778319486e-01 2.3344644918e+03 
5.1008202554e-05 5.0635042973e-01 2.2912507832e+03 
1.9452931325e-05 4.9241369547e-01 1.9290738850e+03 
1.4035330763e-04 5.4602456838e-01 2.4115924307e+03 
2.7242043601e-05 4.4269238120e-01 2.1312665164e+03 
4.1924956835e-05 5.7887909328e-01 2.4104831947e+03 
4.8724277358e-05 4.3871583713e-01 2.1497093348e+03 
2.5178680356e-05 4.4790281141e-01 2.0790298675e+03 
7.7048188979e-06 1.0000000000e+00 1.5583170381e+03 
6.8743855704e-05 5.6099988560e-01 2.4933886469e+03 
3.0971050873e-05 5.5518935259e-01 2.2849305856e+03 
7.9650084007e-05 5.5470834741e-01 2.4465502429e+03 
1.0469830949e-04 5.5573362263e-01 2.4696146144e+03 
1.8214887416e-05 1.0000000000e+00 1.4811822738e+03 
2.0824796867e-05 6.1806375086e-01 1.7443807171e+03 
5.6788719538e-05 5.5359636261e-01 2.4315418564e+03 
6.5699934684e-05 4.4639970707e-01 2.1242200775e+03 
1.0237760919e-04 5.5598401088e-01 2.5016588369e+03 
6.8619077911e-05 5.6472524025e-01 2.4928119618e+03 
1.8733357819e-05 4.7722679649e-01 1.9711650753e+03 
1.2945332317e-05 5.8061808279e-01 2.4278965909e+03 
3.2379777862e-06 1.0000000000e+00 1.0767917793e+03 
5.3619064538e-06 1.0000000000e+00 1.0705972505e+03 
8.5000533144e-05 5.6057633188e-01 2.5077933654e+03 
2.6962512093e-05 5.7390865461e-01 2.2143158223e+03 
6.1086923306e-05 5.4515155897e-01 2.4075809456e+03 
3.7298561958e-05 5.4738254612e-01 2.3539942910e+03 
1.4922140111e-04 5.4422152595e-01 2.3799330864e+03 
9.1673939615e-05 5.4197212715e-01 2.4152150878e+03 
1.1211427957e-04 5.5388172533e-01 2.4916326789e+03 
1.0369131483e-05 5.8537815884e-01 2.2685356368e+03 
1.6737303869e-05 5.7739088946e-01 2.4488613003e+03 
1.5828589440e-05 5.3735763057e-01 2.2561251763e+03 
6.8301933815e-05 5.6146413383e-01 2.4500928463e+03 
7.7672696444e-06 1.0000000000e+00 1.4893693250e+03 
2.1286904863e-05 4.4688836532e-01 2.1465328670e+03 
2.4646805015e-05 5.8962708978e-01 2.2974696499e+03 
4.8698805030e-05 5.7130110195e-01 2.4686213049e+03 
4.3003481953e-05 4.5636498628e-01 2.2204374940e+03 
9.8844659091e-05 4.4137091317e-01 2.2300426234e+03 
5.9427970231e-05 5.4318797403e-01 2.3966749422e+03 
5.8994819470e-05 4.7609152893e-01 2.2026353940e+03 
5.8631758988e-05 5.6712616096e-01 2.5194878098e+03 
4.1015345732e-05 5.4849683165e-01 2.3106957255e+03 
7.3275383733e-05 5.5872771379e-01 2.4780501829e+03 
3.3210265461e-05 4.3924130288e-01 2.1544482541e+03 
1.4019429115e-05 6.3567219831e-01 1.7261715569e+03 
2.0896342758e-05 4.5415902492e-01 2.0774297226e+03 
4.9850339141e-05 5.1462232048e-01 1.8871062162e+03 
3.4403230504e-05 5.7290965984e-01 2.5077371085e+03 
2.9527612368e-05 5.7997809690e-01 2.4754744915e+03 
1.0177470380e-05 1.0000000000e+00 1.5929745106e+03 
3.3767462910e-06 1.0000000000e+00 1.2442306810e+03 
3.3299073040e-05 5.0328853862e-01 1.9200045689e+03 
5.7581541723e-06 1.0000000000e+00 1.2745612985e+03 
2.9200630476e-05 5.8471675795e-01 2.2541796233e+03 
2.0552900207e-05 5.4251719853e-01 2.2858585393e+03 
7.9079813780e-06 5.6998177168e-01 2.2719159988e+03 
1.1730771625e-04 5.4348330805e-01 2.4276249033e+03 
2.4828465383e-05 5.6149630890e-01 2.3655720588e+03 
1.7515574010e-05 4.9505081359e-01 1.9234753395e+03 
5.1750980683e-05 4.9560010123e-01 1.9263290296e+03 
1.1596861509e-04 5.4979244894e-01 2.4605414814e+03 
1.4321768162e-05 5.6441177750e-01 2.3300987550e+03 
5.3419716185e-06 1.0000000000e+00 3.0000000000e+02 
1.1333265053e-04 5.5335351965e-01 2.4953093095e+03 
3.0511147375e-05 5.4825884552e-01 2.2962776364e+03 
7.4563674625e-06 7.8598508919e-01 1.6603598078e+03 
1.7774287815e-05 5.8581912158e-01 2.2683100773e+03 
6.5227218665e-06 1.0000000000e+00 1.3800146730e+03 
2.2634596882e-05 4.5086549071e-01 2.0667694444e+03 
2.9599322160e-05 5.4368748666e-01 2.2679308026e+03 
1.0256193270e-04 4.8485953814e-01 1.9510035948e+03 
4.1622316932e-05 4.8131474894e-01 2.2026330757e+03 
4.6090205322e-06 5.9223838189e-01 2.3293756351e+03 
1.1988470699e-05 5.8382465991e-01 1.7975092608e+03 
4.0056122846e-06 1.0000000000e+00 1.3272805272e+03 
3.3493657573e-05 4.5369389018e-01 2.0504487798e+03 
1.0476543968e-05 5.9383394363e-01 2.3457225142e+03 
6.7540116204e-05 5.3055670928e-01 2.3793586922e+03 
6.3486250327e-06 1.0000000000e+00 1.6356524282e+03 
7.9893955659e-05 5.5171132995e-01 2.4501205229e+03 
7.9736380866e-05 5.5719988655e-01 2.2609184330e+03 
9.4903834418e-06 5.1619123267e-01 1.8858009667e+03 
1.2225780296e-05 5.8174362931e-01 2.4264749313e+03 
4.3047746165e-05 4.9285305603e-01 2.2877703910e+03 
5.5286392499e-06 1.0000000000e+00 1.6218282957e+03 
1.9586603074e-05 5.7605280299e-01 2.4131970183e+03 
8.2149863528e-05 5.4170455031e-01 2.3984294252e+03 
3.8628700306e-05 4.4276108710e-01 2.1126213651e+03 
8.1444734638e-05 5.5479014837e-01 2.4220150641e+03 
7.5426122363e-05 5.6308047834e-01 2.4927430029e+03 
4.2442242664e-05 4.5497487051e-01 2.0462904022e+03 
6.1893839124e-06 5.7729356539e-01 2.2276534793e+03 
4.5344978382e-05 5.2953426141e-01 2.3558266691e+03 
4.9921425837e-06 1.0000000000e+00 1.3987251515e+03 
2.6560727512e-05 4.4201917625e-01 2.1353367919e+03 
1.0921645598e-05 5.9610669592e-01 2.5509692588e+03 
4.5389237021e-05 4.3896526921e-01 2.1480230789e+03 
1.8574165565e-05 4.7560142703e-01 1.9729842298e+03 
3.9494208107e-05 5.3253920318e-01 2.3462005751e+03 
2.2433065155e-05 5.0176446347e-01 1.9112191494e+03 
8.1543484849e-05 5.5509305324e-01 2.3290507249e+03 
1.2010117357e-05 5.7100253158e-01 2.2949965218e+03 
3.5910522295e-05 5.5897210896e-01 2.4165934066e+03 
1.8281327340e-05 5.4962944554e-01 1.8206072108e+03 
1.4484810287e-05 5.8952896478e-01 2.2996288681e+03 
2.1183977079e-05 4.9670157534e-01 2.2527935347e+03 
1.0132674613e-05 5.3592345342e-01 1.8488841402e+03 
3.2114188811e-05 5.4280497901e-01 2.3388859950e+03 
2.4743552501e-05 4.4974799111e-01 2.0903652179e+03 
4.2132007409e-05 5.4346308104e-01 2.3761363131e+03 
2.4488853543e-05 4.6653700766e-01 2.0046380318e+03 
5.6463504510e-05 5.4311266878e-01 2.3756188560e+03 
6.2562282689e-05 4.7689040754e-01 2.3150225691e+03 
5.6007167764e-06 5.7108380178e-01 2.2191089783e+03 
4.7998159924e-05 4.6008511438e-01 2.0241643182e+03 
6.9777891610e-06 5.9556324430e-01 2.5383834076e+03 
3.1281713868e-05 1.0000000000e+00 1.5998718924e+03 
8.9473144546e-05 5.5953281729e-01 2.4896258038e+03 
5.0997884858e-06 5.9536986942e-01 2.5947685159e+03 
9.7175833539e-05 5.5749427564e-01 2.4725835344e+03 
3.6951637020e-05 4.7416674724e-01 2.2816165026e+03 
8.0522409706e-06 5.9142612219e-01 2.6514381356e+03 
3.0008744615e-05 4.9995739523e-01 1.9147056025e+03 
5.4131695436e-05 5.3673454569e-01 2.3787070490e+03 
6.4716754947e-05 5.6562725897e-01 2.5147913048e+03 
2.9142307949e-05 1.0000000000e+00 1.5481625752e+03 
1.5829728816e-05 5.0121522873e-01 1.9105708804e+03 
3.0694812812e-05 4.4635851039e-01 2.1024488464e+03 
1.3828775542e-05 5.3502835350e-01 1.8435652139e+03 
6.1038762809e-05 5.2479512827e-01 2.3751358484e+03 
1.2417996017e-05 5.7021114618e-01 2.3060537360e+03 
8.8168225080e-05 5.6003799268e-01 2.4538909316e+03 
7.8992173090e-06 5.9165506500e-01 2.3209515714e+03 
7.2621455495e-05 5.5656550412e-01 2.4074073929e+03 
2.6850098738e-05 5.5639639369e-01 1.8128799157e+03 
3.8087125538e-05 4.6356133469e-01 2.0129592015e+03 
1.1667418147e-04 5.5294375322e-01 2.4837117440e+03 
4.7027565625e-05 5.7308055693e-01 2.4534920676e+03 
6.6823828237e-05 5.6513240630e-01 2.5084106312e+03 
5.3686069692e-05 5.6867292143e-01 2.5070053831e+03 
5.3378141765e-05 5.6983837875e-01 2.4797422809e+03 
1.5018323001e-04 5.4332669062e-01 2.4308873755e+03 
1.1287796988e-04 5.5394930163e-01 2.4785970730e+03 
9.3488719792e-06 6.6529360571e-01 1.7110412447e+03 
2.1427993600e-05 4.6638510739e-01 2.0034994201e+03 
1.8315577037e-05 5.3549776151e-01 1.8432535146e+03 
7.9301755742e-05 5.6209277916e-01 2.4955413746e+03 
3.8978849132e-05 5.5673680557e-01 2.3858545068e+03 
1.0335869197e-05 1.0000000000e+00 1.3796419882e+03 
5.5340945995e-06 5.9497956133e-01 2.6280874349e+03 
5.1588752380e-05 5.2044927742e-01 2.3576356476e+03 
3.9889243202e-05 5.3195516865e-01 1.8506789954e+03 
2.1759304231e-05 5.5530352193e-01 2.3363166015e+03 
6.0365302976e-05 5.5330110725e-01 2.4162573847e+03 
7.4467388460e-05 5.6328567832e-01 2.5076962081e+03 
8.9997270031e-05 5.5029596766e-01 2.3563286960e+03 
2.6777087805e-05 5.5862402360e-01 2.3354047529e+03 
1.6173534164e-05 6.0519436460e-01 1.7526659155e+03 
8.9306325819e-06 5.6731372700e-01 2.2540298293e+03 
4.3834842577e-05 5.2069271718e-01 1.8724719946e+03 
1.7081210850e-05 5.6082768101e-01 2.2404841814e+03 
6.0152158354e-05 4.3857661858e-01 2.1572814104e+03 
5.3155819316e-05 5.6349630897e-01 2.4175011510e+03 
1.4965771197e-04 5.4344114454e-01 2.4262779412e+03 
5.8226380345e-05 4.4233148717e-01 2.2011249825e+03 
5.7212602972e-05 5.2444163731e-01 2.3703366780e+03 
4.9866106381e-05 5.6987987648e-01 2.5092719102e+03 
5.8315076180e-05 5.3902156441e-01 2.3898276250e+03 
2.6474154988e-05 5.7093118970e-01 2.4291773275e+03 
8.1507084451e-05 5.4966881083e-01 2.4140495454e+03 
7.7991789968e-05 1.0000000000e+00 3.0000000000e+02 
7.6525775497e-06 1.0000000000e+00 1.5477581106e+03 
3.8145119773e-05 5.6115190529e-01 2.3873771416e+03 
2.6330680791e-05 4.7280329519e-01 2.2183645009e+03 
1.1938397037e-05 5.1605953793e-01 1.8776746402e+03 
7.4392101768e-05 5.3914754236e-01 2.4185150167e+03 
2.2601061553e-05 5.8139497834e-01 2.5906124440e+03 
7.2698027776e-05 5.4762631763e-01 2.3701719225e+03 
2.5403714801e-05 4.9454816349e-01 1.9241341164e+03 
1.1364020075e-04 5.5358046318e-01 2.4614280777e+03 
6.8180375972e-05 5.5501115265e-01 2.4550799066e+03 
9.0188368997e-06 5.7837262604e-01 2.3218853346e+03 
2.0012149456e-04 1.0000000000e+00 3.0000000000e+02 
3.0109322338e-05 5.4431936689e-01 2.2720252530e+03 
3.2946175238e-05 5.3984755128e-01 2.2544875078e+03 
4.6356574212e-05 5.5420398061e-01 2.4090391871e+03 
5.7560317605e-06 5.9496154650e-01 2.6325901295e+03 
2.5273538416e-05 4.5916272497e-01 2.0481831796e+03 
5.9437158808e-05 5.6768104433e-01 2.4847575804e+03 
1.0933314200e-04 5.5246141865e-01 2.5022282288e+03 
2.3182238668e-05 5.7771224856e-01 2.4625863982e+03 
5.2951148890e-05 4.8209287723e-01 2.3236181935e+03 
4.3208444015e-05 5.4009309090e-01 2.3318763713e+03 
