Mass [kg]        Velocity [m s-1]    Theta [rad]    CO2 [frac]    
3.1788703889e-08 1.2593293961e+04 4.9317406638e-01 5.7000000000e-01 
5.7677739941e-11 2.0000000000e+04 6.4475612658e-01 5.7000000000e-01 
5.8987202910e-10 1.8143921460e+04 7.1389401293e-01 5.7000000000e-01 
5.6336936740e-11 1.2462936490e+04 1.1132498352e+00 5.7000000000e-01 
1.0232786646e-07 1.5490539069e+04 7.8369433422e-01 5.7000000000e-01 
1.1972446702e-10 1.3506897657e+04 6.0700896266e-01 5.7000000000e-01 
4.8234757330e-09 1.6243007071e+04 1.0115610274e+00 5.7000000000e-01 
4.9754899094e-11 1.2073962731e+04 1.1344752536e+00 5.7000000000e-01 
2.0721438870e-08 1.3471658788e+04 2.6809767653e-01 5.7000000000e-01 
8.0764111156e-12 1.2415292376e+04 9.0782197999e-01 5.7000000000e-01 
3.6819140642e-10 1.2967946116e+04 1.1703591099e+00 5.7000000000e-01 
1.6842306696e-08 1.1365502438e+04 5.3177754797e-01 5.7000000000e-01 
1.0098930037e-10 1.4899018451e+04 2.2594843844e-01 5.7000000000e-01 
1.1373802376e-10 1.1688009984e+04 8.4648183970e-01 5.7000000000e-01 
8.5724821093e-08 1.7441156853e+04 9.0860431185e-01 5.7000000000e-01 
2.0404455361e-07 1.2896193902e+04 1.1780509174e+00 5.7000000000e-01 
7.5747455528e-11 1.3490306721e+04 4.2449744469e-01 5.7000000000e-01 
2.8932816770e-10 1.4356314975e+04 9.9950011166e-01 5.7000000000e-01 
4.7601272877e-10 1.2322797440e+04 1.1250816789e+00 5.7000000000e-01 
2.3499999999e-07 1.1953311064e+04 2.3401385584e-01 5.7000000000e-01 
1.2706943386e-10 1.1332334312e+04 1.2705408430e+00 5.7000000000e-01 
5.9242656922e-09 1.3084732861e+04 1.2238000661e+00 5.7000000000e-01 
7.4807701368e-09 1.2059611308e+04 4.0019354465e-01 5.7000000000e-01 
2.3500000000e-07 2.0000000000e+04 1.3082616282e+00 5.7000000000e-01 
1.9548492045e-08 1.2118454644e+04 1.0056934718e+00 5.7000000000e-01 
4.6622264309e-08 1.3042845984e+04 1.3061731602e+00 5.7000000000e-01 
1.7882526245e-09 1.6517738636e+04 1.1600669486e+00 5.7000000000e-01 
3.8642539152e-09 1.2231453012e+04 8.1504102723e-01 5.7000000000e-01 
2.3500000000e-07 1.1558459696e+04 1.0533422615e+00 5.7000000000e-01 
2.1366967793e-11 1.2136586411e+04 9.4671907503e-01 5.7000000000e-01 
1.9064454063e-11 1.1356347600e+04 9.0662264568e-01 5.7000000000e-01 
8.7068620367e-09 2.0000000000e+04 4.1709248367e-01 5.7000000000e-01 
2.6228345011e-11 1.7082475063e+04 5.8045321807e-01 5.7000000000e-01 
7.6422934182e-09 1.1396684603e+04 8.9399101704e-01 5.7000000000e-01 
8.2158248502e-09 1.1607756218e+04 2.8256224682e-01 5.7000000000e-01 
6.4063563974e-08 1.1279135510e+04 1.1384628678e+00 5.7000000000e-01 
9.5836831399e-13 1.2857114041e+04 9.1333134795e-01 5.7000000000e-01 
4.7346153869e-08 1.1469780964e+04 6.6558052072e-01 5.7000000000e-01 
4.8779250883e-09 1.1313245344e+04 7.1196312726e-01 5.7000000000e-01 
1.0041957606e-07 1.1969719598e+04 1.4561424120e+00 5.7000000000e-01 
2.2778027999e-11 1.5175851498e+04 5.6373338239e-01 5.7000000000e-01 
1.3002403716e-08 1.2123222940e+04 7.7984745422e-01 5.7000000000e-01 
3.8227707271e-10 1.9740413089e+04 9.3817640517e-01 5.7000000000e-01 
6.4899014849e-10 1.1275264264e+04 6.7746416404e-01 5.7000000000e-01 
2.3500000000e-07 1.7020119167e+04 1.1504672019e+00 5.7000000000e-01 
1.0598059699e-10 1.3259599728e+04 9.7550539536e-01 5.7000000000e-01 
7.2871990114e-09 1.2568444015e+04 7.9304053779e-01 5.7000000000e-01 
3.7170808292e-09 1.1564015021e+04 3.4047971423e-01 5.7000000000e-01 
5.2564713343e-08 1.5008299759e+04 9.9436346417e-01 5.7000000000e-01 
3.4696225567e-09 1.2034177048e+04 1.2600512881e+00 5.7000000000e-01 
1.5713825280e-09 1.2436100028e+04 7.6312474882e-01 5.7000000000e-01 
3.1955534173e-08 1.1721189309e+04 4.1394395044e-01 5.7000000000e-01 
1.1539486266e-12 2.0000000000e+04 1.0169246269e+00 5.7000000000e-01 
8.2952724577e-10 1.2665911199e+04 3.5116365438e-01 5.7000000000e-01 
2.2811091969e-09 1.8208974142e+04 8.8798219898e-02 5.7000000000e-01 
2.0268741318e-09 1.2728559382e+04 6.9310080513e-01 5.7000000000e-01 
5.2452594409e-12 1.8824028914e+04 8.0552513571e-01 5.7000000000e-01 
2.6654274645e-11 1.7689694954e+04 8.3296874422e-01 5.7000000000e-01 
6.3021975913e-09 2.0000000000e+04 3.7735708658e-01 5.7000000000e-01 
9.3315507897e-11 1.4734594161e+04 8.5559352225e-01 5.7000000000e-01 
9.8596061107e-10 1.7916929332e+04 5.6413918480e-01 5.7000000000e-01 
1.0922791130e-08 1.2455020103e+04 1.3288635541e+00 5.7000000000e-01 
9.0434313078e-10 1.5668421440e+04 7.4338805222e-01 5.7000000000e-01 
1.3126884604e-09 1.6891064153e+04 1.6953688213e-01 5.7000000000e-01 
2.4937378760e-10 1.4404522877e+04 5.5240741815e-01 5.7000000000e-01 
2.1354504967e-10 1.1268787162e+04 7.2108675213e-01 5.7000000000e-01 
1.0658367745e-07 1.2174513447e+04 1.2892348122e+00 5.7000000000e-01 
1.1746655793e-10 1.1358849121e+04 1.5499491235e-01 5.7000000000e-01 
2.3500000000e-07 1.3815941865e+04 1.2077776896e+00 5.7000000000e-01 
5.1319235613e-08 2.0000000000e+04 1.0324231177e+00 5.7000000000e-01 
1.2897874382e-10 1.2695200293e+04 8.5451859901e-01 5.7000000000e-01 
6.5899637830e-08 1.3739298994e+04 6.7330558399e-01 5.7000000000e-01 
1.0799225516e-08 1.4160852312e+04 2.2061510061e-01 5.7000000000e-01 
1.0363116203e-08 1.3262907012e+04 1.2088582320e+00 5.7000000000e-01 
1.8047927394e-08 1.1654822378e+04 8.7309178359e-01 5.7000000000e-01 
4.1511065894e-11 1.2124044514e+04 7.6272162959e-01 5.7000000000e-01 
4.8407886533e-09 1.7978493076e+04 8.9684713267e-01 5.7000000000e-01 
5.5230385564e-08 1.2593454088e+04 5.9507879702e-01 5.7000000000e-01 
8.6115172896e-09 1.3244727713e+04 5.7978218465e-01 5.7000000000e-01 
7.7752298116e-12 1.7785140028e+04 8.6159831502e-01 5.7000000000e-01 
3.5566332510e-11 1.4989209537e+04 7.1298001215e-01 5.7000000000e-01 
4.2948442115e-08 1.3050214793e+04 3.2439320261e-01 5.7000000000e-01 
1.0007498009e-09 1.3407275146e+04 3.2735935094e-01 5.7000000000e-01 
1.1636618860e-08 1.2498310029e+04 9.5462912745e-01 5.7000000000e-01 
3.2344169566e-09 1.3619984737e+04 6.4562401575e-01 5.7000000000e-01 
1.8988261305e-11 1.2211709336e+04 3.3020240238e-01 5.7000000000e-01 
2.3500000000e-07 1.1917746113e+04 7.5659696825e-01 5.7000000000e-01 
1.1743359548e-11 1.2208852311e+04 5.7195650299e-01 5.7000000000e-01 
4.4041491533e-13 1.2097204744e+04 6.5223853870e-01 5.7000000000e-01 
6.6046786685e-12 1.4370024869e+04 5.5099512802e-02 5.7000000000e-01 
2.3500000000e-07 1.3029691905e+04 1.0806786139e+00 5.7000000000e-01 
4.1408000822e-09 1.1911669371e+04 6.9384887919e-01 5.7000000000e-01 
6.2913118250e-09 1.2149500170e+04 7.8208099672e-01 5.7000000000e-01 
1.3425710531e-09 1.5350765674e+04 7.3626013231e-01 5.7000000000e-01 
2.8928454995e-09 1.6742243178e+04 1.2926645194e+00 5.7000000000e-01 
3.0371029818e-08 1.4048266376e+04 2.7404564870e-01 5.7000000000e-01 
4.3312626150e-11 1.3948982793e+04 1.1143437920e+00 5.7000000000e-01 
3.5832835218e-08 1.1981370468e+04 6.1491118106e-01 5.7000000000e-01 
1.7593106204e-08 1.3158307479e+04 1.2083920035e+00 5.7000000000e-01 
2.2893350502e-08 1.5315227678e+04 1.1493008464e+00 5.7000000000e-01 
3.5395954682e-08 1.1908990848e+04 1.0987163440e+00 5.7000000000e-01 
2.9168482177e-09 1.1989468531e+04 1.0178859485e+00 5.7000000000e-01 
7.2679963402e-10 1.3121886705e+04 9.7812195843e-01 5.7000000000e-01 
3.1673304036e-08 1.1875820324e+04 6.1785850861e-01 5.7000000000e-01 
2.3499999999e-07 1.4051192660e+04 2.5737883713e-01 5.7000000000e-01 
2.5961349598e-09 1.6423458539e+04 1.5047633052e+00 5.7000000000e-01 
4.9341361577e-08 1.1427726339e+04 7.8211200096e-01 5.7000000000e-01 
8.0266579295e-08 1.1514927264e+04 6.2305114552e-01 5.7000000000e-01 
3.6118314643e-10 1.2847397914e+04 3.2902830602e-01 5.7000000000e-01 
1.5290326156e-10 1.1713545734e+04 9.4086788990e-01 5.7000000000e-01 
2.3063063263e-10 1.4183261521e+04 8.5997486820e-01 5.7000000000e-01 
2.3500000000e-07 1.5678771193e+04 5.5169102091e-01 5.7000000000e-01 
2.1004249802e-08 1.3415056304e+04 6.3684055556e-01 5.7000000000e-01 
2.3499999999e-07 1.2230865444e+04 1.0812574076e+00 5.7000000000e-01 
1.9203626857e-07 1.6378464564e+04 4.5592611079e-01 5.7000000000e-01 
9.0540575522e-11 1.1232859737e+04 6.4990154993e-01 5.7000000000e-01 
5.4961200953e-09 1.2325916741e+04 5.5004027616e-01 5.7000000000e-01 
2.3499999999e-07 1.1397820028e+04 5.2606208093e-01 5.7000000000e-01 
2.1906405276e-07 1.3212614807e+04 4.1473222606e-01 5.7000000000e-01 
2.3499999999e-07 1.1331530079e+04 6.3378122412e-01 5.7000000000e-01 
1.8853482525e-07 1.3472954240e+04 6.6495554862e-01 5.7000000000e-01 
1.9762172958e-09 2.0000000000e+04 7.0961640126e-01 5.7000000000e-01 
1.3118247033e-11 1.1571445001e+04 6.9208023329e-01 5.7000000000e-01 
1.7856089594e-09 1.1769252306e+04 4.9308463793e-01 5.7000000000e-01 
5.8782938319e-10 1.5778718999e+04 2.1009990889e-01 5.7000000000e-01 
7.1760960000e-09 1.2470142845e+04 4.8872591555e-01 5.7000000000e-01 
6.4448320493e-08 2.0000000000e+04 7.9709805469e-01 5.7000000000e-01 
7.6673370901e-08 1.4607323844e+04 1.1350237836e+00 5.7000000000e-01 
1.4195817719e-10 1.2123460884e+04 9.7525768909e-01 5.7000000000e-01 
1.8149661835e-10 1.1361588070e+04 9.6426600374e-01 5.7000000000e-01 
1.6526838038e-09 1.1448966417e+04 9.2849241290e-01 5.7000000000e-01 
3.5146228103e-08 2.0000000000e+04 9.1306401442e-01 5.7000000000e-01 
2.3499999999e-07 1.8385655864e+04 1.0819103619e+00 5.7000000000e-01 
1.4178651527e-09 2.0000000000e+04 3.4463797599e-01 5.7000000000e-01 
1.1015179558e-07 1.1662260084e+04 6.6807981855e-01 5.7000000000e-01 
4.2789197915e-11 1.2478413360e+04 9.5190628733e-01 5.7000000000e-01 
2.1307049855e-08 1.7502560430e+04 1.0673023063e+00 5.7000000000e-01 
1.2062627112e-08 1.2111447789e+04 7.0676266941e-01 5.7000000000e-01 
2.5688238455e-08 1.5561601786e+04 8.8423584769e-01 5.7000000000e-01 
5.5045934696e-10 1.1256022591e+04 4.5362440750e-01 5.7000000000e-01 
2.8510890892e-11 1.4685238226e+04 9.7325804815e-01 5.7000000000e-01 
1.8428422433e-08 2.0000000000e+04 7.9841049412e-01 5.7000000000e-01 
2.6607533974e-10 1.2158265076e+04 1.0491067878e+00 5.7000000000e-01 
7.1937282449e-08 1.1388555384e+04 9.3469897901e-01 5.7000000000e-01 
2.8800333236e-09 1.2303197908e+04 1.1624927004e-01 5.7000000000e-01 
2.3499999999e-07 1.3841000507e+04 1.0428544277e+00 5.7000000000e-01 
6.1155054927e-10 1.7955099655e+04 7.9924379090e-01 5.7000000000e-01 
3.2940457431e-11 1.1868204609e+04 5.7494418652e-01 5.7000000000e-01 
9.5354112321e-11 1.1621696073e+04 2.9680695980e-01 5.7000000000e-01 
3.3613904812e-09 1.2503954973e+04 1.0955067576e+00 5.7000000000e-01 
7.4320314433e-10 1.6137143140e+04 6.8144799220e-01 5.7000000000e-01 
2.3499999999e-07 1.2312110505e+04 1.1428865345e+00 5.7000000000e-01 
1.2425433507e-09 1.2656754657e+04 7.6586333882e-01 5.7000000000e-01 
9.0617722326e-10 1.1223569951e+04 1.1280952766e+00 5.7000000000e-01 
2.3500000000e-07 1.4448716802e+04 1.1506966742e+00 5.7000000000e-01 
2.4369466214e-09 1.6580915813e+04 1.3163578235e+00 5.7000000000e-01 
3.6873585246e-08 1.2364706139e+04 1.3641632159e+00 5.7000000000e-01 
1.6994432749e-10 1.3692208045e+04 6.6934547932e-01 5.7000000000e-01 
1.7175341326e-08 1.4771703700e+04 1.0540995508e+00 5.7000000000e-01 
2.4895222899e-08 1.1216669463e+04 1.1293587245e+00 5.7000000000e-01 
1.8817751295e-08 1.8820799073e+04 6.3105935111e-01 5.7000000000e-01 
1.3986776295e-10 1.4126360151e+04 6.2065966631e-01 5.7000000000e-01 
3.0090388726e-09 1.1268273535e+04 9.8307051627e-01 5.7000000000e-01 
4.2817434337e-11 1.1408152096e+04 1.0513986981e+00 5.7000000000e-01 
6.0638465516e-10 2.0000000000e+04 1.1198154412e+00 5.7000000000e-01 
6.3015520885e-09 1.1335237451e+04 3.5015237524e-01 5.7000000000e-01 
2.3158178218e-07 2.0000000000e+04 6.0443668564e-01 5.7000000000e-01 
2.3500000000e-07 1.3162592236e+04 4.3623547793e-01 5.7000000000e-01 
5.8513019462e-10 1.4725389904e+04 8.8506875570e-01 5.7000000000e-01 
1.1786881494e-10 1.1551130534e+04 5.4414630422e-01 5.7000000000e-01 
2.1763420816e-09 1.1347347420e+04 3.8190142092e-01 5.7000000000e-01 
4.7883522054e-09 1.4332132472e+04 4.1000546934e-01 5.7000000000e-01 
1.2953785892e-08 1.3720242702e+04 1.0139316855e+00 5.7000000000e-01 
1.3838572308e-08 1.5637857028e+04 6.6389844876e-01 5.7000000000e-01 
9.9702513135e-08 1.8099281894e+04 1.1532240942e+00 5.7000000000e-01 
2.3499999999e-07 1.1690626046e+04 1.2275773342e+00 5.7000000000e-01 
2.7667731385e-10 1.3154363952e+04 1.1364994004e+00 5.7000000000e-01 
5.3596195183e-09 1.1245939238e+04 1.0308102589e+00 5.7000000000e-01 
5.9417794365e-09 1.1636212270e+04 1.0392264894e+00 5.7000000000e-01 
6.4096373049e-11 1.1404302351e+04 4.4394476724e-01 5.7000000000e-01 
2.3500000000e-07 1.2459817187e+04 1.1490863841e+00 5.7000000000e-01 
5.6545724226e-08 1.3816205675e+04 1.3096311736e+00 5.7000000000e-01 
1.8028496782e-09 1.4455314780e+04 2.9418051323e-01 5.7000000000e-01 
7.0109555021e-10 1.3934572658e+04 7.9611913319e-01 5.7000000000e-01 
2.1068668545e-09 1.3897832942e+04 7.3803706178e-01 5.7000000000e-01 
7.3728748248e-11 1.2537881957e+04 2.4277101449e-01 5.7000000000e-01 
2.9555308469e-08 1.1746786062e+04 4.9151292130e-01 5.7000000000e-01 
8.1104149989e-10 1.3108793014e+04 1.2104734242e+00 5.7000000000e-01 
3.6932714359e-09 1.5320380470e+04 7.1511263090e-01 5.7000000000e-01 
3.9532887573e-08 1.2921797047e+04 6.4647939624e-01 5.7000000000e-01 
1.3429187529e-08 2.0000000000e+04 4.5543261910e-01 5.7000000000e-01 
6.0960629037e-10 1.3445012737e+04 9.0620080094e-01 5.7000000000e-01 
3.0051135076e-09 1.1280579846e+04 9.1316314112e-01 5.7000000000e-01 
1.4386904306e-09 1.3402254026e+04 2.5887667462e-01 5.7000000000e-01 
1.9762921668e-07 1.5309843573e+04 4.0326030483e-01 5.7000000000e-01 
8.6151209099e-09 1.2275887087e+04 6.9727547110e-01 5.7000000000e-01 
2.1046254268e-07 1.6533450477e+04 1.1757939492e-01 5.7000000000e-01 
2.3500000000e-07 1.3170100654e+04 5.4972661567e-01 5.7000000000e-01 
1.4378343683e-08 1.1365058887e+04 1.2454927692e+00 5.7000000000e-01 
3.1496680932e-12 1.2440836937e+04 5.2019415552e-01 5.7000000000e-01 
