Mass [kg]        Velocity [m s-1]    Theta [rad]    CO2 [ frac]    
2.3499999999e-07 2.0000000000e+04 1.2207602169e+00 6.7000000000e-01 
8.8907494406e-12 1.9400999702e+04 1.1166500452e+00 6.7000000000e-01 
2.2558076306e-11 1.4586073900e+04 2.8163944078e-01 6.7000000000e-01 
1.2303990120e-10 1.1753068536e+04 4.4633974632e-01 6.7000000000e-01 
3.9938321523e-10 1.8680043356e+04 1.0441930535e+00 6.7000000000e-01 
2.9231235496e-09 1.5710827034e+04 4.3845447214e-01 6.7000000000e-01 
4.5396921370e-11 2.0000000000e+04 9.1306460160e-01 6.7000000000e-01 
5.9954792474e-09 1.6294547147e+04 1.0590395559e+00 6.7000000000e-01 
1.8371166038e-08 1.5516033607e+04 7.7792850678e-01 6.7000000000e-01 
2.0526749259e-07 1.5574966198e+04 1.5220046341e+00 6.7000000000e-01 
5.1049344822e-09 1.3024844086e+04 3.8011771300e-01 6.7000000000e-01 
1.0340854864e-08 1.5057253837e+04 6.1621827405e-01 6.7000000000e-01 
1.5754803439e-09 1.2432970309e+04 4.9328316610e-01 6.7000000000e-01 
3.8538934186e-08 1.2900524682e+04 8.5040830991e-02 6.7000000000e-01 
4.5797922478e-08 1.3203466962e+04 7.7961384391e-01 6.7000000000e-01 
2.3500000000e-07 1.9045584270e+04 1.2323844991e+00 6.7000000000e-01 
3.0037324199e-11 1.1692058193e+04 1.1904035603e+00 6.7000000000e-01 
6.0115501516e-10 1.6706848578e+04 7.6319981246e-01 6.7000000000e-01 
1.6914857503e-09 1.3962850889e+04 2.2844169094e-01 6.7000000000e-01 
1.4755644489e-07 1.2104595904e+04 5.8995840805e-01 6.7000000000e-01 
3.8474240119e-10 1.3161230337e+04 4.4942673819e-01 6.7000000000e-01 
6.6380154482e-09 1.1401749284e+04 1.0751429345e+00 6.7000000000e-01 
7.8207723968e-08 1.7851646097e+04 8.4233635941e-01 6.7000000000e-01 
6.7132281528e-10 1.3276356347e+04 1.3934938268e+00 6.7000000000e-01 
6.8775039170e-09 1.1683910876e+04 5.3856020045e-01 6.7000000000e-01 
1.2833211044e-10 1.2713260471e+04 2.0201323007e-02 6.7000000000e-01 
2.3301162195e-09 1.1562864451e+04 9.5782680816e-01 6.7000000000e-01 
1.8158612325e-08 1.2793083790e+04 9.8662916375e-01 6.7000000000e-01 
3.9389128978e-09 1.2692459766e+04 6.9707220627e-01 6.7000000000e-01 
2.3500000000e-07 1.1552086830e+04 2.1648856232e-01 6.7000000000e-01 
2.3499999999e-07 1.2167000760e+04 1.3299256696e+00 6.7000000000e-01 
3.4297767341e-08 1.1682096528e+04 5.2451208063e-01 6.7000000000e-01 
2.8971536259e-08 1.3643128197e+04 1.0978038538e+00 6.7000000000e-01 
2.3500000000e-07 1.2504702246e+04 9.1439044752e-01 6.7000000000e-01 
1.7776536565e-07 1.4990655248e+04 1.4896767251e+00 6.7000000000e-01 
9.2219428873e-10 1.3729323647e+04 7.5661400182e-01 6.7000000000e-01 
2.3500000000e-07 1.5169994795e+04 1.0886755062e+00 6.7000000000e-01 
2.3499999999e-07 1.5696444783e+04 2.9331718682e-01 6.7000000000e-01 
1.5866126417e-08 1.4722054692e+04 1.1311593352e+00 6.7000000000e-01 
2.3499999999e-07 1.2242180548e+04 1.5025468730e+00 6.7000000000e-01 
2.4011207965e-08 1.1977091699e+04 1.4227199959e+00 6.7000000000e-01 
7.9815650169e-09 1.5236534290e+04 3.5198767327e-01 6.7000000000e-01 
2.5034535630e-09 1.3509389108e+04 8.4136314385e-01 6.7000000000e-01 
2.5141810248e-09 1.1315404354e+04 7.4299406743e-01 6.7000000000e-01 
1.0213819960e-07 1.5678522900e+04 1.3958507602e+00 6.7000000000e-01 
6.1159973223e-10 1.5676031378e+04 5.8838674092e-01 6.7000000000e-01 
2.1022586422e-09 1.2723645995e+04 3.6802253044e-01 6.7000000000e-01 
2.4199281321e-11 2.0000000000e+04 1.0350601782e+00 6.7000000000e-01 
2.9457457539e-08 1.1468106160e+04 1.0859008577e+00 6.7000000000e-01 
4.4957324999e-08 1.2663124534e+04 1.5805793559e-01 6.7000000000e-01 
2.3499999999e-07 1.1337817892e+04 1.4073722024e+00 6.7000000000e-01 
6.5968394637e-08 1.5062123537e+04 3.0304765445e-01 6.7000000000e-01 
8.7544417223e-08 1.2648315251e+04 3.7215744849e-01 6.7000000000e-01 
1.7714584544e-09 1.3819250398e+04 4.4638407125e-01 6.7000000000e-01 
1.6231515151e-10 1.7224835507e+04 7.9876313255e-01 6.7000000000e-01 
3.7085984622e-11 1.1497997476e+04 4.1008072814e-01 6.7000000000e-01 
1.6154644006e-08 1.2261372111e+04 7.7653099778e-01 6.7000000000e-01 
2.8455711193e-09 1.3064711776e+04 7.7326174168e-01 6.7000000000e-01 
3.5312726029e-08 1.5444075503e+04 5.9881587445e-01 6.7000000000e-01 
3.7401363725e-09 1.6684255061e+04 1.4158895762e+00 6.7000000000e-01 
9.6970670800e-08 1.1220632437e+04 2.9664219631e-01 6.7000000000e-01 
1.0354651666e-08 1.2843618115e+04 1.5048706864e+00 6.7000000000e-01 
2.2629756743e-09 1.4324960036e+04 1.7967366240e-01 6.7000000000e-01 
1.3668409004e-09 1.1386960786e+04 1.0681700728e+00 6.7000000000e-01 
1.8009894294e-08 2.0000000000e+04 1.2768647587e+00 6.7000000000e-01 
2.7375056958e-10 1.1719536681e+04 9.6559980602e-01 6.7000000000e-01 
3.7131305397e-08 1.3714913719e+04 8.7065366115e-01 6.7000000000e-01 
2.3642051701e-08 1.2092912963e+04 1.1649864797e+00 6.7000000000e-01 
2.3500000000e-07 1.1219393980e+04 3.5327629002e-01 6.7000000000e-01 
1.7154955035e-10 1.7871414611e+04 9.5529409879e-01 6.7000000000e-01 
4.8568724095e-10 1.3728719795e+04 1.1737423703e+00 6.7000000000e-01 
6.8790736738e-10 1.2162047764e+04 4.3599583527e-01 6.7000000000e-01 
3.4780507102e-08 1.1339519807e+04 9.0580299630e-01 6.7000000000e-01 
5.0011798526e-09 1.4763270106e+04 8.5597688705e-01 6.7000000000e-01 
1.1859164929e-07 1.3227321266e+04 7.7781192968e-01 6.7000000000e-01 
2.3499999999e-07 1.1769208142e+04 6.1223950080e-01 6.7000000000e-01 
2.3500000000e-07 1.2504932304e+04 4.2421488130e-01 6.7000000000e-01 
5.7577886338e-10 1.2473352791e+04 1.1562513618e+00 6.7000000000e-01 
2.3499999999e-07 1.4405167130e+04 4.1447710962e-01 6.7000000000e-01 
7.0881510245e-10 1.2241414671e+04 1.0083034774e+00 6.7000000000e-01 
2.3500000000e-07 1.2189764742e+04 1.5427277117e+00 6.7000000000e-01 
2.4122149256e-10 1.1491434765e+04 5.1764609745e-01 6.7000000000e-01 
6.3960802082e-11 1.2386951932e+04 1.1958195633e+00 6.7000000000e-01 
1.4883389910e-07 1.2098785003e+04 6.6857731684e-01 6.7000000000e-01 
2.3500000000e-07 1.2759020632e+04 1.0919765374e+00 6.7000000000e-01 
6.6186447679e-10 1.9934494560e+04 6.2022242186e-01 6.7000000000e-01 
6.7008858037e-10 1.4967117427e+04 1.0361899383e+00 6.7000000000e-01 
5.3060289843e-09 1.3370513339e+04 5.9234731832e-01 6.7000000000e-01 
2.3499999999e-07 1.1436912336e+04 1.5129983992e+00 6.7000000000e-01 
5.6903406537e-11 1.3140922601e+04 8.2651924110e-01 6.7000000000e-01 
2.3499999999e-07 1.5672489980e+04 7.8766753081e-01 6.7000000000e-01 
2.7672549042e-10 1.3791737532e+04 1.1622733934e+00 6.7000000000e-01 
7.5278411890e-09 1.2093569863e+04 9.8754087513e-01 6.7000000000e-01 
1.7673993394e-09 1.4113088681e+04 1.2198014547e+00 6.7000000000e-01 
2.3500000000e-07 2.0000000000e+04 7.5200328969e-01 6.7000000000e-01 
5.4959433924e-09 1.7145994931e+04 8.9593852753e-01 6.7000000000e-01 
9.4301809942e-09 1.3201702398e+04 8.9860675908e-01 6.7000000000e-01 
5.5916225742e-12 1.6464259304e+04 1.0688925081e+00 6.7000000000e-01 
6.0793321913e-09 1.1431568708e+04 9.8598548166e-01 6.7000000000e-01 
1.6597354762e-11 1.2118181709e+04 5.5298295125e-01 6.7000000000e-01 
5.2545863624e-09 1.3029584147e+04 5.3166306075e-01 6.7000000000e-01 
6.4942870060e-08 1.1896364853e+04 2.1800908728e-01 6.7000000000e-01 
6.9611518654e-11 1.1642279740e+04 2.7510932397e-01 6.7000000000e-01 
2.3500000000e-07 1.8340146775e+04 5.8254584439e-01 6.7000000000e-01 
2.3500000000e-07 1.2266108039e+04 7.8093089711e-01 6.7000000000e-01 
2.3500000000e-07 1.5626185200e+04 5.3733048510e-01 6.7000000000e-01 
1.0312870742e-09 1.1523925106e+04 1.0491727694e+00 6.7000000000e-01 
1.5127039151e-07 1.3689064583e+04 3.1966470603e-01 6.7000000000e-01 
2.3499999999e-07 1.1521564010e+04 6.7854924236e-01 6.7000000000e-01 
9.3590361233e-09 1.1203370744e+04 1.0036301742e+00 6.7000000000e-01 
1.6477015812e-08 1.5833727642e+04 4.3325189368e-01 6.7000000000e-01 
2.6579041130e-09 1.3569696305e+04 2.6084016279e-01 6.7000000000e-01 
7.4736636410e-09 1.3872791873e+04 1.0265608161e+00 6.7000000000e-01 
5.5527128536e-10 1.1916579806e+04 4.8425045582e-01 6.7000000000e-01 
2.3499999999e-07 1.2632877827e+04 6.0818331812e-01 6.7000000000e-01 
2.3500000000e-07 1.2190241438e+04 7.7548778221e-01 6.7000000000e-01 
6.4605664636e-11 1.6345893380e+04 1.0262210786e+00 6.7000000000e-01 
7.3171758394e-09 1.1487716698e+04 1.1975196781e+00 6.7000000000e-01 
1.3232820529e-07 1.4033857727e+04 6.9181187445e-01 6.7000000000e-01 
1.4903428870e-09 1.8236843788e+04 1.0040319409e+00 6.7000000000e-01 
2.4374085128e-09 1.2069259299e+04 9.9015671190e-01 6.7000000000e-01 
2.7835211031e-10 1.1262624207e+04 6.5937314552e-01 6.7000000000e-01 
3.7542961315e-10 1.3703773948e+04 1.3488926408e+00 6.7000000000e-01 
1.0706399742e-08 1.5867780142e+04 5.7916637595e-01 6.7000000000e-01 
1.9945832770e-07 1.2101086814e+04 3.6372914642e-01 6.7000000000e-01 
9.3365470668e-09 1.4101971885e+04 9.8692142341e-01 6.7000000000e-01 
8.4381325650e-11 1.3601182599e+04 1.1966688967e+00 6.7000000000e-01 
5.2127583515e-11 1.3769019387e+04 9.4228856073e-01 6.7000000000e-01 
7.4695145477e-08 1.1984513522e+04 1.2663891791e+00 6.7000000000e-01 
9.4662671457e-08 1.1926800791e+04 7.6672549580e-01 6.7000000000e-01 
2.3499999999e-07 2.0000000000e+04 8.6892301517e-01 6.7000000000e-01 
2.3500000000e-07 1.6690609172e+04 3.9962446654e-01 6.7000000000e-01 
1.9538622573e-08 1.1401449463e+04 4.6075947046e-02 6.7000000000e-01 
2.3499999999e-07 1.1202926779e+04 6.9306758467e-01 6.7000000000e-01 
3.1700389005e-11 2.0000000000e+04 7.0434214389e-01 6.7000000000e-01 
5.1903515069e-08 1.3522365454e+04 3.6381456522e-01 6.7000000000e-01 
7.0902820079e-08 1.4324213974e+04 6.9745326222e-01 6.7000000000e-01 
9.7768500756e-11 1.1587173765e+04 8.9843145528e-01 6.7000000000e-01 
4.3956433044e-11 1.1831065876e+04 7.6201065153e-01 6.7000000000e-01 
1.7683627401e-07 1.8372251822e+04 7.8345724523e-01 6.7000000000e-01 
8.0946371946e-09 1.1659427553e+04 9.2224483803e-01 6.7000000000e-01 
2.9027606221e-10 1.4606857943e+04 1.9453174023e-01 6.7000000000e-01 
3.1704321983e-11 1.1658215515e+04 3.3893480116e-01 6.7000000000e-01 
1.2076050705e-08 1.1606283312e+04 1.3427850605e+00 6.7000000000e-01 
4.3626033629e-09 1.4970440635e+04 1.0986833626e+00 6.7000000000e-01 
2.3499999999e-07 1.3427434531e+04 6.6140382007e-01 6.7000000000e-01 
1.9928946570e-07 1.4509168601e+04 5.3465471672e-01 6.7000000000e-01 
7.4465809111e-09 1.2383431409e+04 1.0686856929e+00 6.7000000000e-01 
4.2334991267e-08 1.1406765408e+04 8.7192045949e-01 6.7000000000e-01 
5.1723053937e-09 1.2691246354e+04 1.3441167482e+00 6.7000000000e-01 
2.7508999314e-08 1.1317291152e+04 5.9747269470e-01 6.7000000000e-01 
2.3499999999e-07 1.4927094454e+04 6.5103233165e-01 6.7000000000e-01 
2.3500000000e-07 1.3663304539e+04 1.2264513999e-01 6.7000000000e-01 
1.9674352782e-09 1.3325010945e+04 1.2932503883e+00 6.7000000000e-01 
2.3500000000e-07 1.4715910509e+04 7.3455320404e-01 6.7000000000e-01 
1.8127562604e-08 1.1383771699e+04 2.6765646779e-01 6.7000000000e-01 
8.7012967177e-10 1.1277112999e+04 1.1886940925e+00 6.7000000000e-01 
1.8380423457e-07 1.6604788389e+04 5.0521869123e-01 6.7000000000e-01 
4.8082467794e-08 1.1557882522e+04 2.7641327850e-01 6.7000000000e-01 
2.3499999999e-07 1.4213997374e+04 1.0447910417e+00 6.7000000000e-01 
2.3500000000e-07 1.2530906683e+04 6.2700926870e-01 6.7000000000e-01 
3.8402160631e-08 2.0000000000e+04 7.8953011048e-01 6.7000000000e-01 
2.3500000000e-07 1.2029706413e+04 9.2841678333e-01 6.7000000000e-01 
2.3500000000e-07 1.8999931700e+04 6.1628647196e-01 6.7000000000e-01 
5.0448610880e-08 1.1434229890e+04 7.3653558875e-01 6.7000000000e-01 
2.3500000000e-07 1.4254994787e+04 1.2170301651e+00 6.7000000000e-01 
2.3142360364e-12 1.2889599721e+04 8.4875703615e-01 6.7000000000e-01 
1.3448301364e-07 2.0000000000e+04 3.1555130312e-01 6.7000000000e-01 
5.6651612307e-10 2.0000000000e+04 7.3814357694e-01 6.7000000000e-01 
5.7876097038e-11 2.0000000000e+04 9.4357015875e-01 6.7000000000e-01 
2.1103308867e-08 1.4493094177e+04 1.1784477356e+00 6.7000000000e-01 
5.6154445519e-09 1.1833455132e+04 7.8058243367e-01 6.7000000000e-01 
3.7304632544e-10 1.2104367432e+04 6.4837793173e-01 6.7000000000e-01 
1.0514387615e-10 1.5703171425e+04 3.0868386549e-01 6.7000000000e-01 
5.1280588212e-10 1.7649904427e+04 4.8976511463e-01 6.7000000000e-01 
6.6373654252e-09 1.5080554784e+04 3.9900393051e-01 6.7000000000e-01 
3.2974408243e-09 1.6931265960e+04 2.9513613768e-01 6.7000000000e-01 
2.3500000000e-07 1.5359114187e+04 5.4690034766e-01 6.7000000000e-01 
7.1323914659e-08 1.3675875174e+04 1.0249158292e+00 6.7000000000e-01 
4.6583953649e-09 1.5563916428e+04 6.5403711116e-01 6.7000000000e-01 
2.2572121334e-09 1.2593116194e+04 7.1336006775e-01 6.7000000000e-01 
5.8536254984e-09 1.4869394087e+04 1.4358111989e+00 6.7000000000e-01 
1.1861792304e-11 1.8129913177e+04 4.9702368413e-01 6.7000000000e-01 
1.1776137403e-11 1.1919461622e+04 6.0871079694e-01 6.7000000000e-01 
6.2601711856e-09 1.1421208464e+04 4.0162193433e-01 6.7000000000e-01 
3.3987980719e-09 1.4593072145e+04 1.0230638066e+00 6.7000000000e-01 
2.3499999999e-07 1.2617108874e+04 2.3005576833e-01 6.7000000000e-01 
2.3500000000e-07 1.5948760202e+04 8.7648484122e-01 6.7000000000e-01 
5.3976328220e-08 1.3945956790e+04 7.8569436933e-01 6.7000000000e-01 
1.2408556521e-08 1.1547858240e+04 9.7536707735e-01 6.7000000000e-01 
2.3499999999e-07 1.4609372596e+04 5.5160571765e-01 6.7000000000e-01 
2.3500000000e-07 2.0000000000e+04 7.8390323183e-01 6.7000000000e-01 
2.3499999999e-07 1.3293047184e+04 1.2184514434e+00 6.7000000000e-01 
3.4921200355e-08 1.2092978115e+04 5.5563673222e-01 6.7000000000e-01 
2.6905892201e-12 1.4123945616e+04 9.5454932288e-01 6.7000000000e-01 
2.3499999999e-07 1.2726843353e+04 6.2699847571e-01 6.7000000000e-01 
9.0027406068e-11 1.7433701822e+04 6.5821002030e-01 6.7000000000e-01 
8.4177270301e-11 1.2650784251e+04 7.8942138413e-01 6.7000000000e-01 
3.0319509320e-09 2.0000000000e+04 2.5008190799e-01 6.7000000000e-01 
1.1125360732e-09 1.7288557689e+04 1.0553326379e+00 6.7000000000e-01 
