Radius [m]       Fe Area [frac]    Max Temp [k]    
2.7399838401e-05 9.2423312487e-01 2.1273845297e+03 
6.8723611082e-06 9.2684212814e-01 2.1279654072e+03 
2.2399594486e-05 9.2632666710e-01 2.4807000541e+03 
4.0131661683e-05 9.2696202750e-01 2.2258591751e+03 
1.6648901561e-05 9.2798259412e-01 2.5024302779e+03 
1.0026696424e-04 9.2211139863e-01 2.2270111286e+03 
7.0391348207e-05 9.1991177967e-01 2.0798595742e+03 
1.1699083448e-05 9.3392323092e-01 2.3939494084e+03 
8.7580073192e-06 9.3414868798e-01 2.3947621580e+03 
4.4049998710e-06 9.3158232932e-01 2.2783203661e+03 
2.0867682723e-05 9.2701005119e-01 2.4790143702e+03 
2.1000354321e-05 9.2347120336e-01 2.0701472844e+03 
7.2245962848e-05 9.2476257765e-01 2.2680384197e+03 
5.0179548626e-05 9.1880209409e-01 2.3054581533e+03 
1.4657512833e-04 9.2050006684e-01 2.1523559015e+03 
3.9257647418e-05 9.1976659409e-01 2.0768396029e+03 
1.7579372355e-05 9.3162115046e-01 2.4561112507e+03 
2.2489622210e-05 9.2817081492e-01 2.2381683707e+03 
4.1116295222e-05 9.2334108167e-01 2.4054252945e+03 
5.0147541152e-06 9.3669223818e-01 2.5222184917e+03 
5.3355474998e-06 1.0000000000e+00 1.0227190341e+03 
7.9234571560e-05 9.1841157945e-01 2.2365675467e+03 
2.5897566110e-05 9.2821096992e-01 2.2322056454e+03 
4.1124864953e-05 8.8000623833e-01 1.9096615155e+03 
1.6050534269e-05 8.7390000765e-01 1.9220199949e+03 
1.5918837047e-05 9.2575929964e-01 2.1016578229e+03 
3.6038013073e-06 9.3461000979e-01 2.3538522758e+03 
1.2350086797e-05 9.3307290368e-01 2.2742464472e+03 
3.0183739945e-05 9.2398110510e-01 2.1852877288e+03 
7.1649790292e-05 9.2337456215e-01 2.2646299459e+03 
3.8022130820e-05 9.2088126679e-01 2.1124934836e+03 
1.4521817300e-05 1.0000000000e+00 1.2108360826e+03 
3.8077297310e-05 9.2709913900e-01 2.2529144485e+03 
3.6967376258e-05 9.2342053914e-01 2.4158322250e+03 
2.9596249205e-05 9.2320152422e-01 2.1423531994e+03 
9.5699340892e-06 9.3183348777e-01 2.2357686097e+03 
4.7012426001e-05 9.1945798030e-01 2.2573975353e+03 
1.5137251602e-05 9.3098727834e-01 2.3194497473e+03 
2.2941300491e-05 8.7869294589e-01 1.9028146638e+03 
9.2132234088e-06 1.0000000000e+00 1.6429942409e+03 
4.9376223307e-06 9.3685595208e-01 2.4494922504e+03 
3.9350886530e-06 9.3278296793e-01 2.2821806420e+03 
4.3330130763e-05 9.2181933558e-01 2.0615236412e+03 
5.8089560025e-06 8.8332744470e-01 1.7411764164e+03 
9.4717171037e-05 8.8150817698e-01 1.9512856600e+03 
3.7950478207e-05 8.7351243981e-01 1.8893973642e+03 
2.3899743694e-05 9.1853665937e-01 2.0570749854e+03 
2.3208385397e-05 9.2501942536e-01 2.1293685210e+03 
3.3171644822e-05 9.2488051292e-01 2.1663737902e+03 
4.8677088162e-05 8.7988238951e-01 1.8444089939e+03 
4.7361746431e-05 9.1892833420e-01 2.2228705486e+03 
4.8783040450e-06 9.3660300597e-01 2.5438013361e+03 
8.1293927125e-06 1.0000000000e+00 1.5128715402e+03 
1.2216661699e-05 9.2208378373e-01 2.0610550392e+03 
6.5652133980e-06 9.3416802049e-01 2.3258674845e+03 
4.5816130556e-05 9.1908602192e-01 2.2059089358e+03 
1.6222548489e-05 1.0000000000e+00 1.6095270906e+03 
6.0410572932e-05 9.1870106955e-01 2.3324521407e+03 
3.1556511421e-05 9.0032735008e-01 2.0116609780e+03 
8.4081409261e-05 9.1335439811e-01 2.3082770071e+03 
6.2132929364e-06 9.3627301738e-01 2.4191478288e+03 
9.2889887288e-06 9.3307414785e-01 2.5000846929e+03 
2.0071920053e-05 9.2940505093e-01 2.4093346569e+03 
5.3233128853e-05 9.2047377895e-01 2.2549637733e+03 
3.8131872275e-05 9.2245078289e-01 2.1723633915e+03 
1.6725109375e-05 9.2964749783e-01 2.2064394260e+03 
4.6746437152e-05 9.2006066079e-01 2.1801382394e+03 
6.9640151680e-05 9.2101789217e-01 2.0826859555e+03 
1.7432247571e-05 9.3006317869e-01 2.2484428889e+03 
4.4652516478e-06 1.0000000000e+00 1.6267873782e+03 
2.1560088161e-05 9.2886450377e-01 2.2710540459e+03 
1.8993880113e-05 8.8158183457e-01 1.9341674669e+03 
9.9008441674e-06 8.7158984878e-01 1.9077635076e+03 
1.1758919167e-05 8.7775016539e-01 1.7837541254e+03 
1.2225428337e-05 9.2908304716e-01 2.5166372341e+03 
3.0868239589e-05 8.8967033403e-01 1.9765980763e+03 
8.3697694011e-05 9.2796797835e-01 2.2229983392e+03 
3.0328190361e-05 8.7168385196e-01 1.8316833271e+03 
7.9965710149e-06 1.0000000000e+00 1.5188952491e+03 
3.1038489095e-05 9.2499535906e-01 2.0907205858e+03 
1.0603878184e-05 1.0000000000e+00 1.2565001140e+03 
4.4978170838e-05 9.1932614063e-01 2.2785693751e+03 
7.6734803230e-05 9.1159340029e-01 2.3293718019e+03 
4.4053553872e-05 9.2074209773e-01 2.0854539928e+03 
5.7100923382e-06 1.0000000000e+00 1.2279972403e+03 
5.6513282904e-05 9.2177577668e-01 2.1376680009e+03 
1.5572342834e-05 8.6593614307e-01 1.8370531510e+03 
3.4914123586e-05 9.2473114320e-01 2.1816272602e+03 
1.5228084052e-05 9.3161870552e-01 2.2575798306e+03 
8.7317989378e-06 1.0000000000e+00 3.0000000000e+02 
1.0094753436e-05 9.1672643066e-01 2.0403915006e+03 
4.4477821933e-05 9.1853006430e-01 2.4282801030e+03 
8.2687384665e-06 9.3096842000e-01 2.1971494833e+03 
1.4612418452e-05 8.7056274105e-01 1.8845794303e+03 
5.1429645543e-06 9.3740232886e-01 2.4631165682e+03 
5.3165457780e-05 9.2037712454e-01 2.1594253692e+03 
3.7791002683e-06 9.2508795939e-01 2.1236439128e+03 
9.8738626997e-06 9.3333889286e-01 2.2657460724e+03 
3.4005345371e-05 9.2181130191e-01 2.1002402346e+03 
2.0833453313e-05 9.2921020058e-01 2.1920537463e+03 
3.0303923397e-05 9.1765511493e-01 2.0474725824e+03 
5.4465600600e-05 8.7727225518e-01 1.8280753063e+03 
3.9528237534e-05 9.2446133754e-01 2.1067492216e+03 
7.2740084746e-06 1.0000000000e+00 1.4481721838e+03 
4.0639245373e-05 9.2398863563e-01 2.2586998343e+03 
2.3973411753e-05 8.7484864306e-01 1.8406420842e+03 
1.7000447652e-05 9.3005536882e-01 2.3840641874e+03 
1.4766495113e-05 9.2994406724e-01 2.1843192402e+03 
1.7575751780e-05 1.0000000000e+00 9.0505845429e+02 
2.2291510281e-05 9.2525049167e-01 2.4856466129e+03 
2.4251216591e-05 9.3080824123e-01 2.2157876075e+03 
5.5769358010e-06 9.3342886078e-01 2.3038662631e+03 
1.5480241762e-05 1.0000000000e+00 1.6367365460e+03 
1.4133424128e-05 9.2988598375e-01 2.1830809547e+03 
3.8173949582e-05 9.2602880269e-01 2.1530946295e+03 
7.1687704745e-05 9.1890809709e-01 2.2158662432e+03 
8.5395240200e-05 9.1372173995e-01 2.3024691257e+03 
1.4419000312e-05 1.0000000000e+00 1.6386529397e+03 
1.2327369322e-05 9.2350579944e-01 2.1035630905e+03 
1.8923105065e-05 9.3036117977e-01 2.4598057793e+03 
4.6741937669e-05 9.1972489684e-01 2.1647950678e+03 
1.0107829453e-05 9.3686475609e-01 2.4073216258e+03 
3.3642603700e-06 9.3697324937e-01 2.3960990223e+03 
3.9286379243e-05 8.7251204448e-01 1.8695197534e+03 
1.7690830023e-05 8.8893654454e-01 1.7711283628e+03 
1.5842646365e-05 1.0000000000e+00 1.5062177139e+03 
3.5342862520e-05 9.2016078925e-01 2.0735566950e+03 
7.9141608490e-05 9.1259945575e-01 2.3223864184e+03 
3.8094862651e-05 9.2307478274e-01 2.1470381044e+03 
3.7043911230e-05 8.8891029567e-01 1.9730482328e+03 
5.5114436194e-06 1.0000000000e+00 1.3904243906e+03 
9.8215677538e-05 9.2033181925e-01 2.2422791008e+03 
3.7648566608e-05 1.0000000000e+00 1.2438774222e+03 
3.5866409351e-05 8.9967673547e-01 1.7188815491e+03 
5.3406787293e-05 9.1963870369e-01 2.0573974408e+03 
7.0805526423e-05 9.1452555107e-01 2.3320776071e+03 
2.5548482374e-05 9.2854636447e-01 2.1485523766e+03 
2.8109516331e-05 9.2636908499e-01 2.1663700857e+03 
1.9481544737e-05 9.0697491700e-01 2.0172418836e+03 
2.0431255933e-05 9.2669851163e-01 2.1548464052e+03 
5.1797308202e-06 1.0000000000e+00 1.6345040693e+03 
1.7779644715e-05 9.2699671233e-01 2.4892379009e+03 
2.1335977553e-05 9.2748461278e-01 2.4736881639e+03 
4.8702663112e-05 9.2104362474e-01 2.2894609470e+03 
2.6074135592e-05 9.2177220766e-01 2.0811314611e+03 
5.3284207331e-06 9.3548392281e-01 2.3700177588e+03 
5.4087139857e-06 1.0000000000e+00 1.5050610926e+03 
8.4587430617e-06 9.3732369105e-01 2.4271310048e+03 
7.5276911025e-05 9.2171987807e-01 2.2820611286e+03 
2.0475273059e-06 1.0000000000e+00 9.0678583293e+02 
3.6746463627e-05 9.2507415214e-01 2.1631298670e+03 
2.8074755796e-05 9.2355028047e-01 2.1227044213e+03 
6.2251857545e-05 9.1449006482e-01 2.3543519790e+03 
2.8733912662e-05 9.1948637207e-01 2.0524025711e+03 
8.4903631160e-06 9.3409399922e-01 2.3848403664e+03 
1.5522193617e-05 9.2904439919e-01 2.1642240805e+03 
1.2018306474e-05 1.0000000000e+00 1.6042768911e+03 
1.3362456345e-05 9.0451128105e-01 1.7134184911e+03 
2.1371536905e-05 9.2890386560e-01 2.3983394541e+03 
2.6142709621e-05 8.8172351655e-01 1.9321937809e+03 
7.4340709943e-06 9.3204617121e-01 2.2210801521e+03 
6.2137226228e-06 8.5978796886e-01 1.8603167386e+03 
5.7678345612e-05 9.2380089357e-01 2.3096732115e+03 
2.8140836238e-05 9.1870757120e-01 2.0729707186e+03 
2.0242410332e-05 9.2384171531e-01 2.0843008538e+03 
4.5327812570e-05 9.2485566414e-01 2.0989664071e+03 
7.1679749380e-05 9.1483695916e-01 2.3285726834e+03 
4.2774965851e-05 9.2729300040e-01 2.1331637886e+03 
2.1191198718e-05 9.1657260462e-01 2.0287234500e+03 
1.5971049308e-05 9.1856521477e-01 2.0506536045e+03 
2.2457913804e-05 8.7628799046e-01 1.8976030030e+03 
5.5321232172e-06 1.0000000000e+00 1.3401467126e+03 
4.2197546270e-05 9.1993988601e-01 2.2104641346e+03 
4.3893652187e-06 9.3368241686e-01 2.3195960281e+03 
6.2416774545e-05 9.1744226172e-01 2.3340509866e+03 
2.9074277623e-05 9.2404103553e-01 2.4687258417e+03 
1.1900784998e-04 9.1802726815e-01 2.2152282225e+03 
3.6069107486e-05 9.2292353687e-01 2.1294458567e+03 
2.5683398422e-05 9.2672115812e-01 2.2709726799e+03 
2.9440698251e-06 9.3470045824e-01 2.3326396022e+03 
2.6896575922e-05 9.1212043306e-01 2.0348532331e+03 
5.0555306789e-06 9.3072931677e-01 2.1955977476e+03 
1.1292849523e-05 9.2846200561e-01 2.1491652409e+03 
1.4178635687e-05 9.2774127353e-01 2.1414198207e+03 
3.0370438851e-05 9.2872301325e-01 2.2651364091e+03 
1.4163044719e-05 9.2464690717e-01 2.0860164095e+03 
2.4942559351e-05 9.2710270025e-01 2.2514367887e+03 
1.0670517889e-05 8.7343490120e-01 1.8247499895e+03 
2.5474909595e-05 9.2641359928e-01 2.3413029300e+03 
1.0047355770e-05 9.2893825688e-01 2.1541732410e+03 
4.2555364580e-05 9.2422807907e-01 2.1576227075e+03 
1.3305509355e-05 9.3161913955e-01 2.4635939127e+03 
3.0760754107e-05 9.2627583323e-01 2.2037057925e+03 
2.1706528008e-05 9.2731936908e-01 2.2071081994e+03 
3.7181953604e-05 9.2281098992e-01 2.0848788146e+03 
3.3685301324e-05 9.2442762742e-01 2.1539461399e+03 
2.6759981122e-05 8.8299159320e-01 1.9439710727e+03 
1.3533866871e-05 9.3137774426e-01 2.2154321968e+03 
1.6468127720e-05 8.7967233143e-01 1.9236259534e+03 
3.4887404866e-05 8.9424576086e-01 1.9894295880e+03 
