Mass [kg]        Velocity [m s-1]    Theta [rad]    CO2 [frac]    
2.3500000000e-07 1.1652623503e+04 1.1349342793e+00 3.2000000000e-01 
4.2856101948e-10 1.8968770091e+04 1.1779297272e+00 3.2000000000e-01 
7.8344360866e-12 1.1263299130e+04 1.0880222912e+00 3.2000000000e-01 
7.6039269799e-08 1.2082135546e+04 6.4072532504e-01 3.2000000000e-01 
3.9195777074e-11 1.1748458501e+04 4.0204191701e-01 3.2000000000e-01 
4.1334038785e-09 1.4551485247e+04 3.5593657248e-01 3.2000000000e-01 
1.9322338423e-09 1.2080708536e+04 6.2477551282e-01 3.2000000000e-01 
2.8546316051e-09 1.9633066078e+04 9.3968859747e-01 3.2000000000e-01 
2.2721000785e-09 1.4511535821e+04 1.0091774341e+00 3.2000000000e-01 
1.2123908836e-07 1.1795287644e+04 5.0563926249e-01 3.2000000000e-01 
6.1483472345e-12 1.6685221726e+04 1.0336128471e+00 3.2000000000e-01 
9.6873171657e-09 1.3662257694e+04 6.3857656943e-01 3.2000000000e-01 
2.3500000000e-07 2.0000000000e+04 7.1526066914e-01 3.2000000000e-01 
3.2292965024e-11 1.1202608777e+04 1.0689510338e+00 3.2000000000e-01 
4.2077130958e-09 1.4361379403e+04 9.5344955901e-01 3.2000000000e-01 
9.3304557525e-08 1.2006432812e+04 2.8284167316e-01 3.2000000000e-01 
3.1364853212e-10 1.1577326316e+04 1.4178760097e+00 3.2000000000e-01 
1.6540830325e-09 1.2180746915e+04 5.5314849308e-01 3.2000000000e-01 
1.7795594234e-11 1.1822540192e+04 6.1140291888e-01 3.2000000000e-01 
3.5378050259e-10 1.3053335061e+04 6.4141400767e-01 3.2000000000e-01 
3.8060456766e-11 1.2984563978e+04 6.3266037186e-01 3.2000000000e-01 
2.0958724321e-08 1.1417232601e+04 8.7813263276e-01 3.2000000000e-01 
5.3215379169e-09 1.5944606282e+04 2.8924527231e-01 3.2000000000e-01 
5.4878591655e-11 1.7420943924e+04 3.4766216244e-01 3.2000000000e-01 
2.3499999999e-07 1.9737903508e+04 5.0604309162e-01 3.2000000000e-01 
1.8352555358e-08 1.6224003123e+04 1.1800064115e+00 3.2000000000e-01 
2.3500000000e-07 1.1881437083e+04 9.3837782885e-01 3.2000000000e-01 
3.5264283734e-09 2.0000000000e+04 2.7012221832e-01 3.2000000000e-01 
2.3500000000e-07 1.2576082160e+04 1.0272548684e+00 3.2000000000e-01 
1.5551235161e-07 1.4219081567e+04 5.2537771525e-01 3.2000000000e-01 
2.3500000000e-07 1.4567640179e+04 1.1835420904e+00 3.2000000000e-01 
1.3211666841e-07 1.2097017739e+04 1.0065370207e+00 3.2000000000e-01 
6.2936208061e-11 1.3287560770e+04 1.1569957770e+00 3.2000000000e-01 
1.2322391306e-09 2.0000000000e+04 6.8759189594e-01 3.2000000000e-01 
3.7939687435e-08 1.1956987444e+04 2.7458318121e-01 3.2000000000e-01 
8.2065997875e-11 1.4898806904e+04 9.8567792428e-01 3.2000000000e-01 
2.3686953744e-10 1.1570263084e+04 7.4753189131e-01 3.2000000000e-01 
9.9557588476e-09 1.1436079423e+04 1.3850860053e+00 3.2000000000e-01 
4.2576718913e-10 1.6354326091e+04 9.7064430064e-01 3.2000000000e-01 
3.9866245780e-09 1.3580071119e+04 1.1052007330e+00 3.2000000000e-01 
3.3538581032e-09 1.1858639241e+04 1.4463673773e+00 3.2000000000e-01 
1.5619263442e-09 1.1511858909e+04 3.9278554131e-01 3.2000000000e-01 
2.5927325625e-09 1.2518736850e+04 6.1679761486e-01 3.2000000000e-01 
1.4731172503e-10 1.2102780954e+04 1.4918189111e+00 3.2000000000e-01 
8.4514227533e-09 2.0000000000e+04 1.0077868922e+00 3.2000000000e-01 
2.3500000000e-07 1.1346563838e+04 1.1534105401e+00 3.2000000000e-01 
5.1531630467e-11 1.1696877849e+04 5.8467840923e-01 3.2000000000e-01 
4.4794014007e-10 1.1751392239e+04 6.4641952813e-01 3.2000000000e-01 
3.4034416731e-10 1.1326611130e+04 7.9546377130e-01 3.2000000000e-01 
3.6069842130e-08 2.0000000000e+04 1.4973867751e+00 3.2000000000e-01 
1.5951251821e-10 1.2159670485e+04 1.0394991917e+00 3.2000000000e-01 
2.1742323979e-10 1.6568697054e+04 1.0901056696e+00 3.2000000000e-01 
1.5122326137e-12 1.2117037657e+04 1.2782010853e+00 3.2000000000e-01 
1.8417827347e-11 1.2438075930e+04 1.1960670826e+00 3.2000000000e-01 
1.6711845958e-07 1.5062978201e+04 1.4104717756e+00 3.2000000000e-01 
5.5033508614e-09 1.2383774979e+04 1.2348035922e+00 3.2000000000e-01 
2.3500000000e-07 1.1675569079e+04 5.8001726355e-01 3.2000000000e-01 
2.3500000000e-07 2.0000000000e+04 1.2800402930e-01 3.2000000000e-01 
4.9519121525e-10 1.1416655043e+04 1.2179027391e+00 3.2000000000e-01 
1.7341736704e-07 1.1471071338e+04 4.7107424684e-01 3.2000000000e-01 
3.4299640722e-10 1.4787011711e+04 6.6737681156e-01 3.2000000000e-01 
7.9809893519e-11 1.2190675236e+04 1.3144122974e+00 3.2000000000e-01 
1.6215503779e-08 1.1580447405e+04 3.4825874758e-01 3.2000000000e-01 
3.4411354165e-09 1.1653818434e+04 1.0127059224e+00 3.2000000000e-01 
4.2930688801e-08 1.3868796571e+04 4.1639797805e-01 3.2000000000e-01 
2.5625832998e-09 1.7826336407e+04 1.0356285206e+00 3.2000000000e-01 
3.4529801010e-10 2.0000000000e+04 8.1984985521e-01 3.2000000000e-01 
2.3499999999e-07 1.1421500821e+04 1.1689926709e+00 3.2000000000e-01 
1.8429131315e-10 1.8739329044e+04 1.9322321121e-01 3.2000000000e-01 
4.1154857855e-08 1.9870840839e+04 5.9125810872e-01 3.2000000000e-01 
2.3499999999e-07 1.4357428067e+04 1.4005428907e+00 3.2000000000e-01 
4.4997828262e-09 1.2348703398e+04 1.0902087464e+00 3.2000000000e-01 
7.2442090623e-10 1.3960510133e+04 1.2716294084e+00 3.2000000000e-01 
1.3976962505e-07 1.2564138043e+04 1.0431726482e+00 3.2000000000e-01 
5.5156027313e-11 1.2441673226e+04 4.6221280608e-01 3.2000000000e-01 
3.4411625253e-09 1.1828544061e+04 7.2657273551e-01 3.2000000000e-01 
2.0329208016e-08 1.2159212773e+04 7.1457207923e-01 3.2000000000e-01 
3.2144188426e-08 1.1430315901e+04 1.2278135829e+00 3.2000000000e-01 
6.8698124176e-09 1.2375580243e+04 4.7265535493e-01 3.2000000000e-01 
6.5676759106e-08 2.0000000000e+04 3.4440971068e-01 3.2000000000e-01 
1.2886288063e-08 1.7209099052e+04 6.1294367106e-01 3.2000000000e-01 
1.7318799903e-08 1.1681264245e+04 1.4126868135e+00 3.2000000000e-01 
4.3260512164e-09 2.0000000000e+04 8.4838294917e-01 3.2000000000e-01 
6.3748795777e-08 1.3842215562e+04 4.9795523748e-01 3.2000000000e-01 
2.9230288317e-08 1.7977869728e+04 6.7549465530e-01 3.2000000000e-01 
2.6307351016e-09 1.4359486560e+04 8.2908066758e-01 3.2000000000e-01 
2.3499999999e-07 1.2166241381e+04 3.6424786470e-01 3.2000000000e-01 
2.3500000000e-07 1.2934421118e+04 8.7543693447e-01 3.2000000000e-01 
8.0699548625e-10 1.4745324951e+04 1.0517670664e+00 3.2000000000e-01 
1.9921753160e-12 2.0000000000e+04 9.9590525928e-01 3.2000000000e-01 
6.1525796383e-10 1.3877281272e+04 1.0019796735e+00 3.2000000000e-01 
2.3513133182e-09 1.4983338853e+04 9.0007452648e-01 3.2000000000e-01 
4.0024979122e-09 1.3637077822e+04 1.0432307031e+00 3.2000000000e-01 
4.0542466346e-09 1.4886709502e+04 1.0004636080e+00 3.2000000000e-01 
1.7261576377e-08 1.1588717597e+04 2.7235001912e-01 3.2000000000e-01 
2.9610530336e-08 1.2155784832e+04 5.8691207013e-01 3.2000000000e-01 
1.6509793263e-07 1.7578520862e+04 9.6468730515e-02 3.2000000000e-01 
3.3204895048e-10 1.5700499338e+04 9.8434898425e-01 3.2000000000e-01 
2.3500000000e-07 1.1390904788e+04 1.0227012905e+00 3.2000000000e-01 
1.2599785631e-10 2.0000000000e+04 3.1864926885e-02 3.2000000000e-01 
9.7913072274e-11 1.5125465255e+04 1.3403804955e+00 3.2000000000e-01 
7.5287450776e-12 1.1368451102e+04 9.0728931768e-01 3.2000000000e-01 
2.1138596484e-10 1.2228305450e+04 5.1387190367e-01 3.2000000000e-01 
2.7103043715e-08 1.2029150288e+04 1.0365288725e+00 3.2000000000e-01 
1.7148787039e-10 1.3453165739e+04 1.1741157087e+00 3.2000000000e-01 
3.5107821201e-11 1.2036665508e+04 1.4527249500e+00 3.2000000000e-01 
2.3500000000e-07 1.3301372891e+04 1.2113151816e+00 3.2000000000e-01 
1.1461707536e-07 1.2965636881e+04 6.5466011031e-01 3.2000000000e-01 
2.3499999999e-07 1.2497593873e+04 2.8592246644e-01 3.2000000000e-01 
3.1721319572e-09 2.0000000000e+04 1.1811504655e+00 3.2000000000e-01 
1.6634863544e-09 1.2135446994e+04 1.2279913135e+00 3.2000000000e-01 
1.6030706273e-09 1.1476086509e+04 1.0650747664e+00 3.2000000000e-01 
1.4439709961e-10 1.1546416222e+04 6.4956369059e-01 3.2000000000e-01 
1.3198641099e-08 1.7288044405e+04 3.8521991548e-01 3.2000000000e-01 
2.3499999999e-07 1.1305114177e+04 1.1322762585e+00 3.2000000000e-01 
1.1123525614e-08 1.2705783220e+04 5.1845601462e-01 3.2000000000e-01 
2.4944042883e-09 1.9744364896e+04 7.2952836688e-01 3.2000000000e-01 
1.8656433309e-10 1.2556181815e+04 1.5319780094e-01 3.2000000000e-01 
7.1014266363e-10 1.3971176392e+04 7.7180302700e-01 3.2000000000e-01 
2.3499999999e-07 1.2594716327e+04 1.2051910917e+00 3.2000000000e-01 
6.5265353737e-10 1.7222911168e+04 8.4984205533e-01 3.2000000000e-01 
2.3499999999e-07 1.2741297129e+04 1.0889335371e+00 3.2000000000e-01 
1.2932664301e-09 1.3625848567e+04 1.1972524494e+00 3.2000000000e-01 
1.0391732351e-09 1.2700629049e+04 1.4964588278e+00 3.2000000000e-01 
1.5567461972e-07 1.5757879146e+04 6.6031435879e-01 3.2000000000e-01 
1.3871229984e-07 1.1299622301e+04 1.0592752610e+00 3.2000000000e-01 
2.3500000000e-07 1.4274785699e+04 1.1931817998e+00 3.2000000000e-01 
9.3439679575e-10 1.2995430556e+04 9.3041468355e-01 3.2000000000e-01 
3.7694071367e-08 1.5913533946e+04 2.2748060078e-01 3.2000000000e-01 
2.7577894654e-11 1.2165229713e+04 8.5524636017e-01 3.2000000000e-01 
9.6250353804e-09 1.3882951902e+04 1.0049893888e+00 3.2000000000e-01 
2.3499999999e-07 1.2640185454e+04 1.1877664746e-01 3.2000000000e-01 
3.0801887213e-09 1.1900983908e+04 3.4184873201e-02 3.2000000000e-01 
2.1922807359e-10 1.3943418917e+04 9.9893498038e-01 3.2000000000e-01 
1.0530564727e-09 1.7657921364e+04 6.8116853378e-01 3.2000000000e-01 
6.2675273376e-10 1.1687001352e+04 4.5129756978e-01 3.2000000000e-01 
4.1140242072e-11 1.1502388146e+04 1.3941067315e+00 3.2000000000e-01 
2.3500000000e-07 2.0000000000e+04 9.0520289354e-01 3.2000000000e-01 
4.7062289354e-08 1.1401384638e+04 5.8051896318e-01 3.2000000000e-01 
6.1739416772e-09 1.1418857917e+04 2.7127621640e-01 3.2000000000e-01 
2.9889528563e-10 1.8542116747e+04 1.1323465303e+00 3.2000000000e-01 
2.3499999999e-07 1.2533342765e+04 1.1512536351e+00 3.2000000000e-01 
1.4562734241e-10 1.4288870450e+04 2.3489466919e-01 3.2000000000e-01 
2.3500000000e-07 2.0000000000e+04 7.4452711529e-02 3.2000000000e-01 
5.4315918501e-10 1.1375984500e+04 1.3193799477e+00 3.2000000000e-01 
1.8240182188e-10 1.2233887176e+04 5.0702443690e-01 3.2000000000e-01 
2.9413992469e-09 1.3386311257e+04 6.0744977419e-01 3.2000000000e-01 
1.3013341542e-11 1.6865289842e+04 4.2744096759e-01 3.2000000000e-01 
1.1533040934e-09 1.3534058907e+04 1.2205403647e+00 3.2000000000e-01 
5.8276385271e-10 1.3590610011e+04 5.4974798224e-01 3.2000000000e-01 
4.0963634049e-08 1.1682149260e+04 9.9437909001e-01 3.2000000000e-01 
4.3808939506e-09 1.1557756908e+04 1.0433655091e+00 3.2000000000e-01 
3.9240506865e-08 1.2528896859e+04 1.4602931488e+00 3.2000000000e-01 
2.3500000000e-07 1.1551396858e+04 9.2803637699e-01 3.2000000000e-01 
2.9544599221e-10 1.2623588149e+04 1.0637139810e-01 3.2000000000e-01 
2.2653805290e-08 1.4368564968e+04 1.3552167043e+00 3.2000000000e-01 
6.1435708132e-08 1.1454043435e+04 5.7049231009e-01 3.2000000000e-01 
1.6308442907e-07 1.1839534607e+04 1.0865492535e+00 3.2000000000e-01 
3.6531786264e-09 1.7078500215e+04 1.2900018650e+00 3.2000000000e-01 
2.3500000000e-07 1.3871008498e+04 1.3076880349e+00 3.2000000000e-01 
2.7362554762e-10 2.0000000000e+04 1.0261535729e+00 3.2000000000e-01 
8.6305736224e-08 1.8813771137e+04 1.0106504539e+00 3.2000000000e-01 
1.3914495057e-09 1.4868479957e+04 1.4782780981e+00 3.2000000000e-01 
2.3113675825e-08 1.4902206631e+04 9.4863897619e-01 3.2000000000e-01 
7.2165526898e-09 1.1232604977e+04 3.0984551927e-01 3.2000000000e-01 
2.2729911715e-07 1.1202674247e+04 6.5748212515e-01 3.2000000000e-01 
7.7039771420e-11 1.1471442321e+04 1.1198763977e+00 3.2000000000e-01 
4.9191838086e-09 1.8318706536e+04 4.3485258766e-01 3.2000000000e-01 
4.0281321740e-08 1.6647738888e+04 1.1622931353e+00 3.2000000000e-01 
2.3499999999e-07 1.3786021746e+04 3.5311473475e-01 3.2000000000e-01 
2.3500000000e-07 1.1847094088e+04 7.0740970112e-01 3.2000000000e-01 
2.3500000000e-07 1.2437829144e+04 3.5683500896e-01 3.2000000000e-01 
1.5858631750e-08 1.3739041074e+04 1.2598243929e+00 3.2000000000e-01 
1.1469380246e-10 1.6016859655e+04 4.7050891045e-01 3.2000000000e-01 
2.6380033197e-09 1.3046485556e+04 1.4214651468e+00 3.2000000000e-01 
2.7277956042e-10 1.1859297699e+04 1.1104342409e+00 3.2000000000e-01 
6.0767042054e-08 2.0000000000e+04 1.2327298706e+00 3.2000000000e-01 
4.9673612922e-11 2.0000000000e+04 1.4317302995e+00 3.2000000000e-01 
1.7179498431e-08 1.2073161937e+04 1.2640592896e+00 3.2000000000e-01 
4.0441250759e-11 1.5331810004e+04 4.3432496028e-01 3.2000000000e-01 
3.2885383934e-11 1.1781273278e+04 8.3912057888e-01 3.2000000000e-01 
2.3499999999e-07 1.3522326997e+04 1.0268687592e+00 3.2000000000e-01 
4.3054058325e-08 1.1574050051e+04 7.8780846008e-01 3.2000000000e-01 
1.4495904864e-10 2.0000000000e+04 1.4727054699e+00 3.2000000000e-01 
2.1342761574e-08 2.0000000000e+04 4.9373850544e-01 3.2000000000e-01 
5.7554606114e-11 1.3174750857e+04 1.3288347392e+00 3.2000000000e-01 
1.2336945665e-09 1.4049989561e+04 8.2663642916e-01 3.2000000000e-01 
4.2224213439e-13 1.5387278276e+04 8.6936860515e-01 3.2000000000e-01 
5.3197816451e-08 1.3911994276e+04 1.1299308309e+00 3.2000000000e-01 
2.4606736226e-09 1.2343957788e+04 7.7753890964e-01 3.2000000000e-01 
2.1209616736e-11 1.4340153388e+04 8.3749194705e-01 3.2000000000e-01 
3.9941373810e-08 1.2609701644e+04 9.2628576981e-01 3.2000000000e-01 
1.7227192342e-11 1.6293196417e+04 9.2126366340e-01 3.2000000000e-01 
1.7006589167e-10 1.1665350785e+04 5.1108899077e-01 3.2000000000e-01 
1.2144540870e-10 1.1862600656e+04 1.1643051206e+00 3.2000000000e-01 
1.1238326397e-08 1.9535281327e+04 3.9516891697e-01 3.2000000000e-01 
2.7851258471e-09 1.5544202038e+04 1.3805650775e+00 3.2000000000e-01 
5.9748915833e-09 1.5544319230e+04 8.7360651086e-01 3.2000000000e-01 
6.8840387962e-11 1.2910759971e+04 1.3383538165e+00 3.2000000000e-01 
3.2119201237e-12 1.3627307430e+04 1.4022641125e+00 3.2000000000e-01 
