Mass [kg]        Velocity [m s-1]    Theta [rad]    CO2 [ frac]    
3.2153784062e-12 1.1464156786e+04 9.1503663091e-01 9.2000000000e-01 
2.6913386562e-08 1.4910380979e+04 1.0511780097e+00 9.2000000000e-01 
2.9880931753e-10 1.1431714611e+04 5.4225253949e-01 9.2000000000e-01 
1.3104283263e-11 1.2445015289e+04 8.5577601081e-01 9.2000000000e-01 
2.8833487909e-09 1.2805989923e+04 2.8207351696e-01 9.2000000000e-01 
2.3499999999e-07 1.4271029505e+04 1.4597116267e+00 9.2000000000e-01 
2.9237049818e-12 1.7591535697e+04 1.0179241527e+00 9.2000000000e-01 
7.5825630126e-10 1.3528891275e+04 1.0019141246e+00 9.2000000000e-01 
8.9718040097e-09 1.1327410481e+04 1.1939427235e+00 9.2000000000e-01 
2.3500000000e-07 1.3882079437e+04 1.0915326796e+00 9.2000000000e-01 
5.1008402651e-09 2.0000000000e+04 1.2819975021e-01 9.2000000000e-01 
5.7819946949e-11 1.1241242303e+04 8.3432868782e-01 9.2000000000e-01 
3.7427541195e-11 1.2306786688e+04 9.7462810504e-01 9.2000000000e-01 
2.3500000000e-07 1.2963379247e+04 8.2570055239e-01 9.2000000000e-01 
2.3499999999e-07 1.1671831066e+04 1.2026553095e+00 9.2000000000e-01 
6.6130208375e-09 1.6124879613e+04 4.3751636999e-01 9.2000000000e-01 
6.6576742828e-10 1.6209663663e+04 5.3467440633e-01 9.2000000000e-01 
2.3500000000e-07 1.1280343822e+04 1.0636403502e+00 9.2000000000e-01 
2.8829425792e-11 1.1241593954e+04 7.6669916191e-01 9.2000000000e-01 
8.5355214227e-09 1.3315225213e+04 1.1701975667e+00 9.2000000000e-01 
9.7731344420e-08 1.2683644519e+04 1.2208792286e+00 9.2000000000e-01 
1.7422433740e-12 2.0000000000e+04 1.3419844248e+00 9.2000000000e-01 
2.2335976052e-08 1.2183518297e+04 1.0767490467e+00 9.2000000000e-01 
2.3500000000e-07 1.1252981403e+04 7.9664697950e-01 9.2000000000e-01 
7.2809882667e-09 1.2053070528e+04 1.4064925664e+00 9.2000000000e-01 
3.2543114311e-08 1.1202102392e+04 5.7542031546e-01 9.2000000000e-01 
6.5487559216e-09 1.7819205685e+04 1.3551371145e+00 9.2000000000e-01 
1.6367008109e-09 2.0000000000e+04 1.1236507497e+00 9.2000000000e-01 
1.1159147200e-12 1.2635939201e+04 1.0162987161e+00 9.2000000000e-01 
4.3930754235e-08 1.2703151439e+04 1.1575273769e+00 9.2000000000e-01 
2.3499999999e-07 2.0000000000e+04 8.6314916354e-01 9.2000000000e-01 
2.2189630080e-08 1.3954665792e+04 1.1854959627e+00 9.2000000000e-01 
1.0290499785e-08 1.1489271110e+04 1.0867810283e+00 9.2000000000e-01 
2.0668035336e-07 1.3310583687e+04 1.0336361336e+00 9.2000000000e-01 
2.5478948955e-11 1.2769230573e+04 1.5109937232e+00 9.2000000000e-01 
5.1325762735e-09 1.5739945805e+04 5.2688641296e-01 9.2000000000e-01 
1.0284015039e-08 1.7081270455e+04 8.0771873980e-01 9.2000000000e-01 
2.4439530671e-10 1.1406399696e+04 1.2945978090e+00 9.2000000000e-01 
1.6172037125e-07 1.2327599346e+04 1.2597068223e+00 9.2000000000e-01 
1.8879370361e-09 1.1828980116e+04 9.5585644366e-01 9.2000000000e-01 
1.4702144863e-08 1.5366056721e+04 3.8129939788e-01 9.2000000000e-01 
1.5376542784e-09 1.2163467822e+04 2.6849388014e-01 9.2000000000e-01 
2.3500000000e-07 1.3104496700e+04 6.1884328169e-01 9.2000000000e-01 
1.1058612389e-10 1.1564503505e+04 1.3771891578e+00 9.2000000000e-01 
2.3500000000e-07 1.9469995061e+04 8.0384594975e-01 9.2000000000e-01 
2.6281186081e-09 1.3112061960e+04 7.4484083730e-01 9.2000000000e-01 
2.4901598336e-09 2.0000000000e+04 1.2476119762e+00 9.2000000000e-01 
8.9869694441e-09 1.5534016571e+04 4.7160545992e-01 9.2000000000e-01 
2.2175208910e-12 1.4949330378e+04 1.4654168030e+00 9.2000000000e-01 
1.8714067033e-10 1.1526787462e+04 6.5851473604e-01 9.2000000000e-01 
2.3499999999e-07 1.1379083227e+04 7.9623204198e-01 9.2000000000e-01 
1.1075774189e-08 1.1252709796e+04 6.6954862846e-01 9.2000000000e-01 
1.7651661292e-11 1.1834866830e+04 2.7356591789e-01 9.2000000000e-01 
2.3500000000e-07 1.2567853528e+04 1.1908164542e+00 9.2000000000e-01 
9.8612932921e-11 1.1287338157e+04 6.7288531138e-01 9.2000000000e-01 
3.9050287101e-09 1.3098976783e+04 1.2045294391e+00 9.2000000000e-01 
2.3500000000e-07 1.1495751838e+04 4.4833403991e-01 9.2000000000e-01 
2.3500000000e-07 1.1413353203e+04 1.7902613084e-01 9.2000000000e-01 
2.3499999999e-07 1.1966128066e+04 1.0902477489e+00 9.2000000000e-01 
1.6186999646e-10 1.8791976601e+04 4.8259110676e-01 9.2000000000e-01 
2.3499999999e-07 1.7649868125e+04 6.5103452913e-01 9.2000000000e-01 
1.1257240914e-08 1.2247868175e+04 1.2073731830e+00 9.2000000000e-01 
7.7723092176e-12 1.7198222166e+04 9.1717433531e-01 9.2000000000e-01 
3.2660147927e-08 1.3123599121e+04 6.2141048041e-01 9.2000000000e-01 
1.9211728901e-09 2.0000000000e+04 4.9684614178e-01 9.2000000000e-01 
2.1848678940e-08 1.2774323934e+04 4.9554580433e-01 9.2000000000e-01 
7.4762229032e-09 1.3485178892e+04 1.2552394797e+00 9.2000000000e-01 
3.9205636456e-08 1.1951154018e+04 1.2634953182e+00 9.2000000000e-01 
2.2462916217e-11 1.4721131883e+04 7.8792561404e-01 9.2000000000e-01 
2.3500000000e-07 1.6268227843e+04 6.2892646782e-01 9.2000000000e-01 
1.8319991359e-07 1.4777757448e+04 9.1211846964e-01 9.2000000000e-01 
3.5077475454e-09 1.2347365513e+04 2.6046591375e-02 9.2000000000e-01 
3.4031762405e-11 1.1383205454e+04 7.1218262280e-01 9.2000000000e-01 
1.2400363409e-09 1.1256875110e+04 8.4091582332e-01 9.2000000000e-01 
1.4568458261e-09 1.7405906492e+04 8.9348389473e-01 9.2000000000e-01 
2.6028028001e-09 1.2228525494e+04 1.0535110531e+00 9.2000000000e-01 
2.3499999999e-07 1.2712671851e+04 8.7243717765e-01 9.2000000000e-01 
2.3500000000e-07 1.3970232003e+04 9.1989037740e-01 9.2000000000e-01 
1.4951685723e-08 1.1381378897e+04 1.1069822165e+00 9.2000000000e-01 
6.1887645741e-08 1.6039512009e+04 6.3541429887e-01 9.2000000000e-01 
8.6414385723e-10 1.2869339808e+04 7.4735820533e-01 9.2000000000e-01 
8.6007777603e-09 1.3095275975e+04 6.3362272636e-01 9.2000000000e-01 
1.1615366898e-09 1.5805153613e+04 1.0411662890e+00 9.2000000000e-01 
7.2053566105e-08 1.2826107605e+04 3.7416277880e-01 9.2000000000e-01 
2.3499999999e-07 1.3995065139e+04 4.4287490427e-01 9.2000000000e-01 
1.0071203868e-07 1.2084233718e+04 1.3544336868e+00 9.2000000000e-01 
6.0169062151e-11 1.2060700845e+04 7.8500390653e-01 9.2000000000e-01 
5.7624847532e-10 1.4154575506e+04 1.1104780964e+00 9.2000000000e-01 
3.2851515748e-10 1.2137846901e+04 4.2864090484e-01 9.2000000000e-01 
3.8981336492e-08 1.1822968469e+04 3.3882539808e-01 9.2000000000e-01 
7.3471702496e-09 1.1426727295e+04 4.8534812463e-01 9.2000000000e-01 
2.7068519496e-08 1.1838742538e+04 1.3244630562e+00 9.2000000000e-01 
2.0085227738e-11 1.1972409640e+04 1.3038498262e+00 9.2000000000e-01 
1.7849693201e-08 1.2353784179e+04 3.5183148010e-01 9.2000000000e-01 
1.1599538985e-08 1.2910782372e+04 1.3991426512e+00 9.2000000000e-01 
2.3098588673e-08 1.1337450969e+04 8.7784489542e-01 9.2000000000e-01 
2.0726345049e-07 1.9508407323e+04 5.0579563846e-01 9.2000000000e-01 
9.3433929990e-09 1.1319462989e+04 8.2862039119e-01 9.2000000000e-01 
8.8398067308e-08 1.3633837147e+04 1.0753115566e+00 9.2000000000e-01 
3.4694116391e-11 1.8914282322e+04 1.6643467214e-01 9.2000000000e-01 
1.1290356289e-09 1.7088851021e+04 1.1483924242e+00 9.2000000000e-01 
2.3499999999e-07 1.5253964922e+04 4.1185492180e-01 9.2000000000e-01 
2.5952075853e-10 1.2875281301e+04 1.3454219548e+00 9.2000000000e-01 
2.2470012970e-10 1.5304507826e+04 4.9702548166e-01 9.2000000000e-01 
1.3681921514e-09 1.7356295053e+04 1.9438631811e-01 9.2000000000e-01 
1.2706430124e-11 1.3997209224e+04 9.4135529213e-01 9.2000000000e-01 
2.3499999999e-07 1.2439637282e+04 9.3092904057e-01 9.2000000000e-01 
3.2302442916e-08 1.2938242916e+04 5.0540512356e-01 9.2000000000e-01 
4.3301671767e-10 1.1372047708e+04 6.2803355942e-01 9.2000000000e-01 
1.6701126780e-08 1.2762282467e+04 5.5840469452e-01 9.2000000000e-01 
3.9950669597e-09 1.3041220360e+04 6.6822673051e-01 9.2000000000e-01 
2.6236302118e-11 1.3912668660e+04 1.0005329366e+00 9.2000000000e-01 
4.9888053873e-10 1.3349205544e+04 3.3950692343e-01 9.2000000000e-01 
4.0263247031e-08 1.6887130067e+04 1.1228396876e+00 9.2000000000e-01 
8.5558247952e-10 1.2677016792e+04 8.1085738944e-01 9.2000000000e-01 
2.3500000000e-07 1.1472913131e+04 2.6941739070e-01 9.2000000000e-01 
1.4010890291e-11 2.0000000000e+04 2.6997533530e-01 9.2000000000e-01 
1.0578236442e-08 2.0000000000e+04 8.1857113907e-01 9.2000000000e-01 
3.2433296540e-10 1.2269320696e+04 5.2814897850e-01 9.2000000000e-01 
2.0777959260e-09 1.5880678085e+04 3.2012720621e-01 9.2000000000e-01 
4.0285514448e-08 1.2290112501e+04 3.8145809730e-01 9.2000000000e-01 
7.0612754386e-09 1.7856607462e+04 1.1488366502e+00 9.2000000000e-01 
2.3499999999e-07 2.0000000000e+04 1.0129142122e+00 9.2000000000e-01 
2.9454787668e-10 1.3459462757e+04 1.1430180605e+00 9.2000000000e-01 
3.9675299693e-09 1.9373308181e+04 1.0889536824e+00 9.2000000000e-01 
2.3499999999e-07 2.0000000000e+04 1.2096921217e+00 9.2000000000e-01 
2.5049431029e-09 1.1826172581e+04 1.1843722416e+00 9.2000000000e-01 
5.9540190329e-10 1.3849131357e+04 1.3669106088e+00 9.2000000000e-01 
3.9673283065e-10 1.1964421234e+04 5.5141707511e-01 9.2000000000e-01 
1.3342909910e-10 1.2110035519e+04 1.2899340629e+00 9.2000000000e-01 
3.3946014778e-10 1.3133951130e+04 3.7580146616e-01 9.2000000000e-01 
5.1033877027e-08 2.0000000000e+04 6.4547506851e-01 9.2000000000e-01 
3.8276173674e-09 2.0000000000e+04 8.5133659099e-01 9.2000000000e-01 
6.8369448091e-10 2.0000000000e+04 1.2861821316e+00 9.2000000000e-01 
5.7134451418e-08 2.0000000000e+04 2.8824391634e-01 9.2000000000e-01 
9.3819817790e-08 1.2831006127e+04 5.3331283334e-01 9.2000000000e-01 
2.3499999999e-07 2.0000000000e+04 4.2874644494e-01 9.2000000000e-01 
3.7785512782e-11 1.1280647758e+04 1.1426397949e+00 9.2000000000e-01 
2.3499999999e-07 1.2505721765e+04 2.8461784294e-01 9.2000000000e-01 
2.3499999999e-07 1.3811154837e+04 6.6446249675e-01 9.2000000000e-01 
1.8255866609e-08 1.2541901123e+04 8.2606046633e-01 9.2000000000e-01 
1.2434429568e-07 1.1429412015e+04 1.0417350954e+00 9.2000000000e-01 
2.0857670975e-09 1.2491981524e+04 6.5963244382e-01 9.2000000000e-01 
3.7242864704e-10 1.1953955396e+04 6.0341553326e-01 9.2000000000e-01 
3.8296588894e-09 2.0000000000e+04 4.8126434985e-01 9.2000000000e-01 
1.6046849294e-09 1.3117182016e+04 1.0693106631e+00 9.2000000000e-01 
2.7854310013e-10 2.0000000000e+04 4.6049903083e-01 9.2000000000e-01 
2.3499999999e-07 1.2622207270e+04 3.7325335626e-01 9.2000000000e-01 
2.4990425583e-11 1.2943002609e+04 7.8541164679e-01 9.2000000000e-01 
1.5502727011e-09 1.4876548646e+04 2.2135194612e-01 9.2000000000e-01 
1.7664909166e-07 1.2122023537e+04 3.6800185701e-01 9.2000000000e-01 
1.7330555365e-09 1.3673063941e+04 9.1400155086e-01 9.2000000000e-01 
3.3358353135e-09 1.2482978271e+04 5.1401645643e-01 9.2000000000e-01 
1.7906564559e-09 1.4597985178e+04 1.2291296627e+00 9.2000000000e-01 
1.0165839655e-07 1.5628268531e+04 2.9647259963e-01 9.2000000000e-01 
3.6739080159e-11 1.2791586262e+04 8.7820280926e-01 9.2000000000e-01 
5.4559061448e-08 1.4355835035e+04 1.2093831398e+00 9.2000000000e-01 
2.3500000000e-07 2.0000000000e+04 1.0767240123e+00 9.2000000000e-01 
6.0121548659e-11 2.0000000000e+04 1.1313430124e+00 9.2000000000e-01 
2.3499999999e-07 1.4307358603e+04 3.6304427072e-01 9.2000000000e-01 
1.3667034017e-09 1.1930111829e+04 1.1939146001e+00 9.2000000000e-01 
1.6916336588e-07 1.1454677461e+04 1.0840178334e+00 9.2000000000e-01 
1.0830026101e-09 1.8622193535e+04 7.3330183548e-01 9.2000000000e-01 
2.3499999999e-07 1.4186282324e+04 1.3794890890e+00 9.2000000000e-01 
1.2316820861e-09 1.6780117607e+04 8.0174211951e-01 9.2000000000e-01 
2.3499999999e-07 1.2847421584e+04 6.7312950011e-01 9.2000000000e-01 
2.3499999999e-07 1.2053242761e+04 2.0355611361e-01 9.2000000000e-01 
8.1113362046e-09 1.4406752363e+04 7.8001830737e-01 9.2000000000e-01 
2.4534402315e-09 1.1742426092e+04 4.1317036498e-01 9.2000000000e-01 
7.1968789504e-09 1.2140068082e+04 3.2963413626e-01 9.2000000000e-01 
4.2141545629e-08 1.2139316804e+04 6.3243710151e-01 9.2000000000e-01 
2.3499999999e-07 1.1400038661e+04 4.2535525627e-01 9.2000000000e-01 
6.5829693547e-09 2.0000000000e+04 1.0079492826e+00 9.2000000000e-01 
8.2865278912e-10 1.2396327157e+04 1.0739435949e+00 9.2000000000e-01 
7.2903611597e-10 1.4481925503e+04 8.3847308449e-01 9.2000000000e-01 
2.1765232529e-09 1.2146322824e+04 8.1546132521e-01 9.2000000000e-01 
7.8574710228e-09 2.0000000000e+04 5.6006376378e-01 9.2000000000e-01 
2.3500000000e-07 1.2832384738e+04 5.2168829224e-01 9.2000000000e-01 
1.6050163296e-09 1.7987777121e+04 1.2811285207e+00 9.2000000000e-01 
3.3552225133e-09 1.1790321552e+04 7.6717242013e-01 9.2000000000e-01 
2.3499999999e-07 1.3031156302e+04 4.9319423315e-01 9.2000000000e-01 
8.7962381417e-12 1.2189397217e+04 1.0334627167e+00 9.2000000000e-01 
2.5368741244e-08 1.1917429879e+04 5.2486303902e-01 9.2000000000e-01 
2.3500000000e-07 1.3115961577e+04 9.5943288240e-01 9.2000000000e-01 
1.4987755277e-09 1.2211677593e+04 1.1631144354e+00 9.2000000000e-01 
2.3500000000e-07 2.0000000000e+04 1.6989788411e-01 9.2000000000e-01 
2.2752653374e-09 2.0000000000e+04 7.0227442119e-01 9.2000000000e-01 
6.6828936964e-09 1.2107760414e+04 3.6205721046e-01 9.2000000000e-01 
2.3499999999e-07 1.7068213377e+04 9.8254264457e-01 9.2000000000e-01 
2.5018383825e-09 1.4085924546e+04 5.8817043750e-01 9.2000000000e-01 
2.9665340208e-10 1.3157670088e+04 4.5384657581e-01 9.2000000000e-01 
1.4702325945e-11 1.8661792599e+04 1.0474586144e+00 9.2000000000e-01 
8.1850485711e-11 1.2085691324e+04 3.0818170214e-01 9.2000000000e-01 
3.4618985043e-08 1.1772859125e+04 7.2667539757e-01 9.2000000000e-01 
1.0883164075e-09 1.2387674456e+04 8.7432109384e-01 9.2000000000e-01 
1.2834244079e-09 1.1594231667e+04 4.0839370678e-01 9.2000000000e-01 
2.7158618384e-11 1.5235785021e+04 3.2913148232e-01 9.2000000000e-01 
1.7385134921e-10 1.3136826419e+04 2.3719559007e-01 9.2000000000e-01 
1.9395924419e-11 1.4353956301e+04 8.1310008568e-01 9.2000000000e-01 
9.1378391580e-10 1.1535471479e+04 7.1638900798e-01 9.2000000000e-01 
