Radius [m]       Fe Area [frac]    Max Temp [k]    
7.8526740792e-06 1.0000000000e+00 1.5879851478e+03 
7.6750520634e-06 9.4011512946e-01 1.6563090460e+03 
4.9408527395e-05 1.0000000000e+00 1.4703461684e+03 
1.1623242443e-05 8.7075916439e-01 1.7351282509e+03 
9.6055700991e-06 1.0000000000e+00 1.5169630280e+03 
4.2826293655e-05 7.7391785448e-01 2.4573544943e+03 
7.3039376128e-06 8.2449081735e-01 2.3617285715e+03 
1.4251108296e-05 8.0511522828e-01 2.2739350955e+03 
2.2044869123e-05 7.5916475415e-01 2.1178978170e+03 
1.1391781740e-05 8.0785660870e-01 2.3200312764e+03 
5.5901972206e-05 8.1833635211e-01 1.8848088304e+03 
5.6176585450e-05 7.4923307431e-01 2.4004807217e+03 
6.6554492012e-06 1.0000000000e+00 1.4766528958e+03 
1.2037329412e-05 8.2300334035e-01 2.3071117456e+03 
2.7228716450e-05 7.8694380177e-01 2.0660305799e+03 
8.1086816421e-06 8.2080497430e-01 1.8105649878e+03 
1.5443148729e-05 7.8941741959e-01 2.2682852325e+03 
6.1450207040e-06 1.0000000000e+00 1.4309165617e+03 
5.4251800421e-05 7.9331162056e-01 1.9969274140e+03 
1.7941499218e-05 8.1560258983e-01 1.9458659221e+03 
4.9373806291e-05 7.7345242224e-01 2.3302694183e+03 
1.0913005023e-05 7.8148991920e-01 1.9793043111e+03 
4.7524909871e-05 6.9854012084e-01 2.2867457052e+03 
8.2441750367e-05 7.4809494333e-01 2.4813603605e+03 
3.7356153449e-05 7.3403072032e-01 2.2203593922e+03 
9.0286740327e-05 7.4154406069e-01 2.3467927290e+03 
2.4561328478e-05 7.8682384923e-01 2.4023985741e+03 
2.0073301407e-05 7.8487907168e-01 2.5974182525e+03 
5.2231102193e-05 7.5588131980e-01 2.4088010334e+03 
1.0393218429e-04 7.5194988685e-01 2.4486974599e+03 
7.9749828401e-05 7.3426331893e-01 2.4437223120e+03 
9.1229485386e-05 7.3177896113e-01 2.5089702128e+03 
5.3322883800e-05 7.7377311066e-01 2.4215142926e+03 
3.8708074745e-05 7.7125430770e-01 2.3748478599e+03 
5.9373953011e-05 7.4922375658e-01 2.3825648062e+03 
5.1142447731e-05 7.5384321301e-01 2.5150173832e+03 
2.5293688211e-05 7.5086920550e-01 2.2809963930e+03 
2.6584875293e-05 1.0000000000e+00 1.4851735419e+03 
1.3988910922e-05 8.2465988590e-01 2.2573705657e+03 
1.6985880653e-04 7.3803928407e-01 2.3274196169e+03 
6.2726748968e-05 7.9501033374e-01 2.2550393738e+03 
9.5001977313e-06 8.0519253893e-01 2.4215357218e+03 
1.4922035125e-05 8.2971851315e-01 1.8797832754e+03 
4.6557152231e-05 7.5408058722e-01 2.5231158536e+03 
2.3244914491e-05 7.8640108577e-01 2.3265079591e+03 
4.0221761129e-05 7.6185175040e-01 2.4413247105e+03 
2.1927506996e-05 7.7279579620e-01 2.6273054673e+03 
6.5704386348e-06 8.0322166416e-01 2.6369067455e+03 
6.1142705119e-05 8.0009734133e-01 2.3606952531e+03 
1.1750960185e-04 8.3396842134e-01 1.8797017907e+03 
2.9616153207e-05 1.0000000000e+00 1.5650742776e+03 
1.0395599497e-04 7.5034923678e-01 2.2917800960e+03 
5.6633350541e-06 7.9850063033e-01 2.6600957545e+03 
8.5524469350e-06 1.0000000000e+00 1.4629900406e+03 
4.5452998822e-05 7.5554346897e-01 2.3407352393e+03 
1.1770328106e-05 7.6005536160e-01 2.1244355812e+03 
2.9178047959e-05 7.5816033025e-01 2.1347014200e+03 
3.7076098351e-05 7.6918911886e-01 2.3997762124e+03 
7.4769304409e-06 1.0000000000e+00 1.4229082848e+03 
1.9118107660e-05 8.3117814900e-01 1.8852350363e+03 
5.6801698775e-05 7.4421981362e-01 2.5273878423e+03 
1.7097434954e-05 7.8238757900e-01 1.9699352123e+03 
1.1814665457e-04 7.2035947589e-01 2.5070523142e+03 
2.3498742766e-05 7.7494498277e-01 2.6108981638e+03 
1.9487551198e-05 7.8228404913e-01 2.0559197319e+03 
4.3708038668e-05 8.1025987591e-01 1.9707357349e+03 
2.3205292062e-05 7.8922416548e-01 2.0390992385e+03 
8.4092562413e-06 1.0000000000e+00 1.6045512000e+03 
4.6269513806e-05 7.7576575200e-01 2.3774986128e+03 
5.4425165606e-05 7.4900538126e-01 2.4168743460e+03 
3.2507985489e-05 7.9499702650e-01 2.4508565506e+03 
3.1546377264e-05 7.6830608623e-01 2.1077005430e+03 
1.7232191274e-05 8.2518224127e-01 2.3354740768e+03 
9.4409825428e-05 7.2379085769e-01 2.5235952332e+03 
2.1468332911e-05 7.4569433532e-01 2.2667135734e+03 
1.1682942612e-05 7.5823903180e-01 2.1638132977e+03 
3.0405977779e-05 7.6807220595e-01 2.5282928971e+03 
6.2031873931e-06 8.2374494772e-01 2.2429989414e+03 
7.0965365584e-05 7.4449928662e-01 2.5011023596e+03 
8.0036034847e-05 7.3126122663e-01 2.4704234766e+03 
3.1189407030e-05 7.4294376977e-01 2.2231989083e+03 
3.8927577244e-05 7.6192168277e-01 2.5211851919e+03 
3.3061179452e-05 8.2257293006e-01 1.9386970289e+03 
5.5715359167e-05 7.5545125085e-01 2.3830144833e+03 
1.6319091422e-04 7.6531943835e-01 2.3649628629e+03 
1.9681361008e-04 7.1557758090e-01 2.2679367108e+03 
1.2625473578e-04 7.1695142221e-01 2.2946891842e+03 
1.6435598055e-05 8.1487932606e-01 1.8911157318e+03 
8.6356081151e-05 1.0000000000e+00 4.2925511641e+02 
3.7820192613e-05 7.6294696165e-01 2.3680609006e+03 
1.1135901302e-04 7.6061548418e-01 2.4221430743e+03 
4.8991446046e-06 8.1740442995e-01 2.5254864921e+03 
2.3562743670e-05 7.4958048197e-01 2.1696798784e+03 
5.4437875980e-05 7.5451490191e-01 2.4489060391e+03 
7.7850092100e-06 8.1025857393e-01 2.5036372942e+03 
2.7710814643e-06 1.0000000000e+00 1.0305409863e+03 
8.5213928186e-05 7.2825239205e-01 2.4946637912e+03 
6.0198775374e-05 7.6931530775e-01 2.2941350081e+03 
4.2206429728e-05 7.5870985759e-01 2.3831984739e+03 
1.0613030163e-05 8.2019115518e-01 1.7915314289e+03 
4.6531623486e-05 7.5154569569e-01 2.5284280482e+03 
1.6877602886e-05 7.8078825340e-01 1.9866199968e+03 
2.6743101354e-05 7.5861989986e-01 2.1274472428e+03 
7.5306114955e-06 8.1972657463e-01 2.2903314938e+03 
3.3617804125e-05 7.6867763008e-01 2.3539612529e+03 
5.6410880863e-05 7.4845368886e-01 2.5153313338e+03 
2.9747336446e-05 7.8155414199e-01 2.3838887870e+03 
1.3645896019e-05 1.0000000000e+00 9.3700348522e+02 
5.4941404255e-06 7.9745900483e-01 2.6656093658e+03 
6.4143314628e-05 7.6524409006e-01 2.3898099350e+03 
6.7758619427e-05 7.5065695293e-01 2.4037080287e+03 
1.0575394760e-04 7.3860479993e-01 2.4160838795e+03 
1.9052721973e-05 8.2933347834e-01 1.9057549582e+03 
9.5470388139e-05 7.3092246821e-01 2.5060641772e+03 
1.8079183411e-05 7.6839849393e-01 2.0520905439e+03 
1.0152202774e-04 7.3067890990e-01 2.4734170422e+03 
9.7219460754e-05 7.3605954836e-01 2.4820016686e+03 
7.2279529587e-05 1.0000000000e+00 3.7016690951e+02 
8.2813565229e-05 7.3537567671e-01 2.4931597119e+03 
1.0761833334e-05 8.3671087817e-01 1.8236151874e+03 
1.9711184253e-05 7.4577785611e-01 2.2077527456e+03 
1.3676808307e-05 8.4983034126e-01 1.7873326176e+03 
2.0083111367e-04 9.1809212757e-01 1.6681372175e+03 
2.3440357036e-05 8.0557501400e-01 1.9888449149e+03 
8.1000897238e-05 7.7007830445e-01 2.3956626603e+03 
6.2438404874e-05 7.8199534502e-01 2.3268924542e+03 
9.7800368285e-06 8.1587833798e-01 2.3085243098e+03 
8.8748256991e-05 8.0086206444e-01 1.9272839295e+03 
8.7412955616e-06 8.2546517606e-01 2.2998012245e+03 
2.8114049532e-05 7.9135198886e-01 2.3323510507e+03 
8.2595295125e-05 7.4624955493e-01 2.4606447251e+03 
4.2823808407e-05 7.5158892788e-01 2.5322214849e+03 
4.6019358592e-05 7.9224021454e-01 2.0112303533e+03 
9.9353113084e-06 7.9491170026e-01 1.9018523177e+03 
4.0419756830e-06 1.0000000000e+00 1.3443243679e+03 
6.8612991255e-05 7.2160977695e-01 2.2516023822e+03 
6.7747470683e-05 7.3962886838e-01 2.5211999745e+03 
1.5781196871e-05 8.2505682397e-01 2.3392687365e+03 
1.4691207489e-05 8.3920976073e-01 1.8288930892e+03 
5.9638266205e-05 7.5823621034e-01 2.3510433742e+03 
2.7763351052e-05 7.5279499466e-01 2.2102355406e+03 
7.6562710472e-05 7.3251379753e-01 2.5197763699e+03 
2.5989092296e-05 8.6251564151e-01 1.7706002801e+03 
1.8976680697e-05 8.2359507201e-01 1.8774341974e+03 
1.8131535526e-05 8.7269844434e-01 1.7295225481e+03 
5.8028489827e-06 7.9956971556e-01 2.6602524695e+03 
6.4116912836e-05 7.6597115981e-01 2.4305732165e+03 
7.1852036006e-05 7.5881593093e-01 2.4702822020e+03 
2.0785340775e-05 7.8768664390e-01 2.1637225565e+03 
8.6845571159e-05 7.3209908970e-01 2.5066198271e+03 
1.1996328566e-04 7.2537631811e-01 2.4938763465e+03 
7.9168893888e-05 7.8246834037e-01 2.4075191309e+03 
5.7930608037e-05 7.1877992294e-01 2.3270391166e+03 
2.0237103560e-04 7.7319773280e-01 2.0600592791e+03 
6.3328417970e-06 8.1917757317e-01 2.2050344974e+03 
7.0571926338e-06 8.0585450849e-01 2.6217086486e+03 
6.9951314334e-05 7.3827173258e-01 2.4266003374e+03 
5.3883627403e-05 7.7995020715e-01 2.0626458602e+03 
9.8792207566e-05 7.3593572893e-01 2.4906278949e+03 
2.9014214635e-05 7.5203284985e-01 2.1604593972e+03 
1.4441623896e-05 7.9812095369e-01 2.3340277880e+03 
1.5985152368e-05 7.9652458343e-01 1.9917189466e+03 
6.1304597055e-06 8.2571877143e-01 2.3178986110e+03 
2.7087446217e-05 7.8835607585e-01 2.3734123522e+03 
1.0967891135e-04 7.4963955722e-01 2.4479095031e+03 
1.1037286345e-05 1.0000000000e+00 1.4622442481e+03 
7.5542471773e-06 8.0218688906e-01 2.6350269189e+03 
1.3783307039e-05 8.7429655090e-01 1.7337487237e+03 
3.0220748248e-05 7.7857078899e-01 2.3825526543e+03 
5.6565836433e-05 7.7446377357e-01 2.0898311517e+03 
1.0195439860e-05 8.0385652094e-01 2.2205621307e+03 
1.6822665571e-04 7.5675783144e-01 2.3478092198e+03 
3.0852721979e-05 7.8329870247e-01 2.3524924885e+03 
8.8565829097e-05 7.3532385700e-01 2.5034298031e+03 
1.1163263405e-05 1.0000000000e+00 1.5908877903e+03 
4.6797862191e-06 8.2540978156e-01 2.3245979502e+03 
4.0756070788e-06 1.0000000000e+00 1.1342399276e+03 
3.5952263182e-05 7.6649230431e-01 2.4811666504e+03 
2.3735179688e-05 7.8509746119e-01 2.3861859714e+03 
5.3199028838e-05 7.5680109037e-01 2.1418512038e+03 
5.5075828126e-05 7.0891727069e-01 2.2660588521e+03 
1.4583392350e-04 7.5617028896e-01 2.4014935455e+03 
5.7987549093e-05 6.9854177882e-01 2.3030491847e+03 
2.2402045095e-05 7.9454257902e-01 2.3841761035e+03 
7.2919325534e-05 7.3603083500e-01 2.5224996415e+03 
3.5240646267e-05 7.1681050098e-01 2.2574794410e+03 
2.4885931672e-05 7.4420074133e-01 2.2780408613e+03 
3.3139874120e-05 7.7624463643e-01 2.4303244904e+03 
6.4017462734e-05 7.4773312299e-01 2.4615364417e+03 
8.8506934875e-05 7.2812338649e-01 2.5206945945e+03 
4.7756655139e-05 7.5828840586e-01 2.4465716712e+03 
1.8746466489e-05 8.0680800416e-01 1.9053759215e+03 
4.8508740171e-06 8.2265688819e-01 2.4622462811e+03 
2.1190812729e-05 8.6958114799e-01 1.7429951139e+03 
3.7806183320e-05 7.6519017658e-01 2.3721243715e+03 
1.2180304015e-05 8.2099789778e-01 2.2141531531e+03 
1.3080809561e-04 7.3152832399e-01 2.4690013340e+03 
8.9046014736e-06 8.1989899143e-01 2.3605256409e+03 
1.3030159347e-05 1.0000000000e+00 1.6348117355e+03 
8.4852252588e-06 8.1746328739e-01 2.3776641131e+03 
