Mass [kg]        Velocity [m s-1]    Theta [rad]    CO2 [frac]    
1.0954295751e-07 1.2254408520e+04 1.4589954480e+00 8.2000000000e-01 
2.3632831075e-09 1.7173320532e+04 1.2869062812e+00 8.2000000000e-01 
4.9287776214e-08 1.2673478998e+04 9.6120086360e-01 8.2000000000e-01 
5.0007351788e-09 1.1232499598e+04 5.3050080500e-01 8.2000000000e-01 
3.0788026397e-09 1.2412679136e+04 1.4544204875e+00 8.2000000000e-01 
2.3500000000e-07 1.1759119146e+04 8.0423731131e-01 8.2000000000e-01 
1.4394990134e-11 1.3472375407e+04 1.2416974592e+00 8.2000000000e-01 
1.5952325572e-07 1.1357385998e+04 7.9693171470e-01 8.2000000000e-01 
7.1672380335e-08 1.4915363082e+04 4.3704397396e-01 8.2000000000e-01 
4.1771722537e-10 1.1479778058e+04 8.6010816498e-01 8.2000000000e-01 
1.8076024955e-09 1.2946476284e+04 6.2898913841e-01 8.2000000000e-01 
4.8692940690e-10 1.1722570100e+04 7.4358989936e-01 8.2000000000e-01 
2.2417110119e-09 1.1479283559e+04 1.2046581511e+00 8.2000000000e-01 
2.8450318832e-10 1.2471359676e+04 1.0234926089e+00 8.2000000000e-01 
2.3500000000e-07 1.1651405412e+04 8.7864032394e-01 8.2000000000e-01 
1.0886740455e-09 1.5728716397e+04 4.8831465895e-01 8.2000000000e-01 
2.6658106941e-13 1.9992005541e+04 1.2414611836e+00 8.2000000000e-01 
2.3500000000e-07 1.9770121383e+04 7.2985174215e-01 8.2000000000e-01 
8.6684067466e-11 1.1681166784e+04 6.1489887170e-01 8.2000000000e-01 
7.0820550637e-09 1.2961797664e+04 5.2678822543e-01 8.2000000000e-01 
2.2578403059e-12 1.2608365177e+04 9.0971590582e-01 8.2000000000e-01 
2.4444313405e-08 1.7243410030e+04 4.4108389285e-01 8.2000000000e-01 
2.3499999999e-07 1.6467704979e+04 7.8152020628e-01 8.2000000000e-01 
6.2416836015e-09 2.0000000000e+04 6.3847891615e-01 8.2000000000e-01 
1.9810158002e-10 1.1297079753e+04 9.3092166310e-01 8.2000000000e-01 
1.2759975421e-08 2.0000000000e+04 5.7688949432e-01 8.2000000000e-01 
1.9838639092e-09 1.3168726837e+04 7.2793685113e-01 8.2000000000e-01 
6.7546477067e-09 1.5994525659e+04 1.0688448075e+00 8.2000000000e-01 
5.9781236315e-08 1.1681579633e+04 1.3069102497e+00 8.2000000000e-01 
3.7377982899e-09 1.1367118535e+04 1.1569806699e+00 8.2000000000e-01 
8.6338337370e-09 1.3053304699e+04 1.2002755991e+00 8.2000000000e-01 
2.3499999999e-07 1.1703426130e+04 1.0005124884e+00 8.2000000000e-01 
5.3071647747e-09 1.3937622041e+04 7.0179406575e-01 8.2000000000e-01 
3.9211274985e-09 1.1879412310e+04 4.3413550086e-01 8.2000000000e-01 
2.3499999999e-07 1.5532140081e+04 6.6004522087e-01 8.2000000000e-01 
2.8272493180e-09 1.4009836424e+04 5.6124224792e-01 8.2000000000e-01 
1.5533594089e-11 1.3549409585e+04 3.2179648709e-01 8.2000000000e-01 
2.9752555898e-09 1.5432319657e+04 6.8690858514e-02 8.2000000000e-01 
1.2602689842e-07 1.3709965509e+04 9.5661765127e-01 8.2000000000e-01 
7.9906714570e-12 1.4753471879e+04 1.3917937397e+00 8.2000000000e-01 
1.6202330350e-07 1.2386446999e+04 4.4809142834e-01 8.2000000000e-01 
1.2338328248e-10 1.3382405278e+04 7.0599543938e-01 8.2000000000e-01 
3.2302863064e-11 1.8484754741e+04 1.2966232154e+00 8.2000000000e-01 
5.1763938740e-10 1.2160116426e+04 1.1528601030e+00 8.2000000000e-01 
8.4522366951e-08 1.1490801874e+04 8.1255367341e-01 8.2000000000e-01 
3.0275473902e-09 1.2337272466e+04 1.2386563407e+00 8.2000000000e-01 
1.4775827486e-07 1.2746774576e+04 1.1167918819e+00 8.2000000000e-01 
8.9720010485e-12 1.5439822750e+04 1.2662394902e+00 8.2000000000e-01 
7.8867422256e-10 1.2638733637e+04 1.5333369435e+00 8.2000000000e-01 
2.3499999999e-07 1.8588987018e+04 1.2923051508e+00 8.2000000000e-01 
7.4483507267e-11 1.2576399469e+04 1.3595674969e+00 8.2000000000e-01 
3.6132429350e-10 1.2720053382e+04 4.6549578893e-01 8.2000000000e-01 
8.7181856230e-11 2.0000000000e+04 8.5763972043e-01 8.2000000000e-01 
3.5976079449e-09 1.1411909596e+04 1.1929886462e+00 8.2000000000e-01 
2.3499999999e-07 1.7211235242e+04 1.3172070164e+00 8.2000000000e-01 
2.3499999999e-07 1.8131912035e+04 9.9785197082e-01 8.2000000000e-01 
1.1941227772e-08 1.1479306158e+04 5.5854403871e-01 8.2000000000e-01 
6.5769327200e-08 1.2811221328e+04 4.1170501094e-01 8.2000000000e-01 
2.1061505129e-07 1.1777255901e+04 1.0637864380e+00 8.2000000000e-01 
4.5142943360e-08 1.2678562876e+04 6.1824494037e-01 8.2000000000e-01 
3.1725153861e-10 1.3914396942e+04 5.1701177612e-01 8.2000000000e-01 
8.2818793090e-11 1.6141541073e+04 5.7561781750e-01 8.2000000000e-01 
4.1983009926e-11 1.8553599829e+04 1.0414265579e+00 8.2000000000e-01 
9.1043831735e-11 2.0000000000e+04 5.4486478856e-01 8.2000000000e-01 
8.9384454225e-10 1.7043383364e+04 3.0867697223e-01 8.2000000000e-01 
2.3500000000e-07 1.2930751355e+04 5.7876630340e-01 8.2000000000e-01 
7.7091944144e-11 1.3312298136e+04 5.3727476162e-01 8.2000000000e-01 
1.4369806733e-09 1.6957203715e+04 7.3107225251e-01 8.2000000000e-01 
1.8648356411e-09 1.1314038348e+04 6.6094134263e-01 8.2000000000e-01 
1.3123539719e-09 1.1533073851e+04 1.3899571052e+00 8.2000000000e-01 
2.3499999999e-07 1.3525922663e+04 1.3124387267e+00 8.2000000000e-01 
2.3500000000e-07 1.1874742412e+04 1.0796004262e+00 8.2000000000e-01 
2.3500000000e-07 1.4212370880e+04 9.6791888424e-01 8.2000000000e-01 
2.3500000000e-07 1.3415382321e+04 8.0539582585e-01 8.2000000000e-01 
2.3499999999e-07 1.4471486204e+04 7.2553710095e-01 8.2000000000e-01 
2.5502998664e-08 2.0000000000e+04 9.0234298493e-01 8.2000000000e-01 
2.1321473878e-11 1.5130568076e+04 1.2660317150e+00 8.2000000000e-01 
1.4120041247e-10 1.2236567773e+04 7.1184438686e-01 8.2000000000e-01 
1.0936304289e-10 1.1596728428e+04 1.0524679084e+00 8.2000000000e-01 
2.3500000000e-07 1.1740436325e+04 1.8662937478e-01 8.2000000000e-01 
4.9675247816e-08 1.3671447995e+04 5.1439945723e-01 8.2000000000e-01 
5.4762758887e-11 1.3234435424e+04 9.2981624804e-01 8.2000000000e-01 
3.5954358753e-09 1.3697974351e+04 1.2058300601e+00 8.2000000000e-01 
4.6112982333e-08 1.1803713623e+04 1.1946070574e+00 8.2000000000e-01 
2.3500000000e-07 1.6744077676e+04 9.1469142743e-01 8.2000000000e-01 
2.3500000000e-07 1.5918588868e+04 7.3772349122e-01 8.2000000000e-01 
2.2731146534e-08 1.5269280113e+04 7.8100414334e-01 8.2000000000e-01 
1.2677338608e-12 1.6359595632e+04 1.1069233283e+00 8.2000000000e-01 
1.1082960770e-07 2.0000000000e+04 1.1442804548e+00 8.2000000000e-01 
4.4866170333e-12 1.1337924689e+04 1.0005351984e+00 8.2000000000e-01 
1.9873748195e-08 2.0000000000e+04 6.8358384753e-01 8.2000000000e-01 
6.5260541162e-08 1.1662097980e+04 5.4933973295e-01 8.2000000000e-01 
3.2075102943e-10 1.6118396556e+04 1.3946261607e+00 8.2000000000e-01 
2.0618524335e-10 1.1911098503e+04 3.1393837095e-01 8.2000000000e-01 
4.1315764992e-13 1.4132967466e+04 1.2008140330e+00 8.2000000000e-01 
6.1661962417e-08 1.1322922181e+04 8.7086843801e-01 8.2000000000e-01 
1.5513084522e-09 1.1570325656e+04 7.2080381439e-01 8.2000000000e-01 
4.0265074124e-08 1.3651368513e+04 4.8211311826e-01 8.2000000000e-01 
3.7131131361e-09 1.3437209305e+04 1.1839542431e+00 8.2000000000e-01 
7.4515417210e-10 1.1995059282e+04 1.0902578900e+00 8.2000000000e-01 
7.7402501497e-08 1.6211250966e+04 1.0319815317e+00 8.2000000000e-01 
2.4307182600e-09 1.2676171531e+04 8.9488639977e-01 8.2000000000e-01 
4.2537239988e-10 1.3665344385e+04 1.1096523112e+00 8.2000000000e-01 
2.3500000000e-07 2.0000000000e+04 1.5461731670e-01 8.2000000000e-01 
1.2434586223e-09 1.3955536788e+04 1.3711385106e-01 8.2000000000e-01 
2.3499999999e-07 1.1609445531e+04 8.5288310772e-01 8.2000000000e-01 
1.4501171754e-07 1.6378962708e+04 9.9077191605e-01 8.2000000000e-01 
6.3737585271e-08 1.1385727556e+04 9.1659154660e-01 8.2000000000e-01 
2.3500000000e-07 1.2994329467e+04 1.3299695202e+00 8.2000000000e-01 
8.1529204021e-10 1.8669774146e+04 5.6412986486e-01 8.2000000000e-01 
6.3752450477e-10 1.3236112284e+04 9.7194861566e-01 8.2000000000e-01 
2.3500000000e-07 1.2797000685e+04 5.4705051394e-01 8.2000000000e-01 
6.2368936566e-09 1.6218943142e+04 4.8571146504e-01 8.2000000000e-01 
1.0665706744e-08 1.1264453579e+04 8.4428018114e-01 8.2000000000e-01 
1.0249392347e-08 1.2806067367e+04 1.1763179799e+00 8.2000000000e-01 
6.7882730112e-08 1.6080253707e+04 6.7804309037e-01 8.2000000000e-01 
1.5081039932e-11 1.5169332556e+04 8.3994284269e-01 8.2000000000e-01 
7.5217770034e-08 1.2982654651e+04 4.0581764060e-01 8.2000000000e-01 
4.2597399151e-08 1.4355454111e+04 5.0975040296e-01 8.2000000000e-01 
2.3500000000e-07 1.1587379308e+04 3.6022078534e-01 8.2000000000e-01 
2.3499999999e-07 1.3601732288e+04 2.6727521667e-01 8.2000000000e-01 
2.3500000000e-07 1.3530617383e+04 7.0439293978e-01 8.2000000000e-01 
2.3500000000e-07 1.1430877035e+04 8.2850810366e-02 8.2000000000e-01 
2.2456089937e-11 1.6010798798e+04 6.3827026733e-01 8.2000000000e-01 
3.0742308851e-11 1.2036647840e+04 8.3830014234e-01 8.2000000000e-01 
2.3500000000e-07 1.3515528743e+04 7.5766371978e-01 8.2000000000e-01 
2.3018276230e-07 2.0000000000e+04 5.3057781742e-01 8.2000000000e-01 
2.0543428164e-11 1.2568670145e+04 1.1651125551e-01 8.2000000000e-01 
2.1908901778e-10 1.2747878203e+04 6.3686702542e-01 8.2000000000e-01 
2.3801931201e-08 1.2024543291e+04 4.3018256344e-01 8.2000000000e-01 
8.3415511129e-08 1.8314103997e+04 9.4244761240e-01 8.2000000000e-01 
1.3781738439e-09 1.3140040579e+04 1.2027778685e+00 8.2000000000e-01 
1.0374863476e-10 1.1508478880e+04 9.5147248801e-01 8.2000000000e-01 
1.3524890580e-07 1.7906673897e+04 5.4907490840e-01 8.2000000000e-01 
2.3500000000e-07 1.4197074712e+04 1.4944693194e+00 8.2000000000e-01 
1.4146601469e-11 1.2704604164e+04 7.1893673026e-01 8.2000000000e-01 
8.5473023318e-09 1.3268439466e+04 8.0269218450e-01 8.2000000000e-01 
1.7726872113e-09 2.0000000000e+04 7.7313995568e-01 8.2000000000e-01 
2.3499999999e-07 1.2226492702e+04 1.4626898254e+00 8.2000000000e-01 
1.1490074839e-08 1.3512748556e+04 8.3831737090e-01 8.2000000000e-01 
2.6503942932e-10 1.5872901951e+04 6.2570531198e-01 8.2000000000e-01 
5.0654621168e-10 1.4160534317e+04 9.3345990167e-01 8.2000000000e-01 
1.9151421220e-08 1.4734160847e+04 7.3174224489e-01 8.2000000000e-01 
5.1396086937e-13 1.6128536962e+04 1.1421156236e+00 8.2000000000e-01 
2.4611127827e-10 1.2066525275e+04 6.6693243147e-01 8.2000000000e-01 
9.9977096471e-11 1.3222036769e+04 1.4739393124e+00 8.2000000000e-01 
1.2570553272e-08 1.2214261405e+04 1.0637329883e+00 8.2000000000e-01 
1.6256694533e-11 1.5636308852e+04 7.2570209847e-01 8.2000000000e-01 
4.6690087038e-10 1.1672575464e+04 3.3509450251e-01 8.2000000000e-01 
1.3435386273e-09 1.1519073530e+04 3.6704072469e-01 8.2000000000e-01 
6.8197941891e-10 1.2672931232e+04 3.4282962291e-01 8.2000000000e-01 
1.8164573019e-09 2.0000000000e+04 8.5252516258e-01 8.2000000000e-01 
6.9479060745e-10 1.1820272318e+04 5.5104834034e-01 8.2000000000e-01 
2.3500000000e-07 1.2550580968e+04 4.3818604438e-01 8.2000000000e-01 
3.3174364630e-10 2.0000000000e+04 1.0848743560e+00 8.2000000000e-01 
2.7055013865e-08 1.5272752103e+04 1.0661568477e+00 8.2000000000e-01 
6.2627005416e-10 1.8460626953e+04 7.1528197752e-01 8.2000000000e-01 
4.2257620997e-08 1.5071095251e+04 9.7525565361e-01 8.2000000000e-01 
3.3126214284e-08 1.1364665556e+04 7.6825091378e-01 8.2000000000e-01 
1.1032677720e-11 1.2254303653e+04 1.7137424430e-01 8.2000000000e-01 
3.7817135489e-11 1.4169197272e+04 1.1850904902e+00 8.2000000000e-01 
2.9849451292e-10 1.2483844587e+04 8.4635825724e-01 8.2000000000e-01 
6.3212997112e-10 1.1624951804e+04 1.2450925568e+00 8.2000000000e-01 
2.3500000000e-07 1.6438887703e+04 7.8240932118e-01 8.2000000000e-01 
1.0790542759e-09 1.2913021706e+04 8.4748173503e-01 8.2000000000e-01 
9.1597249823e-11 1.1899697159e+04 8.1486942425e-01 8.2000000000e-01 
4.1485307715e-08 1.3750393172e+04 4.1226213640e-01 8.2000000000e-01 
7.2796700097e-08 1.3713990818e+04 3.4293983176e-01 8.2000000000e-01 
2.3499999999e-07 1.1551701465e+04 1.1895414725e+00 8.2000000000e-01 
1.5770902661e-09 1.3028527594e+04 5.4501706000e-01 8.2000000000e-01 
2.3499999999e-07 1.3600282122e+04 5.6286098619e-01 8.2000000000e-01 
1.8315142333e-07 1.2071368780e+04 1.7257795159e-01 8.2000000000e-01 
4.1563182072e-11 1.2968389376e+04 7.7110187423e-01 8.2000000000e-01 
1.0382875152e-10 1.1512090978e+04 1.2603358533e+00 8.2000000000e-01 
9.2122837341e-09 1.3040633710e+04 1.2682415265e+00 8.2000000000e-01 
9.9579105023e-11 1.2119368012e+04 1.1684925108e+00 8.2000000000e-01 
2.7721730786e-08 1.3220345638e+04 2.2660590491e-01 8.2000000000e-01 
2.6356674544e-10 1.2702742042e+04 4.2434913734e-01 8.2000000000e-01 
8.3788715365e-08 1.3713299656e+04 8.7615205840e-01 8.2000000000e-01 
1.2564064734e-09 2.0000000000e+04 1.1003645022e+00 8.2000000000e-01 
8.3689281558e-10 1.1634337392e+04 1.6520489800e-01 8.2000000000e-01 
1.7412585628e-09 1.2481096913e+04 3.7127671299e-01 8.2000000000e-01 
2.3500000000e-07 1.4560258284e+04 9.4918968381e-01 8.2000000000e-01 
1.4900697114e-11 1.1208888729e+04 9.4536520910e-01 8.2000000000e-01 
1.0820757864e-07 1.5757611067e+04 5.1673438196e-01 8.2000000000e-01 
1.9195566081e-09 1.2343981712e+04 1.3189638278e+00 8.2000000000e-01 
8.7257201303e-09 1.9069551734e+04 1.0535164592e+00 8.2000000000e-01 
2.3499999999e-07 1.7008041114e+04 5.7881278187e-01 8.2000000000e-01 
4.6218421459e-08 1.3185295910e+04 7.3856046562e-01 8.2000000000e-01 
9.2369856985e-10 1.6391452894e+04 1.1304212521e+00 8.2000000000e-01 
2.3499999999e-07 1.1383113875e+04 9.0070231351e-01 8.2000000000e-01 
3.4186320724e-08 1.3282111708e+04 6.1210243454e-01 8.2000000000e-01 
1.3687896550e-08 1.2309291180e+04 9.1427439523e-01 8.2000000000e-01 
1.0014788331e-07 1.1864404580e+04 1.0183080534e+00 8.2000000000e-01 
2.3500000000e-07 1.1574635308e+04 2.4273031990e-01 8.2000000000e-01 
2.2898246598e-09 1.2604601616e+04 1.4532601642e+00 8.2000000000e-01 
2.0327276927e-10 1.7462780546e+04 7.7175698016e-01 8.2000000000e-01 
3.4126520664e-09 1.1702434098e+04 1.0107529611e+00 8.2000000000e-01 
1.6280552950e-09 1.1648277080e+04 9.4121613459e-01 8.2000000000e-01 
1.9350163453e-08 1.4991952808e+04 9.6274831689e-01 8.2000000000e-01 
