Mass [kg]        Velocity [m s-1]    Theta [rad]    CO2 [frac]    
3.6295222855e-08 1.2128378418e+04 1.0223861850e+00 8.2000000000e-01 
3.3245210244e-09 1.1227811115e+04 1.0018674841e+00 8.2000000000e-01 
2.8938964442e-10 1.3505456384e+04 8.9669119678e-01 8.2000000000e-01 
2.3500000000e-07 1.1678577365e+04 1.5351059233e-01 8.2000000000e-01 
1.0873822380e-08 1.3545144648e+04 1.1927921636e+00 8.2000000000e-01 
2.2463887010e-10 1.4941360977e+04 2.2715090575e-01 8.2000000000e-01 
5.1531645199e-10 1.8180952913e+04 8.4180604962e-01 8.2000000000e-01 
1.0935706542e-09 1.6821347790e+04 6.3141398670e-01 8.2000000000e-01 
4.5803296408e-10 1.3203161375e+04 8.6831490062e-01 8.2000000000e-01 
3.3811116027e-08 1.5773373500e+04 1.0371129686e+00 8.2000000000e-01 
3.4849939362e-10 1.2591526063e+04 1.4528960681e-01 8.2000000000e-01 
3.7664884227e-11 1.2285940322e+04 9.5556139331e-01 8.2000000000e-01 
1.2245134459e-08 1.1989538469e+04 1.0341451080e+00 8.2000000000e-01 
3.6477934553e-08 1.2713591288e+04 5.2684981077e-01 8.2000000000e-01 
1.1428260362e-08 1.8585710901e+04 1.0472527869e+00 8.2000000000e-01 
3.5075140314e-11 1.4278213611e+04 6.0188416798e-01 8.2000000000e-01 
3.7623497978e-09 1.2699372906e+04 4.0530084708e-01 8.2000000000e-01 
7.3269265228e-09 1.2577074527e+04 7.1396333392e-01 8.2000000000e-01 
4.9396195307e-10 1.2245888593e+04 7.6744127028e-01 8.2000000000e-01 
8.6588098133e-10 1.2225422583e+04 5.0541892086e-01 8.2000000000e-01 
2.3499999999e-07 1.6462213642e+04 6.8519628479e-01 8.2000000000e-01 
1.3464896469e-07 1.6667344622e+04 9.5614301201e-01 8.2000000000e-01 
9.0538614853e-09 1.6493315508e+04 6.2320583679e-01 8.2000000000e-01 
2.2390472335e-08 1.1296256046e+04 1.3916807508e+00 8.2000000000e-01 
1.3143714871e-07 1.2216854073e+04 6.5748745950e-01 8.2000000000e-01 
5.1793395405e-10 1.1251417058e+04 9.4716037510e-01 8.2000000000e-01 
1.3753122792e-11 1.4988559100e+04 1.0405250869e+00 8.2000000000e-01 
5.1696229117e-10 1.2150359285e+04 4.2389815954e-01 8.2000000000e-01 
7.9042648130e-10 1.3018523909e+04 1.3881233339e+00 8.2000000000e-01 
2.6451123602e-11 1.1529570101e+04 1.2957410403e+00 8.2000000000e-01 
6.3089130696e-10 1.2269057113e+04 1.2005827569e+00 8.2000000000e-01 
2.6044177754e-10 1.2094555364e+04 1.0642002037e+00 8.2000000000e-01 
2.9334324179e-09 1.2380461695e+04 1.2208787722e+00 8.2000000000e-01 
9.6864486218e-10 1.1900334309e+04 3.8057594902e-01 8.2000000000e-01 
1.3702667285e-08 1.2883383146e+04 8.4455793259e-01 8.2000000000e-01 
2.3500000000e-07 1.5333054172e+04 1.3664530465e+00 8.2000000000e-01 
8.1131012628e-09 1.1672648152e+04 4.8272949110e-01 8.2000000000e-01 
9.4978183458e-09 1.2236373027e+04 9.6061803332e-01 8.2000000000e-01 
1.2500936342e-11 1.3191934061e+04 9.0273275740e-01 8.2000000000e-01 
2.8509275468e-09 2.0000000000e+04 9.7490428030e-01 8.2000000000e-01 
5.1600032906e-12 1.3599642574e+04 7.9134790338e-01 8.2000000000e-01 
7.2298426697e-09 1.5276925836e+04 5.3090876919e-01 8.2000000000e-01 
5.1206263966e-08 1.2090344622e+04 9.9789180263e-01 8.2000000000e-01 
5.9516027779e-11 1.2635630791e+04 8.9773224794e-01 8.2000000000e-01 
1.1083503347e-09 1.1527637937e+04 3.0765417103e-01 8.2000000000e-01 
9.4142844694e-12 2.0000000000e+04 7.5310685173e-01 8.2000000000e-01 
2.3998177130e-09 1.5063626234e+04 1.2376942665e+00 8.2000000000e-01 
2.3499999999e-07 1.1933013848e+04 9.2877867158e-01 8.2000000000e-01 
2.9686221243e-11 1.2369027989e+04 8.4367307431e-01 8.2000000000e-01 
2.3499999999e-07 2.0000000000e+04 4.7757806482e-01 8.2000000000e-01 
2.7933530063e-09 1.1441787762e+04 6.5129767353e-01 8.2000000000e-01 
1.7106213032e-08 1.1974137672e+04 3.8326668133e-01 8.2000000000e-01 
9.3903521031e-12 1.1741926138e+04 7.5575770759e-01 8.2000000000e-01 
4.8003518785e-11 1.1428032323e+04 5.9905888586e-01 8.2000000000e-01 
1.6971780134e-09 2.0000000000e+04 5.5684880318e-01 8.2000000000e-01 
6.5935688423e-13 1.6824830199e+04 4.5876198231e-01 8.2000000000e-01 
3.2397559272e-10 1.2783258393e+04 4.2363875992e-01 8.2000000000e-01 
1.8003064471e-10 1.1740364540e+04 1.3262302879e+00 8.2000000000e-01 
2.3500000000e-07 1.2063161366e+04 3.3739845007e-01 8.2000000000e-01 
2.0269217127e-08 1.4847231226e+04 6.4996015023e-01 8.2000000000e-01 
1.9297013601e-10 1.5301543187e+04 3.6960973316e-01 8.2000000000e-01 
3.8093463449e-10 1.1996545112e+04 9.2446937011e-01 8.2000000000e-01 
4.8129569955e-08 1.3600635699e+04 7.1880835615e-01 8.2000000000e-01 
9.5380265395e-10 2.0000000000e+04 5.2780845249e-01 8.2000000000e-01 
1.1078792429e-11 1.1585866178e+04 5.4716929387e-01 8.2000000000e-01 
3.8295697482e-12 1.3917017617e+04 6.7382397594e-01 8.2000000000e-01 
1.9244183149e-11 1.1236690942e+04 7.5048136968e-01 8.2000000000e-01 
9.4715186240e-09 1.2902471232e+04 3.3551094241e-01 8.2000000000e-01 
2.3499999999e-07 1.5006229580e+04 1.3299461841e+00 8.2000000000e-01 
1.7349473195e-09 1.7082290388e+04 3.7881132910e-01 8.2000000000e-01 
1.0034927444e-07 1.1548339486e+04 4.8823577087e-01 8.2000000000e-01 
1.8150805348e-10 2.0000000000e+04 5.6080896781e-01 8.2000000000e-01 
1.8834084366e-10 1.2178629031e+04 9.3256816053e-01 8.2000000000e-01 
2.2139209749e-09 1.6083300597e+04 9.0259046133e-01 8.2000000000e-01 
2.3499999999e-07 1.5092616325e+04 9.1644661217e-02 8.2000000000e-01 
1.3573251895e-07 1.1705025082e+04 8.0650278767e-01 8.2000000000e-01 
7.7453121923e-08 1.4898552818e+04 3.0697121719e-01 8.2000000000e-01 
2.3499999999e-07 1.4587355167e+04 1.1881934113e+00 8.2000000000e-01 
1.0110894768e-07 1.6492363527e+04 4.1714825853e-01 8.2000000000e-01 
2.2874730989e-08 1.1415118079e+04 4.8148159128e-01 8.2000000000e-01 
2.3499999999e-07 1.2046922841e+04 1.1978658548e+00 8.2000000000e-01 
6.4685140646e-10 1.4362926064e+04 6.3494766404e-01 8.2000000000e-01 
1.6018225178e-10 1.1863613756e+04 1.1020259076e+00 8.2000000000e-01 
9.6558234710e-09 1.3017531561e+04 5.2704638965e-01 8.2000000000e-01 
2.3499999999e-07 1.4401321297e+04 8.2243161896e-01 8.2000000000e-01 
3.6493932286e-09 1.4251986886e+04 9.5926535599e-01 8.2000000000e-01 
9.9029118786e-09 1.1323418137e+04 1.1942847415e+00 8.2000000000e-01 
2.3500000000e-07 1.1754854169e+04 1.0289341105e+00 8.2000000000e-01 
2.3500000000e-07 1.1428890047e+04 8.8719393981e-01 8.2000000000e-01 
6.9210589419e-10 1.4242583074e+04 5.8705880759e-01 8.2000000000e-01 
7.9394061558e-09 1.1488739516e+04 7.4359077016e-01 8.2000000000e-01 
4.1605277557e-10 1.4747083340e+04 4.1957744571e-01 8.2000000000e-01 
2.6521462263e-08 1.2548222212e+04 1.1900558811e+00 8.2000000000e-01 
1.1622030380e-07 1.2030576992e+04 5.0639558605e-01 8.2000000000e-01 
6.3416588214e-09 1.1822400354e+04 4.0483729526e-01 8.2000000000e-01 
1.3694918567e-10 1.7504161202e+04 1.0624632395e+00 8.2000000000e-01 
4.5851159201e-08 1.4324815467e+04 1.1082493473e+00 8.2000000000e-01 
2.3499999999e-07 1.1835140263e+04 4.3869537284e-01 8.2000000000e-01 
1.5406535021e-09 1.9758495483e+04 1.0182799565e+00 8.2000000000e-01 
1.2514560406e-09 1.4747391091e+04 6.0197855619e-01 8.2000000000e-01 
1.9060224592e-07 1.3634428713e+04 9.3222050798e-01 8.2000000000e-01 
4.1321253158e-08 1.3348845220e+04 9.3981836774e-01 8.2000000000e-01 
1.2084453592e-08 1.1251776805e+04 5.4367753147e-01 8.2000000000e-01 
3.1999114722e-09 1.3031094356e+04 1.3774454739e+00 8.2000000000e-01 
2.1067372716e-11 1.5779825671e+04 1.4353134017e+00 8.2000000000e-01 
3.5932537056e-08 1.2254068671e+04 9.8476962484e-01 8.2000000000e-01 
3.0397376719e-09 1.2544944040e+04 5.9125131937e-01 8.2000000000e-01 
4.4867272088e-10 2.0000000000e+04 1.4924884486e+00 8.2000000000e-01 
2.6602072739e-09 1.1277569018e+04 4.5008566278e-01 8.2000000000e-01 
2.8272416393e-09 1.9088670791e+04 5.0329471829e-01 8.2000000000e-01 
5.6386214505e-09 1.2979702865e+04 1.1507660584e+00 8.2000000000e-01 
1.5186591149e-07 1.4481024657e+04 7.7736603193e-01 8.2000000000e-01 
1.2623120363e-07 1.4063055434e+04 8.5558642881e-01 8.2000000000e-01 
1.2173217991e-09 1.6556832589e+04 1.1469796568e+00 8.2000000000e-01 
2.3500000000e-07 1.2135369094e+04 8.6101547324e-01 8.2000000000e-01 
6.3150261318e-10 1.7913410059e+04 1.0560570654e+00 8.2000000000e-01 
1.2874205561e-08 1.1881692633e+04 3.0012359446e-01 8.2000000000e-01 
7.5367137865e-09 1.2869415977e+04 8.4865202038e-01 8.2000000000e-01 
8.8085592940e-10 1.1692704893e+04 1.2429491044e+00 8.2000000000e-01 
1.0626989245e-09 1.2058298825e+04 9.0540805847e-01 8.2000000000e-01 
1.6560538484e-09 1.1220196117e+04 1.0524309851e+00 8.2000000000e-01 
2.7420874504e-09 1.3608665107e+04 9.1238343147e-01 8.2000000000e-01 
7.4638823679e-08 1.2161007927e+04 6.1281879136e-01 8.2000000000e-01 
2.3500000000e-07 1.3903831775e+04 8.6544542670e-01 8.2000000000e-01 
2.0575084112e-09 1.1719182917e+04 3.3580822146e-01 8.2000000000e-01 
2.3145577254e-09 1.4557529154e+04 4.2186735109e-01 8.2000000000e-01 
3.0564071775e-09 1.2779493753e+04 2.9996038286e-01 8.2000000000e-01 
1.3077863157e-08 2.0000000000e+04 8.6563946503e-01 8.2000000000e-01 
1.6740114727e-07 1.4280374055e+04 7.7201156443e-01 8.2000000000e-01 
2.3500000000e-07 1.6123919583e+04 1.2758696493e+00 8.2000000000e-01 
1.2894899980e-09 1.2148019726e+04 6.1136123892e-01 8.2000000000e-01 
3.1246498183e-09 1.1529353875e+04 5.4572956221e-01 8.2000000000e-01 
2.1090825564e-08 1.1980348102e+04 2.3378009510e-01 8.2000000000e-01 
2.3499999999e-07 1.4755173234e+04 8.4469915979e-01 8.2000000000e-01 
1.1671891298e-08 1.2716202487e+04 4.6116855439e-01 8.2000000000e-01 
8.4919030322e-10 1.1992180648e+04 2.9968182848e-01 8.2000000000e-01 
2.2680056747e-07 1.2473341786e+04 3.2191373882e-01 8.2000000000e-01 
1.0577358829e-09 1.1963410786e+04 8.6891594232e-01 8.2000000000e-01 
6.5923754643e-10 1.2187666534e+04 3.9763920035e-01 8.2000000000e-01 
2.3500000000e-07 1.1791376521e+04 4.9239112233e-01 8.2000000000e-01 
2.3500000000e-07 1.1306314948e+04 4.3693388037e-01 8.2000000000e-01 
6.8466126652e-10 1.1321086260e+04 7.8691881973e-01 8.2000000000e-01 
6.0067990113e-11 1.2296546058e+04 6.6912738168e-01 8.2000000000e-01 
5.5489290189e-08 1.1391518471e+04 2.7709391559e-01 8.2000000000e-01 
2.8756966657e-11 1.5144416190e+04 4.1212922185e-01 8.2000000000e-01 
1.2042484211e-08 1.1268742062e+04 1.3840423057e+00 8.2000000000e-01 
2.3499999999e-07 1.2141392488e+04 1.0997234659e+00 8.2000000000e-01 
1.2084736662e-09 1.3779515562e+04 8.1634104598e-01 8.2000000000e-01 
2.4078373233e-11 1.2682681533e+04 5.6950217927e-01 8.2000000000e-01 
2.3500000000e-07 1.3513655675e+04 7.7970722465e-01 8.2000000000e-01 
2.3500000000e-07 1.4192802466e+04 6.8372740733e-01 8.2000000000e-01 
5.6508683800e-10 1.1653563354e+04 1.0758327219e+00 8.2000000000e-01 
4.2340026406e-08 1.2758294168e+04 6.2632200037e-01 8.2000000000e-01 
1.1924395819e-10 1.2027080161e+04 1.0525971807e+00 8.2000000000e-01 
2.3297297024e-09 1.1244307075e+04 6.1645339422e-01 8.2000000000e-01 
5.1250056761e-12 1.4264219886e+04 1.1898153296e+00 8.2000000000e-01 
2.8250797290e-11 1.3696955057e+04 2.1614400214e-01 8.2000000000e-01 
1.0496983578e-10 1.7694852130e+04 1.1383124925e+00 8.2000000000e-01 
9.5024385612e-12 1.2580263831e+04 5.8162656473e-01 8.2000000000e-01 
2.1274376830e-09 2.0000000000e+04 7.0203574971e-01 8.2000000000e-01 
3.3159762949e-08 1.1435092772e+04 6.3022980154e-01 8.2000000000e-01 
5.8055963014e-09 1.4981729955e+04 9.7630816125e-01 8.2000000000e-01 
1.7478251138e-11 1.2525982561e+04 5.0670494611e-01 8.2000000000e-01 
1.4033551298e-07 1.1718262229e+04 8.4461115188e-01 8.2000000000e-01 
8.3978313749e-09 1.6219380070e+04 1.4010463353e+00 8.2000000000e-01 
3.4935697430e-11 2.0000000000e+04 9.2236078157e-01 8.2000000000e-01 
3.7473709629e-10 1.1680593118e+04 3.4389103236e-01 8.2000000000e-01 
2.9391792231e-10 1.2699980800e+04 1.0604181408e+00 8.2000000000e-01 
2.3499999999e-07 1.3135510077e+04 1.1065844479e+00 8.2000000000e-01 
1.3929204534e-10 1.2988089808e+04 1.0851214142e+00 8.2000000000e-01 
5.2152917304e-10 1.6616856908e+04 3.1044725998e-01 8.2000000000e-01 
7.0428619729e-10 1.3178906633e+04 6.8269272361e-01 8.2000000000e-01 
2.3500000000e-07 1.6089423351e+04 1.1659182697e+00 8.2000000000e-01 
2.3499999999e-07 1.1527170763e+04 4.0044018464e-01 8.2000000000e-01 
5.9269817416e-09 1.2687080222e+04 6.1476042272e-01 8.2000000000e-01 
4.0402570163e-12 2.0000000000e+04 1.0534830354e+00 8.2000000000e-01 
2.8989217642e-10 1.2125059067e+04 1.0851641539e+00 8.2000000000e-01 
7.0117683655e-09 1.3815619563e+04 3.6954531052e-01 8.2000000000e-01 
2.4538422506e-10 1.1589307167e+04 5.8201191064e-01 8.2000000000e-01 
4.7531062199e-09 1.2494020835e+04 1.0655260699e+00 8.2000000000e-01 
1.9071371976e-08 1.5084781757e+04 2.5606593166e-01 8.2000000000e-01 
2.6158315860e-10 1.2279946454e+04 1.4002256641e+00 8.2000000000e-01 
2.3032553211e-09 2.0000000000e+04 5.2631378171e-01 8.2000000000e-01 
2.3500000000e-07 1.4972599079e+04 6.9320350292e-01 8.2000000000e-01 
2.3499999999e-07 1.2199072223e+04 3.8045997328e-01 8.2000000000e-01 
8.8952336559e-09 1.4263450364e+04 5.3899547256e-01 8.2000000000e-01 
1.6183894052e-08 1.3099871968e+04 3.2134094611e-01 8.2000000000e-01 
2.0089064102e-11 1.3328049706e+04 2.0506859417e-01 8.2000000000e-01 
3.9766026385e-10 1.4168092062e+04 1.0148011363e+00 8.2000000000e-01 
2.3500000000e-07 1.1450189983e+04 4.1941990805e-01 8.2000000000e-01 
4.2655238761e-10 1.1791995933e+04 8.9300998166e-02 8.2000000000e-01 
8.0528190255e-09 1.8000139891e+04 1.2990891472e+00 8.2000000000e-01 
1.3460866888e-08 1.2916944098e+04 1.6772493956e-02 8.2000000000e-01 
5.5100273201e-08 2.0000000000e+04 7.5473329593e-01 8.2000000000e-01 
4.6981070197e-10 1.1719607438e+04 6.8792714663e-01 8.2000000000e-01 
5.3563772347e-10 1.2276016884e+04 1.2304160773e+00 8.2000000000e-01 
7.4552538698e-08 1.6257997081e+04 4.8042665490e-01 8.2000000000e-01 
2.3500000000e-07 1.4167311430e+04 3.8705073412e-01 8.2000000000e-01 
2.3499999999e-07 1.1976845588e+04 4.3570402002e-01 8.2000000000e-01 
2.3499999999e-07 1.3948447273e+04 5.4978216982e-01 8.2000000000e-01 
