Radius [m]       Fe Area [frac]    Max Temp [k]    
8.9994230859e-05 5.7520284336e-01 2.4077076270e+03 
1.2539233215e-04 5.8206529973e-01 2.4588742129e+03 
1.6326542203e-04 5.7066668415e-01 2.3445894072e+03 
1.9893459894e-05 6.1209701294e-01 2.6029176724e+03 
2.3346495237e-05 5.9592968865e-01 2.2470463458e+03 
2.0630683404e-05 1.0000000000e+00 3.0000000000e+02 
5.8589974109e-06 6.1992647716e-01 2.3535021903e+03 
2.9598914336e-06 1.0000000000e+00 1.1252389139e+03 
2.0012149456e-04 1.0000000000e+00 3.0000000000e+02 
8.9198823618e-05 5.9039354842e-01 2.4867253177e+03 
7.5465711305e-05 5.7822429947e-01 2.4166780758e+03 
4.9298408714e-06 6.2493053963e-01 2.3049576263e+03 
2.2973492026e-05 5.9805384601e-01 2.3511511213e+03 
2.3455383000e-05 5.0085497523e-01 2.0147517282e+03 
1.3468596595e-04 5.7901954702e-01 2.3890397040e+03 
3.6864447900e-05 5.1081181331e-01 2.2313052277e+03 
3.7756560420e-05 5.7415070713e-01 2.3319237484e+03 
2.4228218457e-05 6.0444561298e-01 2.4163630763e+03 
6.1833365855e-05 5.6427888166e-01 2.3415394899e+03 
4.4721137702e-05 5.8759942674e-01 2.3995363433e+03 
1.5562793191e-05 6.0173962836e-01 1.7918329173e+03 
2.8586731858e-05 5.8169694933e-01 2.3076593757e+03 
2.2214736959e-05 6.0833922001e-01 2.4528777256e+03 
3.4860970801e-05 5.9787677474e-01 2.4426993919e+03 
2.6280846601e-05 4.9540101474e-01 2.1965755509e+03 
6.9097775038e-05 5.8729776450e-01 2.4385051644e+03 
2.6584182081e-05 5.9541204529e-01 2.3409028665e+03 
1.2620451605e-05 6.2565672152e-01 1.7577456574e+03 
5.8094153042e-05 5.6162838657e-01 2.3565211137e+03 
2.5419644555e-05 5.8077421922e-01 2.3104484816e+03 
1.9748986002e-05 6.5220434945e-01 1.7338262543e+03 
3.4297754319e-05 1.0000000000e+00 9.0015535255e+02 
9.7152496198e-05 5.7807685662e-01 2.4163102447e+03 
5.8758148521e-05 5.0297535457e-01 2.2675389353e+03 
1.5428313969e-05 6.1081714980e-01 2.3277472342e+03 
1.5032993957e-05 6.5650866223e-01 1.7338720524e+03 
2.2535179658e-05 4.8775147979e-01 2.0665214216e+03 
7.3044728849e-06 5.6408551841e-01 1.8599036580e+03 
2.7266695639e-05 5.7447826807e-01 2.2592480780e+03 
1.5863818823e-05 6.8371464393e-01 1.7110401318e+03 
1.2230018141e-05 1.0000000000e+00 1.4863324612e+03 
3.9990330347e-05 6.0621979443e-01 2.4416201963e+03 
1.2228271898e-05 5.9316802864e-01 2.1775381559e+03 
7.5482783338e-06 6.0338456902e-01 2.1936660525e+03 
7.6954970022e-06 7.3005917666e-01 1.6828798744e+03 
6.0728511919e-05 7.0927446915e-01 1.6956310255e+03 
4.3762959796e-05 6.7614024414e-01 1.7139103098e+03 
9.1006343924e-05 5.6070706105e-01 2.3672066333e+03 
3.7844233611e-06 1.0000000000e+00 1.3856848617e+03 
4.5788089729e-05 5.0618616818e-01 1.9878278779e+03 
1.6334858222e-05 5.6026348622e-01 2.2363762678e+03 
2.3219835620e-05 5.9060047621e-01 2.2518626083e+03 
5.9207967244e-05 5.7522892227e-01 2.3640274879e+03 
1.4229358269e-04 5.7051545948e-01 2.3908576494e+03 
4.3059507997e-05 5.7335468173e-01 2.3222728436e+03 
4.2057219014e-05 5.6836283524e-01 2.3254541231e+03 
7.5982906280e-06 1.0000000000e+00 1.3744081936e+03 
7.8280900812e-06 6.2530254170e-01 2.5766263182e+03 
3.0131877942e-05 1.0000000000e+00 1.3759834213e+03 
9.6633543805e-05 5.8884907078e-01 2.4154889665e+03 
7.0476007474e-06 6.5144896001e-01 1.7383176779e+03 
3.5712824294e-05 7.0453915665e-01 1.6981932448e+03 
9.6646240864e-06 6.1493519983e-01 2.2751126898e+03 
1.1106387074e-04 5.8477837779e-01 2.4817950112e+03 
1.1563768522e-05 5.5630737054e-01 1.8940167284e+03 
4.7177524093e-05 5.9678010842e-01 2.4673264343e+03 
1.3571049325e-05 6.1418342132e-01 2.4350655286e+03 
1.3885236637e-05 6.1682063304e-01 2.5669918975e+03 
3.7067692507e-05 6.0458508434e-01 2.4989458611e+03 
6.3055781290e-05 5.6474134790e-01 2.3343614966e+03 
3.7821463392e-05 5.8570867283e-01 1.8114128546e+03 
7.2628948397e-05 4.9781828907e-01 2.2548832255e+03 
1.5548611073e-04 4.8450474435e-01 2.0815224817e+03 
2.1652559594e-04 4.8694804770e-01 2.1547974258e+03 
1.3597571017e-05 5.9615361532e-01 2.2956464640e+03 
2.3350552499e-05 6.0896302449e-01 2.5703453303e+03 
4.5097166797e-05 6.0141243928e-01 2.5121483046e+03 
1.3242185191e-05 1.0000000000e+00 1.2090424773e+03 
7.0591013782e-05 5.7187300529e-01 2.3776383252e+03 
3.9406797001e-05 6.0342104482e-01 2.5026369141e+03 
2.1358577668e-05 8.3136519847e-01 1.6565919382e+03 
2.3713191581e-05 5.6840485767e-01 2.2942458005e+03 
2.3308360580e-05 6.0468361196e-01 2.4219321961e+03 
8.4995761469e-05 5.9127172600e-01 2.4533669306e+03 
6.6790589171e-05 5.6415923658e-01 2.3720255584e+03 
1.0538877204e-05 1.0000000000e+00 1.6341676990e+03 
1.2048082398e-04 5.8054375680e-01 2.3952318670e+03 
1.9131517225e-05 4.8975451054e-01 2.0600756610e+03 
9.7989815687e-05 5.8813940432e-01 2.4829342738e+03 
1.8974297863e-05 6.0889597401e-01 2.3863971506e+03 
6.3978431560e-05 5.9819890869e-01 2.3976530298e+03 
1.6757458704e-04 5.7548985896e-01 2.3047738860e+03 
2.8417892810e-05 5.8263229708e-01 2.2952587741e+03 
5.1374232965e-05 5.6809184333e-01 2.3368836683e+03 
3.9907279382e-05 5.0232626815e-01 2.0002140520e+03 
5.6536821293e-05 5.4192394450e-01 2.2292970531e+03 
3.4662387127e-05 4.8333985688e-01 2.1016270905e+03 
8.8182018195e-05 5.6910918172e-01 2.3602776518e+03 
1.0270437186e-05 6.0418371941e-01 2.2638680833e+03 
2.5256055786e-05 5.1864905032e-01 1.9498111193e+03 
6.2040932133e-06 6.1249874631e-01 2.2549515171e+03 
5.3891912672e-06 6.2499912790e-01 2.3088330783e+03 
9.5527461455e-05 5.8853241560e-01 2.4882389998e+03 
2.1715101469e-05 6.0174874539e-01 2.4142914661e+03 
6.5197737212e-05 5.2706290987e-01 2.3120950713e+03 
1.7290935001e-05 5.1505930062e-01 1.9603479566e+03 
6.2713944566e-05 5.9382411768e-01 2.4463824181e+03 
3.4960938265e-05 5.9336482420e-01 2.4077509736e+03 
6.8761900489e-06 5.6691410352e-01 2.1424066788e+03 
5.5108460800e-05 5.9104597375e-01 2.4384411531e+03 
4.3833365874e-05 5.7846482627e-01 2.3390220036e+03 
5.4198826953e-05 5.8283199965e-01 2.4025733959e+03 
5.4124225222e-06 6.2484383312e-01 2.3049755827e+03 
6.4397694132e-05 5.6875141156e-01 2.3688781130e+03 
9.8428685669e-05 5.8848170795e-01 2.4188421661e+03 
4.1017615120e-05 6.0362408305e-01 2.4655266277e+03 
7.9306791189e-06 6.2548545820e-01 2.3194606647e+03 
1.2325615302e-05 6.1191197816e-01 2.4229352361e+03 
7.8680784093e-05 5.8386200751e-01 2.4294094729e+03 
6.8404765304e-06 6.2649479940e-01 2.3349343210e+03 
2.6866645400e-05 1.0000000000e+00 1.6358520123e+03 
2.3204954571e-05 5.9502364299e-01 2.3730416141e+03 
5.7487813695e-05 5.9301319739e-01 2.3141406869e+03 
6.2885961216e-05 4.9472807646e-01 2.0324733018e+03 
2.9752035998e-05 5.9869203067e-01 2.4394283869e+03 
8.9006050107e-05 4.8467675103e-01 2.2179618864e+03 
1.3234337940e-04 5.6712528572e-01 2.3525203235e+03 
2.8338305894e-05 5.7422058096e-01 2.2559091686e+03 
4.8650067676e-05 5.8779211362e-01 2.3769359725e+03 
7.6505130545e-05 5.9329905326e-01 2.4665369449e+03 
4.3689668783e-05 4.8702591106e-01 2.0664370662e+03 
1.0143156659e-04 5.8747860298e-01 2.4375402414e+03 
1.1974497682e-04 5.8321935796e-01 2.4410837495e+03 
1.9641072560e-05 6.0239419706e-01 1.7863961906e+03 
6.9246869788e-06 1.0000000000e+00 1.5556295672e+03 
4.5532112054e-05 5.8254716877e-01 2.3006924304e+03 
4.3753284908e-05 4.8728812268e-01 2.2141772356e+03 
4.9570574492e-05 5.8167386988e-01 2.3616339748e+03 
4.8230399931e-06 1.0000000000e+00 1.4893303428e+03 
8.8116697074e-06 5.9868047789e-01 2.2427373053e+03 
1.1426611198e-05 1.0000000000e+00 1.4727411296e+03 
3.2526406357e-05 1.0000000000e+00 3.0000000000e+02 
1.2211312056e-04 5.8262480757e-01 2.4382084613e+03 
1.2601523947e-05 1.0000000000e+00 1.4602339680e+03 
1.0933064387e-04 5.8585724868e-01 2.4149118416e+03 
1.2547782717e-04 5.7859642409e-01 2.4342992325e+03 
1.7691384282e-05 5.8921532747e-01 2.1987066713e+03 
5.6396266189e-05 5.9875211236e-01 2.4733450307e+03 
9.1792490469e-05 5.7540296666e-01 2.4013385345e+03 
1.3828718158e-05 5.1891512161e-01 2.0058791309e+03 
6.4370982636e-05 5.8381629047e-01 2.4126096040e+03 
1.3709021529e-05 6.2690347527e-01 2.4952509417e+03 
1.4208337136e-05 1.0000000000e+00 1.6382560045e+03 
1.0452264039e-04 5.8290828914e-01 2.4678547857e+03 
8.8341773178e-05 5.9050612033e-01 2.4895617418e+03 
4.0361956359e-05 5.4687583020e-01 2.3102129141e+03 
1.2556611309e-04 5.8164831178e-01 2.4248361849e+03 
1.4377727163e-04 5.7687831698e-01 2.4180114426e+03 
8.4641584214e-05 5.7118955638e-01 2.3844407457e+03 
8.0572926066e-05 5.7366945855e-01 2.3363684938e+03 
2.3646517938e-05 5.8677845414e-01 2.2537798514e+03 
7.7710637510e-06 6.1354056311e-01 2.2429611093e+03 
3.2375965617e-05 4.8020903827e-01 2.1309509192e+03 
8.0141416846e-05 5.7793590898e-01 2.4041192935e+03 
5.3100866220e-05 5.7689635070e-01 2.3768028125e+03 
2.9012184615e-05 6.0487777623e-01 2.4453804025e+03 
1.3038487453e-04 5.8641440646e-01 2.3060870083e+03 
9.0852844194e-05 5.7866071568e-01 2.4094982114e+03 
1.4061134577e-05 1.0000000000e+00 1.4039425510e+03 
4.4834016260e-05 5.8045315684e-01 1.8165012892e+03 
5.5621888234e-06 6.2379150572e-01 2.6216729949e+03 
1.5203537386e-05 5.6445491690e-01 1.8449456942e+03 
6.5218692585e-05 5.6618982362e-01 2.3670464999e+03 
1.6841081389e-05 6.0224610654e-01 2.2540332104e+03 
4.8820808648e-05 4.9607408725e-01 2.2097096785e+03 
5.6154883605e-06 6.0828671847e-01 2.1955108825e+03 
1.1469979386e-05 7.4526447559e-01 1.6750025566e+03 
1.1943660548e-04 5.8327862447e-01 2.4691741858e+03 
1.0186707219e-05 6.1650914784e-01 2.5479357555e+03 
5.4186755727e-05 5.7718911526e-01 2.3225106052e+03 
7.1762116568e-06 6.2171394425e-01 2.5224056308e+03 
4.8713663583e-06 6.2507063496e-01 2.5523249027e+03 
1.4417774668e-05 5.6027290892e-01 1.8621309757e+03 
1.9154197361e-05 6.0494778735e-01 2.3102758805e+03 
6.3299677566e-05 5.9649746858e-01 2.5023984161e+03 
2.8413631593e-05 1.0000000000e+00 7.8359104495e+02 
1.4730788002e-05 6.0752040799e-01 2.3103471575e+03 
2.9007666811e-05 4.8875739399e-01 2.0935637844e+03 
4.8551318226e-05 5.9371217820e-01 2.4497319986e+03 
1.3782579443e-05 5.9889090037e-01 1.7908655150e+03 
7.6612769937e-06 5.9606003528e-01 1.8143577003e+03 
5.7110026387e-06 1.0000000000e+00 1.5219308128e+03 
9.9450750001e-06 6.1636444433e-01 2.3965655267e+03 
4.9394087326e-05 5.8292638505e-01 2.3978277979e+03 
5.7968826792e-05 5.6118988709e-01 2.3296755408e+03 
1.5050480329e-05 5.8861003290e-01 2.2664156665e+03 
1.1818062980e-05 1.0000000000e+00 1.5940461478e+03 
3.6649947716e-05 4.8259263472e-01 2.1173559532e+03 
1.3055741428e-04 5.8073972843e-01 2.4412107417e+03 
3.1594387241e-05 4.9003885131e-01 2.0519954915e+03 
