Radius [m]       Fe Area [frac]    Max Temp [k]    
2.3966218764e-05 5.7259787651e-02 1.8845108929e+03 
6.6385110845e-05 0.0000000000e+00 2.4966765716e+03 
1.4396681029e-05 1.8012875675e-01 1.6511585240e+03 
6.2095417242e-06 3.3966692946e-01 1.2661111341e+03 
7.1255641338e-06 2.1703137154e-01 2.5780153718e+03 
1.4675736756e-04 0.0000000000e+00 2.4154009704e+03 
2.5024631722e-05 4.6626981050e-02 1.8882192226e+03 
3.3114030725e-05 2.2706363523e-01 1.5425541761e+03 
1.8948091594e-05 2.7263365079e-01 1.4326837014e+03 
1.1907989654e-04 3.7911522524e-02 2.3954187395e+03 
2.3308964192e-05 1.1083990702e-01 1.7952329268e+03 
4.3689246571e-05 1.1203587850e-01 2.3271021551e+03 
2.3317485486e-05 1.0932824311e-01 1.7776808906e+03 
1.2973314054e-05 1.1522401324e-01 1.7894584086e+03 
1.0681424791e-04 0.0000000000e+00 2.4329461297e+03 
2.4717159563e-04 0.0000000000e+00 1.9440927263e+03 
2.5262904340e-05 1.0609099008e-01 2.4376505454e+03 
6.6371345263e-06 2.4809823733e-01 2.2937293132e+03 
1.6168514082e-05 1.5526926629e-01 1.7010877788e+03 
5.2274919697e-05 0.0000000000e+00 2.3839413172e+03 
2.6151967540e-05 0.0000000000e+00 1.9850379174e+03 
6.2699514896e-06 2.3738896422e-01 2.5365054815e+03 
1.1689260059e-05 1.8810018288e-01 1.6143507044e+03 
1.7237467910e-04 0.0000000000e+00 2.4214636632e+03 
4.2517213702e-05 3.9298543273e-02 2.3828476321e+03 
1.7514719223e-05 4.6886492155e-02 1.8676887457e+03 
1.6471511355e-05 1.4063031608e-01 1.7357110541e+03 
5.1278664770e-05 2.2157553709e-02 2.4592078266e+03 
6.2633345333e-05 0.0000000000e+00 2.3014295135e+03 
2.6832347673e-05 9.3751764659e-02 2.3042636144e+03 
8.3921151965e-05 0.0000000000e+00 2.1985121312e+03 
1.1101885725e-04 0.0000000000e+00 2.4606109242e+03 
6.5971618372e-05 0.0000000000e+00 2.4898142291e+03 
8.6906107852e-05 0.0000000000e+00 2.3716348441e+03 
2.0368212202e-05 0.0000000000e+00 2.0000117261e+03 
7.6395302932e-06 1.0000000000e+00 1.1512035676e+03 
1.5426520857e-04 0.0000000000e+00 2.4704250056e+03 
1.4551705665e-04 0.0000000000e+00 1.9437454568e+03 
1.4349682288e-05 1.7166772507e-01 1.6712889755e+03 
9.6677097238e-05 1.0000000000e+00 3.5974846459e+02 
1.0155333920e-04 0.0000000000e+00 2.5302780987e+03 
1.8526508855e-05 2.1125498783e-01 2.3655212827e+03 
1.7073269997e-05 2.6544148368e-01 1.4388878298e+03 
2.5877064332e-05 1.0000000000e+00 1.4072108032e+03 
1.7863848927e-05 1.5062550166e-01 2.5002726229e+03 
1.2755612092e-04 0.0000000000e+00 2.5378679993e+03 
1.0657389890e-05 2.4402188201e-01 2.3072065308e+03 
6.4322444913e-06 2.1168065955e-01 2.5963917981e+03 
1.4898097203e-04 0.0000000000e+00 2.5336853677e+03 
2.2315708206e-05 0.0000000000e+00 2.0421294410e+03 
4.7607044986e-05 0.0000000000e+00 2.3716622082e+03 
7.6707759831e-06 2.2111292632e-01 2.5645013751e+03 
5.8330885128e-05 0.0000000000e+00 2.4412543288e+03 
1.8348044929e-05 2.3641194582e-01 1.5169582313e+03 
4.9826828993e-06 1.0000000000e+00 9.0942385477e+02 
5.5388157455e-05 0.0000000000e+00 2.5163462946e+03 
9.7575815611e-05 0.0000000000e+00 2.5238974351e+03 
3.9315008522e-05 0.0000000000e+00 2.0959272185e+03 
2.0012149456e-04 1.0000000000e+00 4.3475988749e+02 
4.0244655818e-05 2.5311890796e-01 2.3051062484e+03 
1.1210656063e-04 0.0000000000e+00 2.4109784355e+03 
3.2841725963e-05 0.0000000000e+00 2.0336379594e+03 
2.0204542668e-05 1.6577256304e-01 2.3847852125e+03 
5.4997211882e-05 0.0000000000e+00 1.9252074742e+03 
5.2911408895e-05 2.1271498875e-02 2.4909890242e+03 
6.3741278132e-05 0.0000000000e+00 2.1961044113e+03 
3.2360538121e-05 0.0000000000e+00 1.9543406259e+03 
1.0386145670e-04 0.0000000000e+00 2.5108084986e+03 
2.4453588782e-05 1.5821941598e-01 2.3518146348e+03 
5.1324652624e-05 0.0000000000e+00 2.2051533656e+03 
3.8537717394e-05 0.0000000000e+00 2.0948500381e+03 
9.5217667599e-06 1.8754496898e-01 2.5723189595e+03 
5.5426968310e-05 0.0000000000e+00 2.2995044338e+03 
4.8172230727e-05 1.5534135035e-01 2.4248369735e+03 
7.1162538164e-06 1.0000000000e+00 8.2511924594e+02 
1.3071518925e-05 7.7337473692e-02 1.8592591619e+03 
4.2650038606e-05 1.6369870465e-01 1.6831411819e+03 
9.4496467523e-05 0.0000000000e+00 2.4005012663e+03 
1.0167623604e-04 0.0000000000e+00 2.4705694735e+03 
7.1783664252e-05 7.0664730163e-02 2.3635314242e+03 
5.4045924209e-06 2.4296415205e-01 2.4557629011e+03 
2.5854417022e-05 0.0000000000e+00 2.1487079871e+03 
3.0081259729e-05 1.6830737171e-01 2.4596750638e+03 
2.3860648559e-05 9.4870284598e-02 2.5359356331e+03 
4.6785439857e-05 2.2940944404e-03 2.3849100620e+03 
7.7818819744e-05 0.0000000000e+00 2.1745931997e+03 
3.2800291387e-05 9.9189021689e-02 2.2782705706e+03 
1.8050515044e-04 0.0000000000e+00 2.0969674122e+03 
1.7509979098e-04 0.0000000000e+00 2.4911460708e+03 
1.6224424701e-05 1.5046004585e-01 1.7164891390e+03 
3.5822492430e-05 4.7737087351e-02 2.4400361660e+03 
2.1446583954e-05 4.3720697729e-02 2.2174484749e+03 
5.0677298849e-05 7.4493907422e-02 2.3850637921e+03 
5.7105723010e-05 9.9122082845e-02 1.8206470053e+03 
2.4584817575e-06 1.0000000000e+00 1.0730700913e+03 
7.9040660382e-05 0.0000000000e+00 2.4126666412e+03 
4.3118337113e-05 0.0000000000e+00 2.1115227236e+03 
3.6229557611e-05 4.8103276956e-02 2.4759863798e+03 
9.4538096786e-05 0.0000000000e+00 2.5011662935e+03 
5.3791631117e-05 0.0000000000e+00 2.0048532571e+03 
2.4728423085e-06 1.0000000000e+00 1.0601147906e+03 
1.8208683014e-05 2.9364530042e-02 1.9242210899e+03 
1.3345852728e-05 2.1305953596e-01 2.4279381849e+03 
5.3713788025e-06 2.6521756334e-01 2.3110831486e+03 
6.6983392529e-05 0.0000000000e+00 2.4006668854e+03 
3.7693132128e-05 0.0000000000e+00 2.3411983639e+03 
2.0275026531e-05 2.1541624069e-01 1.5725563312e+03 
7.5719476203e-05 0.0000000000e+00 2.5403891431e+03 
2.4055315128e-05 1.0103597306e-01 2.3470459204e+03 
4.0306152797e-05 1.0252856869e-01 2.4787738143e+03 
4.3934427058e-05 0.0000000000e+00 2.0833100101e+03 
3.5874708405e-05 0.0000000000e+00 2.2223903348e+03 
8.4408034976e-05 0.0000000000e+00 2.4199778166e+03 
4.8836438358e-05 0.0000000000e+00 2.1810887128e+03 
6.2135182588e-05 0.0000000000e+00 2.2451351787e+03 
3.3212508353e-05 1.5902863718e-01 1.6934432313e+03 
6.7502770170e-05 1.0924339247e-01 2.3676206158e+03 
6.0417435493e-05 0.0000000000e+00 2.4382631696e+03 
5.0972479381e-05 1.4510046912e-01 1.7269416403e+03 
2.8584104163e-05 0.0000000000e+00 1.9495536030e+03 
7.2133770502e-06 2.6191005053e-01 2.3006393150e+03 
8.2930510032e-06 3.1601605241e-01 1.3009185431e+03 
3.9025000528e-05 0.0000000000e+00 2.0828515075e+03 
1.0766185547e-04 0.0000000000e+00 2.5039840572e+03 
6.3615159850e-06 3.1448994555e-01 1.3115345332e+03 
1.1183847662e-04 0.0000000000e+00 2.4801617901e+03 
1.3115410699e-04 0.0000000000e+00 2.5083419438e+03 
4.0091048164e-05 0.0000000000e+00 1.9703059499e+03 
4.4559694803e-05 0.0000000000e+00 2.1957751184e+03 
6.1816912763e-06 2.5595625984e-01 2.4181627399e+03 
3.6862403787e-05 0.0000000000e+00 2.2758515015e+03 
9.4477982793e-06 1.0000000000e+00 1.4550801013e+03 
8.1337087879e-06 2.6579007704e-01 2.3163877925e+03 
1.2705449905e-04 0.0000000000e+00 2.2783269040e+03 
1.2776903190e-05 2.2791572419e-01 2.3178429205e+03 
9.5449142853e-05 0.0000000000e+00 2.4332336428e+03 
1.3235022624e-04 0.0000000000e+00 2.4446115535e+03 
5.5676670790e-05 0.0000000000e+00 2.3063938963e+03 
1.4241529571e-05 0.0000000000e+00 2.0056588857e+03 
5.2304220774e-06 1.0000000000e+00 9.2361129707e+02 
1.1669209930e-04 0.0000000000e+00 2.5173963015e+03 
7.3389142774e-06 1.2284260642e-01 1.7574838406e+03 
1.7475830306e-05 0.0000000000e+00 2.1706127365e+03 
1.6253548991e-05 1.5778267779e-01 1.6997212317e+03 
5.1319387820e-05 6.6262721601e-02 2.4030995721e+03 
6.0421517020e-05 0.0000000000e+00 2.4153721969e+03 
9.9974480342e-05 0.0000000000e+00 2.4042367825e+03 
8.0810726677e-06 2.3244947126e-01 2.2781926035e+03 
3.8812042412e-05 0.0000000000e+00 2.1465192875e+03 
3.1900722378e-05 0.0000000000e+00 2.1079868561e+03 
1.5843604190e-05 1.9336811593e-01 1.6220181580e+03 
1.4136231465e-04 1.0000000000e+00 3.0000000000e+02 
1.4397676758e-04 0.0000000000e+00 2.5042908425e+03 
1.5985888161e-05 2.5268383216e-01 1.4796652493e+03 
1.6581926969e-05 1.7000647567e-01 1.6739659177e+03 
1.7021763809e-05 1.4164053115e-01 1.7245863585e+03 
6.4106103803e-05 0.0000000000e+00 2.2947679563e+03 
6.4843540501e-05 0.0000000000e+00 1.9900430722e+03 
5.1838277183e-05 0.0000000000e+00 2.2612436526e+03 
5.1181264244e-05 0.0000000000e+00 2.2474292763e+03 
1.0627560680e-04 0.0000000000e+00 2.2317376752e+03 
7.0770285673e-05 0.0000000000e+00 2.3723278395e+03 
8.5267751313e-05 0.0000000000e+00 2.4659512093e+03 
1.6734296442e-04 0.0000000000e+00 2.4164214625e+03 
2.5317107549e-05 0.0000000000e+00 2.2523271969e+03 
2.1231256276e-05 1.0000000000e+00 4.2718019024e+02 
1.3609661109e-04 0.0000000000e+00 2.4083668772e+03 
1.1276963095e-04 0.0000000000e+00 2.4225311561e+03 
5.7003887756e-05 0.0000000000e+00 2.5411145688e+03 
5.0072094435e-05 0.0000000000e+00 2.0284413456e+03 
1.5760780919e-05 0.0000000000e+00 2.0474196128e+03 
3.6115088954e-05 0.0000000000e+00 2.0142309742e+03 
1.4403343433e-04 0.0000000000e+00 2.1127461839e+03 
1.8669669925e-04 0.0000000000e+00 2.3584229123e+03 
1.4240411181e-04 0.0000000000e+00 2.1628483338e+03 
3.8811665464e-05 0.0000000000e+00 1.9356366470e+03 
1.1713935083e-04 0.0000000000e+00 2.4757049475e+03 
1.0623243716e-05 3.1215353022e-01 1.3231379860e+03 
1.7767147068e-05 1.6089030375e-01 2.5126972064e+03 
6.9526013005e-06 2.7286363309e-01 1.3951764953e+03 
1.7298212395e-04 0.0000000000e+00 2.4753915572e+03 
7.6188542409e-06 2.4199309131e-01 2.3191820781e+03 
1.1269765714e-04 1.0000000000e+00 3.0000000000e+02 
2.3566142441e-05 1.5880782220e-01 1.6713588962e+03 
2.9309614549e-05 7.2814867404e-02 2.3632790083e+03 
6.1665576401e-05 0.0000000000e+00 2.4550602374e+03 
4.4521977229e-05 1.5075896316e-01 2.4062248470e+03 
6.1054217062e-05 0.0000000000e+00 2.3434915439e+03 
2.6217905187e-05 1.8591339935e-01 2.3793520998e+03 
5.6651257764e-05 2.7015689892e-01 2.3064269007e+03 
5.2088036798e-06 2.4794877979e-01 2.4441242734e+03 
8.5590591437e-05 0.0000000000e+00 2.4955873930e+03 
8.1474780342e-05 1.1813177073e-01 1.7585949454e+03 
7.6267909404e-05 2.6824748222e-01 2.2930729391e+03 
3.0845937416e-05 3.1015870532e-02 1.9397293554e+03 
4.6749140083e-05 0.0000000000e+00 2.3652540492e+03 
1.5922016527e-04 0.0000000000e+00 2.4796214249e+03 
7.9734516724e-05 0.0000000000e+00 2.4420175862e+03 
1.3031281859e-05 1.3666994843e-01 1.7450584688e+03 
3.1101763205e-05 0.0000000000e+00 2.0677768872e+03 
