Mass [kg]        Velocity [m s-1]    Theta [rad]    CO2 [frac]    
2.5295265837e-10 1.4053097678e+04 1.2068213477e+00 6.2000000000e-01 
1.1301131676e-07 1.8281528336e+04 1.5427887188e-01 6.2000000000e-01 
8.5698309355e-09 1.2373496433e+04 8.6809185272e-01 6.2000000000e-01 
1.2406354161e-08 1.8191330901e+04 8.3446270888e-01 6.2000000000e-01 
4.4349912851e-08 1.1614832003e+04 7.6043505666e-01 6.2000000000e-01 
2.7943776263e-12 1.3707945736e+04 2.9135805965e-01 6.2000000000e-01 
1.1256616084e-07 1.1511911350e+04 6.7395051816e-01 6.2000000000e-01 
1.8507975046e-07 1.4812748173e+04 3.7023440580e-01 6.2000000000e-01 
5.6947995961e-09 2.0000000000e+04 6.1008423277e-01 6.2000000000e-01 
1.8081076659e-07 1.2510801801e+04 8.2312465825e-01 6.2000000000e-01 
2.3499999999e-07 1.1472484404e+04 8.9237297426e-01 6.2000000000e-01 
2.6503477702e-11 1.4195123702e+04 1.0917040522e+00 6.2000000000e-01 
5.8585784393e-10 1.4019231694e+04 3.5335696028e-01 6.2000000000e-01 
2.3499999999e-07 2.0000000000e+04 4.5337766971e-01 6.2000000000e-01 
2.3499999999e-07 1.2084523469e+04 9.9717090926e-01 6.2000000000e-01 
2.3500000000e-07 1.2461373899e+04 6.3870013708e-01 6.2000000000e-01 
1.9250392129e-08 1.9953816644e+04 1.4552590927e+00 6.2000000000e-01 
8.4903278514e-08 1.1735632287e+04 1.2700299536e+00 6.2000000000e-01 
2.3500000000e-07 2.0000000000e+04 4.9256285121e-01 6.2000000000e-01 
1.0070404985e-08 1.6795124312e+04 9.9584345886e-01 6.2000000000e-01 
4.7378272281e-09 1.4507456271e+04 4.0767528292e-01 6.2000000000e-01 
2.3499999999e-07 1.1389501961e+04 1.1345080365e+00 6.2000000000e-01 
8.4888369279e-08 1.1318611291e+04 4.3205467837e-01 6.2000000000e-01 
9.4399114260e-10 1.3117473770e+04 6.6662830895e-01 6.2000000000e-01 
1.7082622517e-08 1.5432706295e+04 2.7140327865e-01 6.2000000000e-01 
6.1947055136e-09 1.1681670544e+04 1.2992721504e+00 6.2000000000e-01 
1.4675636731e-08 1.1840549818e+04 8.8038171096e-01 6.2000000000e-01 
7.0034488968e-11 1.4432959438e+04 9.0181501298e-01 6.2000000000e-01 
2.3499999999e-07 1.4631277135e+04 5.4415278647e-01 6.2000000000e-01 
4.5067297304e-10 1.2430197993e+04 4.1012183658e-01 6.2000000000e-01 
2.5759939806e-08 1.1994156227e+04 1.2755315661e+00 6.2000000000e-01 
9.5740164358e-09 1.3296018382e+04 2.8367880978e-01 6.2000000000e-01 
9.8462232342e-09 1.3261581390e+04 1.0162795568e+00 6.2000000000e-01 
4.9199908217e-10 1.1803887799e+04 4.9105587764e-01 6.2000000000e-01 
8.4777197473e-09 1.4906775576e+04 1.2411485552e+00 6.2000000000e-01 
4.0909862912e-11 1.1585075964e+04 1.2737821193e-01 6.2000000000e-01 
4.6408502018e-11 1.6489825077e+04 6.3907052849e-01 6.2000000000e-01 
2.4872166392e-11 1.4576371694e+04 1.2676130972e+00 6.2000000000e-01 
6.6247894697e-10 1.1789551214e+04 1.2201822160e+00 6.2000000000e-01 
3.6444769826e-10 2.0000000000e+04 9.4096699061e-01 6.2000000000e-01 
8.0987814849e-11 1.3196027617e+04 5.5634262170e-01 6.2000000000e-01 
1.6150474841e-12 1.4895131885e+04 1.0286789462e+00 6.2000000000e-01 
2.6579339828e-08 1.3425355914e+04 4.9170781790e-01 6.2000000000e-01 
2.2174481335e-09 1.1373277510e+04 6.2795233571e-01 6.2000000000e-01 
2.0105085239e-09 1.1270369603e+04 1.0843385184e+00 6.2000000000e-01 
1.4021531655e-08 1.3239518984e+04 1.0934001557e+00 6.2000000000e-01 
5.1603548045e-11 1.1211774389e+04 9.2718663405e-01 6.2000000000e-01 
9.3380881281e-09 1.1692483570e+04 6.0070090003e-01 6.2000000000e-01 
3.3128698359e-09 1.3113074934e+04 1.2633561439e+00 6.2000000000e-01 
5.9470246625e-08 1.2902133730e+04 4.9043427233e-01 6.2000000000e-01 
2.2629042328e-07 1.3880638127e+04 3.5145355933e-01 6.2000000000e-01 
3.9276855593e-09 1.1291763318e+04 9.1663491920e-01 6.2000000000e-01 
3.4597516940e-11 1.3285003089e+04 1.3183433330e+00 6.2000000000e-01 
2.3500000000e-07 1.3687029805e+04 6.7952422678e-01 6.2000000000e-01 
1.5162188428e-08 1.1981595983e+04 9.1221655202e-01 6.2000000000e-01 
8.2459128359e-10 1.5770390486e+04 8.7839996748e-01 6.2000000000e-01 
9.3299344059e-11 1.1259478930e+04 6.5285151383e-01 6.2000000000e-01 
2.3500000000e-07 1.1318123004e+04 8.5385503513e-01 6.2000000000e-01 
6.4426511007e-12 1.2032013144e+04 2.2511880611e-01 6.2000000000e-01 
1.2048175916e-10 1.5259658902e+04 8.0094787202e-01 6.2000000000e-01 
6.0466676727e-09 1.2310619901e+04 7.2220079313e-01 6.2000000000e-01 
1.5471658013e-10 1.2519664436e+04 1.1589891984e+00 6.2000000000e-01 
1.5647072676e-09 1.1856035692e+04 1.9278770855e-01 6.2000000000e-01 
6.2796004233e-10 1.3410318152e+04 1.3078356711e+00 6.2000000000e-01 
1.8572526324e-09 1.2126168861e+04 1.3599238266e+00 6.2000000000e-01 
5.6336832511e-11 1.7908599879e+04 1.2338917330e+00 6.2000000000e-01 
1.8617107283e-08 2.0000000000e+04 5.1179738940e-01 6.2000000000e-01 
1.1170250546e-10 2.0000000000e+04 1.3290422311e-01 6.2000000000e-01 
1.0221866847e-09 1.1820387313e+04 8.2894945573e-01 6.2000000000e-01 
2.3499999999e-07 1.5904178966e+04 3.7098210617e-01 6.2000000000e-01 
5.3795864818e-08 1.1688197069e+04 8.9011384873e-01 6.2000000000e-01 
1.4130360640e-10 1.2469822083e+04 5.5152208782e-01 6.2000000000e-01 
7.1202796740e-13 1.4220105975e+04 9.4019761564e-01 6.2000000000e-01 
2.3500000000e-07 2.0000000000e+04 1.3907786631e+00 6.2000000000e-01 
2.7945986939e-08 1.2404259479e+04 1.4829266620e+00 6.2000000000e-01 
2.0120364662e-10 1.3639535268e+04 1.0012400508e+00 6.2000000000e-01 
1.3294150552e-09 1.4296772193e+04 6.3666288065e-01 6.2000000000e-01 
8.4644426822e-09 1.2812033199e+04 5.7339990567e-01 6.2000000000e-01 
5.2530112524e-10 1.2198504926e+04 4.9842294952e-01 6.2000000000e-01 
2.3499999999e-07 1.2434469680e+04 7.1974722073e-01 6.2000000000e-01 
2.3499999999e-07 1.3869362512e+04 4.0593773082e-01 6.2000000000e-01 
2.4407734548e-09 2.0000000000e+04 6.5646878519e-01 6.2000000000e-01 
7.1063388437e-10 1.2302381703e+04 1.1339070714e+00 6.2000000000e-01 
1.4097058371e-09 1.1993793792e+04 9.4239464095e-01 6.2000000000e-01 
7.7593291666e-10 1.2838489447e+04 5.9166097043e-01 6.2000000000e-01 
3.0402562814e-08 1.1839653668e+04 7.1580624566e-01 6.2000000000e-01 
1.7425586568e-09 2.0000000000e+04 9.8485936006e-01 6.2000000000e-01 
3.8526317810e-12 1.4275116280e+04 8.1979857558e-01 6.2000000000e-01 
9.3969477322e-09 1.3528814428e+04 1.4204896074e+00 6.2000000000e-01 
2.3499999999e-07 1.2495686411e+04 6.2366007441e-01 6.2000000000e-01 
4.2375385478e-08 1.3710777206e+04 1.3572241649e+00 6.2000000000e-01 
2.3499999999e-07 1.1606311622e+04 6.3669582637e-01 6.2000000000e-01 
1.8107691110e-09 1.4119980769e+04 1.1063673396e+00 6.2000000000e-01 
2.3499999999e-07 1.6019489593e+04 5.7429634170e-01 6.2000000000e-01 
1.8758808401e-07 1.1962650731e+04 2.6439872067e-01 6.2000000000e-01 
2.3499999999e-07 2.0000000000e+04 6.5936737082e-01 6.2000000000e-01 
4.9088755245e-10 1.1643966982e+04 1.0705589200e+00 6.2000000000e-01 
1.0241447706e-10 2.0000000000e+04 9.8095095751e-01 6.2000000000e-01 
5.9933387386e-08 1.2337828814e+04 1.2229151799e+00 6.2000000000e-01 
1.2131715167e-08 1.7023985882e+04 1.9579485453e-01 6.2000000000e-01 
2.3499999999e-07 1.3177752621e+04 1.0946697827e+00 6.2000000000e-01 
1.9496392955e-09 1.1508251961e+04 9.5840784056e-01 6.2000000000e-01 
1.5936243316e-10 1.1552613886e+04 1.2386695463e+00 6.2000000000e-01 
5.7758556646e-08 1.2272120259e+04 4.1419730079e-01 6.2000000000e-01 
4.9222550781e-09 2.0000000000e+04 1.0239073238e+00 6.2000000000e-01 
7.0806623012e-08 1.3264662737e+04 8.3562872343e-01 6.2000000000e-01 
1.0894201785e-08 1.1368989769e+04 9.1784670366e-01 6.2000000000e-01 
2.3499999999e-07 2.0000000000e+04 7.5797086127e-01 6.2000000000e-01 
1.0954709196e-08 1.2180092308e+04 1.3215412958e+00 6.2000000000e-01 
8.4033581024e-10 1.4033493136e+04 1.2489437049e+00 6.2000000000e-01 
7.9128651576e-08 1.8239585697e+04 1.5601127436e+00 6.2000000000e-01 
1.8652024698e-09 2.0000000000e+04 1.0631157307e+00 6.2000000000e-01 
7.6823979600e-11 1.3892391365e+04 8.7696492268e-01 6.2000000000e-01 
2.3500000000e-07 1.9326854615e+04 5.1997482320e-01 6.2000000000e-01 
2.3499999999e-07 1.3150986246e+04 5.2588464962e-01 6.2000000000e-01 
1.0714890747e-09 1.3517840816e+04 8.3417162352e-01 6.2000000000e-01 
5.0612478912e-10 1.1250851131e+04 4.7332910765e-01 6.2000000000e-01 
2.3500000000e-07 1.1330074148e+04 9.2261719578e-01 6.2000000000e-01 
2.0737189249e-07 1.3614560402e+04 8.5096608746e-01 6.2000000000e-01 
1.1866842395e-09 1.2557502253e+04 6.7275542718e-01 6.2000000000e-01 
2.3500000000e-07 1.5121736458e+04 4.2129821761e-01 6.2000000000e-01 
1.2300614782e-09 1.8089949668e+04 4.5299483630e-01 6.2000000000e-01 
5.5465468853e-08 1.1280333347e+04 1.2594786230e+00 6.2000000000e-01 
1.2155107876e-08 1.4209231900e+04 7.0584227795e-01 6.2000000000e-01 
2.5979629648e-09 1.3437037156e+04 5.0255612779e-01 6.2000000000e-01 
2.3162125933e-11 1.2209653953e+04 5.7588013222e-01 6.2000000000e-01 
6.6683731123e-11 1.6176253591e+04 1.1578509016e+00 6.2000000000e-01 
1.4718019644e-09 1.2116191106e+04 4.8001872917e-01 6.2000000000e-01 
2.3007550216e-07 1.1863625438e+04 1.1707530623e+00 6.2000000000e-01 
2.4581035367e-11 1.3998726868e+04 2.7980636108e-01 6.2000000000e-01 
3.1174328567e-09 1.2089833246e+04 1.9581226958e-01 6.2000000000e-01 
2.7804076817e-09 1.3076740609e+04 1.5435830812e+00 6.2000000000e-01 
7.6632014981e-10 1.1413489296e+04 3.2824721180e-01 6.2000000000e-01 
1.3072513450e-07 1.4253410430e+04 9.5467002166e-01 6.2000000000e-01 
8.2433466020e-11 1.4287321649e+04 9.9274695778e-01 6.2000000000e-01 
1.2992496119e-07 1.7450907324e+04 5.4597072629e-01 6.2000000000e-01 
1.0326584585e-08 1.1237716243e+04 8.7700808731e-01 6.2000000000e-01 
3.2147949975e-08 1.1665668173e+04 9.8467929060e-01 6.2000000000e-01 
3.2486425614e-09 1.1242037450e+04 9.7617982994e-01 6.2000000000e-01 
1.9139559355e-09 1.2164766738e+04 8.2249216154e-01 6.2000000000e-01 
2.3500000000e-07 1.5217346590e+04 4.7680751507e-01 6.2000000000e-01 
5.1246260226e-08 1.4393324926e+04 1.0893221092e+00 6.2000000000e-01 
7.4560957681e-08 1.2152862114e+04 3.3596284863e-01 6.2000000000e-01 
2.3500000000e-07 2.0000000000e+04 1.0102367717e+00 6.2000000000e-01 
1.3603091093e-10 1.2324306861e+04 1.2302289629e+00 6.2000000000e-01 
8.7236100677e-11 1.3909777398e+04 2.1483997816e-01 6.2000000000e-01 
2.9020881740e-10 1.1909196120e+04 6.9066272159e-01 6.2000000000e-01 
7.7308727007e-12 1.1971314977e+04 8.9526435140e-02 6.2000000000e-01 
2.3499999999e-07 1.1913621590e+04 8.6245236731e-01 6.2000000000e-01 
4.4646907189e-09 1.1297845269e+04 1.2102598714e+00 6.2000000000e-01 
6.0300760392e-12 1.5212143068e+04 8.9752715665e-01 6.2000000000e-01 
1.3173032586e-07 1.3346214859e+04 1.1665299920e+00 6.2000000000e-01 
6.7758502125e-10 1.3336137961e+04 1.3791977831e+00 6.2000000000e-01 
2.0035245462e-11 1.2495332469e+04 1.3544472800e+00 6.2000000000e-01 
2.5686201595e-11 1.1811186584e+04 9.0457406655e-01 6.2000000000e-01 
4.5955479409e-08 1.2383789564e+04 7.6661832062e-01 6.2000000000e-01 
1.4048456358e-08 1.2972231180e+04 1.1551834108e+00 6.2000000000e-01 
5.6313197272e-11 1.1631207491e+04 1.2308176478e+00 6.2000000000e-01 
3.4874081409e-09 1.3264592897e+04 9.6836364707e-01 6.2000000000e-01 
1.4580642651e-09 1.1661069285e+04 1.5943412724e-01 6.2000000000e-01 
2.7917075861e-08 1.3439885695e+04 1.9919957373e-01 6.2000000000e-01 
1.1695394519e-11 1.4213551900e+04 9.8529483442e-01 6.2000000000e-01 
2.1869229499e-07 2.0000000000e+04 8.0504683819e-01 6.2000000000e-01 
2.3161270884e-10 1.4744772174e+04 9.3157590111e-01 6.2000000000e-01 
5.7589314476e-10 2.0000000000e+04 1.0346487243e+00 6.2000000000e-01 
4.4363443111e-11 1.3008322452e+04 1.2325649917e+00 6.2000000000e-01 
2.3499999999e-07 1.2279214761e+04 1.0032181078e+00 6.2000000000e-01 
2.8688827077e-09 1.1452734017e+04 1.8087697455e-01 6.2000000000e-01 
2.0323253660e-09 1.4079836580e+04 5.2982975878e-01 6.2000000000e-01 
1.9854847342e-08 1.1716813025e+04 8.1375624381e-01 6.2000000000e-01 
8.4814805024e-10 1.3046853446e+04 1.5004044134e+00 6.2000000000e-01 
1.1342767547e-10 1.2162777774e+04 2.3063514653e-01 6.2000000000e-01 
9.0526850255e-10 1.3560587851e+04 1.0496635380e+00 6.2000000000e-01 
4.2163147999e-08 1.9220299190e+04 1.3369679245e+00 6.2000000000e-01 
2.3499999999e-07 1.5141365590e+04 4.8500173330e-01 6.2000000000e-01 
1.6896437093e-07 1.1658759542e+04 6.6569120923e-01 6.2000000000e-01 
6.9965741668e-11 1.2671770388e+04 8.7101536934e-01 6.2000000000e-01 
4.9284388633e-09 1.7611031171e+04 1.3239935688e+00 6.2000000000e-01 
3.0081072431e-09 1.2259167012e+04 8.1489043128e-01 6.2000000000e-01 
2.0343039861e-07 1.9220794907e+04 3.0357863997e-01 6.2000000000e-01 
4.9440795354e-08 1.3147651764e+04 3.2972284492e-01 6.2000000000e-01 
1.2478000990e-07 1.2455693144e+04 7.4368398997e-01 6.2000000000e-01 
2.5450206903e-12 1.6145205101e+04 6.5938089767e-01 6.2000000000e-01 
2.9470944313e-09 1.6078547243e+04 9.3140874874e-01 6.2000000000e-01 
2.2093610020e-10 1.3377199223e+04 8.0955892872e-01 6.2000000000e-01 
2.4558275965e-10 1.6977131170e+04 1.1446056192e+00 6.2000000000e-01 
1.5528619185e-09 1.4511470056e+04 7.1118781605e-01 6.2000000000e-01 
3.6967117404e-08 1.2943520908e+04 9.6683422758e-01 6.2000000000e-01 
3.3235267503e-08 1.5161931931e+04 7.8095330500e-01 6.2000000000e-01 
1.3587784654e-10 1.1517001420e+04 5.7372186449e-01 6.2000000000e-01 
2.3500000000e-07 1.3339371383e+04 1.0318386577e+00 6.2000000000e-01 
2.3500000000e-07 1.1828124498e+04 3.6541211201e-01 6.2000000000e-01 
3.1736719789e-09 1.1514235491e+04 5.8998734024e-01 6.2000000000e-01 
2.3500000000e-07 1.6113324706e+04 8.3216392785e-01 6.2000000000e-01 
9.8208495361e-09 1.1835537731e+04 5.8260686638e-01 6.2000000000e-01 
2.7370422282e-09 1.9723912837e+04 1.3854452662e+00 6.2000000000e-01 
4.4664837072e-08 1.1576922858e+04 1.0089788318e+00 6.2000000000e-01 
2.1446900582e-07 1.1806214056e+04 1.0619675045e+00 6.2000000000e-01 
8.5864429241e-09 1.1845140482e+04 1.0771971957e+00 6.2000000000e-01 
2.3499999999e-07 1.1433498733e+04 1.0848788485e+00 6.2000000000e-01 
