Mass [kg]        Velocity [m s-1]    Theta [rad]    CO2 [frac]    
7.5396245741e-09 1.3412618565e+04 1.0262261031e+00 4.2000000000e-01 
4.7753828179e-09 1.5414633810e+04 6.0767357558e-01 4.2000000000e-01 
1.1010186093e-08 1.1508277897e+04 4.1387198700e-01 4.2000000000e-01 
2.2637986409e-08 1.8265608557e+04 9.6581902471e-01 4.2000000000e-01 
1.3768128917e-08 1.1469270182e+04 8.8463226640e-01 4.2000000000e-01 
2.7133455843e-08 1.4213027939e+04 1.1254536046e+00 4.2000000000e-01 
1.1584589925e-10 1.3506799568e+04 7.9012516172e-01 4.2000000000e-01 
4.2169613389e-09 1.1262840077e+04 1.3465525426e+00 4.2000000000e-01 
1.0078959788e-08 1.2069516174e+04 1.1455593668e+00 4.2000000000e-01 
7.6009465297e-09 1.4367758332e+04 7.4792861474e-01 4.2000000000e-01 
2.5493159204e-09 1.2670100404e+04 9.6325441258e-01 4.2000000000e-01 
1.6173813615e-07 1.4711085167e+04 3.2091950386e-01 4.2000000000e-01 
1.1346904036e-07 1.4634351328e+04 1.7468982759e-01 4.2000000000e-01 
3.4243507769e-09 1.5798051506e+04 6.2382652185e-01 4.2000000000e-01 
1.5915699334e-09 2.0000000000e+04 1.3537340314e+00 4.2000000000e-01 
4.5457910403e-09 1.1448720636e+04 8.3382277998e-01 4.2000000000e-01 
7.3803157768e-08 1.1306453168e+04 8.5928393099e-01 4.2000000000e-01 
5.0443661861e-09 1.5347948266e+04 8.4117905142e-01 4.2000000000e-01 
1.5852491088e-10 1.1857341341e+04 1.9989728037e-01 4.2000000000e-01 
1.8645791000e-08 1.7758294173e+04 1.3678861769e+00 4.2000000000e-01 
9.4231363301e-11 1.2369789794e+04 1.1467271902e+00 4.2000000000e-01 
1.1336983196e-08 1.1259622974e+04 8.7813153992e-01 4.2000000000e-01 
8.3513979945e-11 1.3518538375e+04 2.8017431807e-01 4.2000000000e-01 
2.3500000000e-07 1.6317011901e+04 1.0983440826e+00 4.2000000000e-01 
6.4850365636e-09 1.2375614385e+04 1.2175368275e+00 4.2000000000e-01 
1.6584145505e-11 2.0000000000e+04 1.0224330623e+00 4.2000000000e-01 
2.5290639031e-08 1.1829938633e+04 9.2495612701e-01 4.2000000000e-01 
9.3667784737e-09 1.1967568421e+04 1.2582146089e+00 4.2000000000e-01 
5.5743584447e-09 1.6360605893e+04 1.1119659976e+00 4.2000000000e-01 
8.6451511171e-08 1.1930537585e+04 1.3520951724e+00 4.2000000000e-01 
7.7511834268e-09 1.8661247716e+04 1.1526671099e+00 4.2000000000e-01 
3.9760084559e-08 1.9175033618e+04 1.3200634174e+00 4.2000000000e-01 
4.9578592759e-09 1.2893053509e+04 1.7246594151e-01 4.2000000000e-01 
4.3856676556e-10 1.2670701040e+04 4.4757116652e-01 4.2000000000e-01 
6.1216601477e-10 1.1246459896e+04 1.3462993551e-01 4.2000000000e-01 
4.9895134172e-10 1.1717384823e+04 5.2963592737e-01 4.2000000000e-01 
2.3500000000e-07 1.2778492093e+04 7.2070109164e-01 4.2000000000e-01 
1.1534716705e-09 1.1361586172e+04 4.0900939971e-01 4.2000000000e-01 
2.3191826044e-09 1.2879845769e+04 1.0378950769e+00 4.2000000000e-01 
6.9382570904e-09 1.5733909427e+04 1.4169609986e+00 4.2000000000e-01 
6.4453710014e-10 1.3415686769e+04 1.2145705996e+00 4.2000000000e-01 
8.5722258508e-10 1.1948607524e+04 1.1408211687e+00 4.2000000000e-01 
1.1983894982e-07 1.1401422633e+04 9.4524638265e-01 4.2000000000e-01 
3.6203248225e-08 1.1517758117e+04 6.8689575790e-01 4.2000000000e-01 
4.7227327769e-11 1.5458520936e+04 6.1922903753e-01 4.2000000000e-01 
2.4626243891e-09 1.5751327468e+04 4.3019897076e-01 4.2000000000e-01 
1.2647192995e-08 1.8619443322e+04 6.3938765909e-01 4.2000000000e-01 
8.4711300690e-09 1.1311966982e+04 9.4448822806e-01 4.2000000000e-01 
2.6645394498e-09 1.1236886592e+04 1.1677648015e+00 4.2000000000e-01 
5.1546884388e-10 1.4618950750e+04 1.2229088624e+00 4.2000000000e-01 
2.0326113581e-07 1.5877205178e+04 1.1506424560e+00 4.2000000000e-01 
2.8102173470e-08 1.2563791196e+04 9.9490898137e-01 4.2000000000e-01 
1.4274013995e-11 1.2294900601e+04 6.1241985051e-01 4.2000000000e-01 
3.1652795227e-11 1.4072527737e+04 7.8335552564e-01 4.2000000000e-01 
4.7266094902e-10 1.1882983462e+04 1.0213459867e+00 4.2000000000e-01 
2.3762423770e-08 1.1647585670e+04 5.7139402607e-01 4.2000000000e-01 
3.7293186236e-11 1.4219638231e+04 3.6287504308e-01 4.2000000000e-01 
1.5815519211e-08 1.1313915430e+04 7.7106782286e-01 4.2000000000e-01 
4.8512294085e-08 1.2906548278e+04 5.8345860488e-01 4.2000000000e-01 
6.6040514932e-08 1.2900617685e+04 6.6870197366e-01 4.2000000000e-01 
1.6531444796e-09 1.1347329115e+04 1.3440769196e-01 4.2000000000e-01 
5.0389522901e-10 1.7752263360e+04 6.0745693386e-01 4.2000000000e-01 
2.4317652957e-09 2.0000000000e+04 6.5634602244e-01 4.2000000000e-01 
7.6537428416e-12 1.1365366258e+04 6.8907599213e-01 4.2000000000e-01 
7.1288057334e-08 1.6199778868e+04 6.3832088995e-01 4.2000000000e-01 
3.0298604949e-09 1.1751544424e+04 9.7740153946e-01 4.2000000000e-01 
4.9018012442e-08 1.2426472444e+04 9.7853306265e-01 4.2000000000e-01 
3.8311540865e-10 1.2001443916e+04 1.2239115624e+00 4.2000000000e-01 
9.9633125133e-09 1.1890903574e+04 3.9841607777e-01 4.2000000000e-01 
7.2990763428e-11 1.5038683103e+04 1.0270189386e+00 4.2000000000e-01 
5.8446575249e-10 1.1513277368e+04 1.0728246982e+00 4.2000000000e-01 
1.5651241012e-11 1.3802988320e+04 1.0006190999e+00 4.2000000000e-01 
1.2268567011e-09 1.3433791814e+04 2.6122552427e-01 4.2000000000e-01 
3.3950254238e-10 1.1794120781e+04 8.6284678795e-01 4.2000000000e-01 
5.9411451556e-08 1.4019366201e+04 9.4122069356e-01 4.2000000000e-01 
9.5948250253e-09 2.0000000000e+04 6.6591442679e-01 4.2000000000e-01 
1.3834757766e-09 1.1302780289e+04 9.4565332649e-01 4.2000000000e-01 
6.5594830377e-10 1.2807701919e+04 1.2485434919e+00 4.2000000000e-01 
1.2869446044e-10 1.6834617601e+04 9.8463799132e-01 4.2000000000e-01 
1.8240358238e-10 1.6995804427e+04 1.4827924054e+00 4.2000000000e-01 
1.5941873923e-11 2.0000000000e+04 6.9538564295e-01 4.2000000000e-01 
2.3500000000e-07 1.1258799038e+04 1.3446882421e+00 4.2000000000e-01 
2.5703214144e-09 1.5070451609e+04 8.2310622581e-01 4.2000000000e-01 
2.3145563059e-10 1.3880995114e+04 3.1491994230e-01 4.2000000000e-01 
2.3499999999e-07 1.1987973410e+04 9.6879694071e-01 4.2000000000e-01 
2.4366262728e-08 1.7231987311e+04 1.1079211981e+00 4.2000000000e-01 
9.5944823629e-12 1.1369733532e+04 1.4772523048e+00 4.2000000000e-01 
7.3366673383e-11 1.3215339715e+04 1.1194478556e+00 4.2000000000e-01 
2.1783542897e-07 1.3010942669e+04 1.1488432504e+00 4.2000000000e-01 
2.3499999999e-07 1.2976968532e+04 1.3142982348e+00 4.2000000000e-01 
2.2688252565e-07 1.1650427617e+04 8.6526078610e-01 4.2000000000e-01 
7.4136526004e-11 1.4222373396e+04 1.3706586548e+00 4.2000000000e-01 
1.9349245420e-09 1.2808949610e+04 1.0368046952e-01 4.2000000000e-01 
1.7533560265e-10 1.2202143503e+04 6.8409047981e-01 4.2000000000e-01 
2.3016240807e-08 1.4978322329e+04 1.0160328831e+00 4.2000000000e-01 
2.3500000000e-07 1.1474514984e+04 7.6430758804e-01 4.2000000000e-01 
6.8309653328e-08 1.7307037387e+04 3.8801585490e-01 4.2000000000e-01 
3.3886399682e-09 1.1814479073e+04 5.2866089550e-01 4.2000000000e-01 
7.6157167443e-12 1.2183939648e+04 4.3514230116e-01 4.2000000000e-01 
1.7179287461e-09 1.2327896632e+04 7.5727870550e-01 4.2000000000e-01 
1.5910953654e-09 1.6757072563e+04 1.2642183049e+00 4.2000000000e-01 
2.3500000000e-07 1.2890303591e+04 4.5813460106e-01 4.2000000000e-01 
2.3499999999e-07 1.5609619035e+04 8.9291058674e-01 4.2000000000e-01 
2.5064119143e-08 1.1472939655e+04 7.6107479155e-01 4.2000000000e-01 
2.3499999999e-07 1.1475951715e+04 2.3319963657e-01 4.2000000000e-01 
1.8773434425e-11 1.4243809440e+04 8.9697020039e-01 4.2000000000e-01 
7.4775851755e-09 1.1737399007e+04 2.8158249515e-01 4.2000000000e-01 
2.3499999999e-07 1.2639624642e+04 4.2819042943e-01 4.2000000000e-01 
3.6598442451e-09 1.1217850500e+04 2.8501274802e-01 4.2000000000e-01 
6.1115967379e-09 1.1709117773e+04 1.2223462912e+00 4.2000000000e-01 
2.4542588186e-08 1.6093837225e+04 4.5082071925e-01 4.2000000000e-01 
1.0100973369e-08 1.9699961800e+04 1.2886815864e+00 4.2000000000e-01 
3.1317835187e-08 1.1919741414e+04 5.7361524238e-01 4.2000000000e-01 
5.6346081257e-10 1.3129372953e+04 7.3742807361e-01 4.2000000000e-01 
6.6088215610e-08 1.5568810749e+04 9.0484007492e-01 4.2000000000e-01 
2.2956723138e-08 1.4637748616e+04 1.0089629068e+00 4.2000000000e-01 
2.3499999999e-07 1.1866266030e+04 7.5834980347e-01 4.2000000000e-01 
9.7953631284e-08 2.0000000000e+04 9.2804082010e-01 4.2000000000e-01 
4.8698348354e-09 1.1691854607e+04 5.0130166829e-02 4.2000000000e-01 
9.6443364755e-10 1.1221589836e+04 1.3249468845e+00 4.2000000000e-01 
1.9801643539e-10 1.5749674610e+04 3.1056889793e-01 4.2000000000e-01 
2.6668649173e-08 1.3266712166e+04 1.1799864863e+00 4.2000000000e-01 
7.2297871764e-09 2.0000000000e+04 6.8861698088e-02 4.2000000000e-01 
9.5094696782e-10 2.0000000000e+04 1.1133200002e+00 4.2000000000e-01 
2.1094616762e-11 1.2573113979e+04 1.0761213588e+00 4.2000000000e-01 
3.2658108172e-08 1.1807115126e+04 7.1106689041e-01 4.2000000000e-01 
8.5014796211e-08 1.2639740475e+04 8.4891838594e-01 4.2000000000e-01 
2.2702112311e-07 1.5670079971e+04 1.0027218696e+00 4.2000000000e-01 
4.5564762753e-10 1.1529534493e+04 7.3598843173e-01 4.2000000000e-01 
3.1270217792e-12 1.1677884087e+04 5.2980415727e-01 4.2000000000e-01 
2.3500000000e-07 1.5044873508e+04 5.6474925823e-01 4.2000000000e-01 
3.0306839275e-11 1.1368503014e+04 1.2459279231e+00 4.2000000000e-01 
3.6886161029e-10 1.2143069566e+04 1.0503779708e+00 4.2000000000e-01 
3.7127069927e-09 1.1713894547e+04 6.1028595849e-01 4.2000000000e-01 
1.6804775699e-11 1.2011726573e+04 1.2047168772e+00 4.2000000000e-01 
5.5008462961e-10 1.9441341461e+04 6.7259588028e-01 4.2000000000e-01 
1.6338411686e-07 1.1250325983e+04 9.5864035586e-01 4.2000000000e-01 
1.3975784243e-07 1.2453071012e+04 9.2116993346e-01 4.2000000000e-01 
2.3499999999e-07 1.2396795679e+04 3.2098260771e-01 4.2000000000e-01 
8.2478920365e-12 1.3218928564e+04 9.0808652615e-01 4.2000000000e-01 
3.4708459622e-11 1.3119333436e+04 6.3905988048e-01 4.2000000000e-01 
6.1110006806e-11 1.2400017312e+04 5.3714002808e-01 4.2000000000e-01 
8.3358239748e-10 1.5289653771e+04 7.7668281672e-01 4.2000000000e-01 
5.0068216435e-10 1.1555090680e+04 7.9916744380e-01 4.2000000000e-01 
7.2165823000e-09 1.4830652437e+04 1.8869659612e-01 4.2000000000e-01 
2.2738206239e-12 1.5758640958e+04 3.1106272605e-01 4.2000000000e-01 
1.5060201434e-07 1.1830928989e+04 1.2436392324e+00 4.2000000000e-01 
6.8539899925e-09 1.4439368126e+04 7.3447231588e-01 4.2000000000e-01 
1.3586790516e-07 1.3274746802e+04 8.1795326138e-01 4.2000000000e-01 
1.7706404427e-09 1.2488320483e+04 4.6993947166e-01 4.2000000000e-01 
4.8696540250e-08 2.0000000000e+04 1.2792932185e+00 4.2000000000e-01 
1.0394586805e-09 1.3498604685e+04 5.3571302899e-01 4.2000000000e-01 
7.0544911328e-09 1.2074809310e+04 6.4275696658e-01 4.2000000000e-01 
4.5855411044e-09 2.0000000000e+04 7.7874690267e-01 4.2000000000e-01 
5.7327499215e-08 1.2600972670e+04 7.7749219661e-02 4.2000000000e-01 
2.8134747304e-11 1.5883364989e+04 8.0806516911e-01 4.2000000000e-01 
1.1007454728e-10 1.3035398953e+04 6.7808505996e-01 4.2000000000e-01 
1.8907581116e-08 1.4356426792e+04 8.3001829054e-01 4.2000000000e-01 
2.3500000000e-07 1.1355887790e+04 4.1200856185e-01 4.2000000000e-01 
7.2728191340e-08 1.3103776317e+04 4.4101894442e-01 4.2000000000e-01 
1.7773687835e-10 1.1873829134e+04 7.9558136832e-01 4.2000000000e-01 
9.5424263025e-11 1.2006727463e+04 6.1452490042e-01 4.2000000000e-01 
1.4194456308e-09 1.1625583370e+04 8.3062480290e-01 4.2000000000e-01 
1.5176207198e-08 1.8091307539e+04 1.5360079179e+00 4.2000000000e-01 
1.0027005315e-08 1.2080516412e+04 8.4829970466e-01 4.2000000000e-01 
7.1180658139e-11 1.2414639059e+04 1.1335330019e+00 4.2000000000e-01 
2.0044231911e-08 1.3252312141e+04 1.2980273003e+00 4.2000000000e-01 
3.5833217220e-10 1.4776627088e+04 3.3076824263e-01 4.2000000000e-01 
8.3326559975e-09 1.2348711416e+04 1.0443394641e-01 4.2000000000e-01 
5.4708769568e-09 1.4788590813e+04 7.8128457108e-01 4.2000000000e-01 
2.6779143913e-09 1.8445960074e+04 2.7616188671e-01 4.2000000000e-01 
6.8933421349e-11 1.1772899605e+04 1.7858202550e-01 4.2000000000e-01 
6.0576640488e-09 2.0000000000e+04 2.8063133692e-01 4.2000000000e-01 
1.4326715041e-10 1.3017528527e+04 1.0236242520e+00 4.2000000000e-01 
2.3500000000e-07 1.2740004349e+04 7.9956645300e-01 4.2000000000e-01 
1.9798041347e-09 1.1400513080e+04 7.9169379343e-01 4.2000000000e-01 
2.1024122299e-10 1.9124046818e+04 7.7848933611e-01 4.2000000000e-01 
4.5201280668e-08 1.1325447580e+04 5.2566172504e-01 4.2000000000e-01 
2.3499999999e-07 1.1310011219e+04 7.6513287888e-01 4.2000000000e-01 
2.9328539955e-09 2.0000000000e+04 1.3749817140e+00 4.2000000000e-01 
4.8612150346e-10 1.5612979068e+04 3.0688219128e-01 4.2000000000e-01 
2.7247110229e-09 1.5329528397e+04 6.4587691688e-01 4.2000000000e-01 
4.7399635003e-09 1.2590921588e+04 1.4769298829e-01 4.2000000000e-01 
3.0736066877e-09 1.1333947719e+04 2.9395978834e-01 4.2000000000e-01 
3.7753783074e-10 1.2003401493e+04 1.7317045952e-01 4.2000000000e-01 
1.8161488459e-09 1.4302360021e+04 6.2041380262e-01 4.2000000000e-01 
9.1849001201e-09 1.3904429896e+04 5.9901002315e-01 4.2000000000e-01 
2.1117307985e-09 1.2248723777e+04 5.1650502769e-01 4.2000000000e-01 
2.3499999999e-07 1.4355051433e+04 1.0521184438e+00 4.2000000000e-01 
2.3499999999e-07 1.5660504612e+04 1.2302834812e+00 4.2000000000e-01 
2.3499999999e-07 1.2197798269e+04 1.2145618593e+00 4.2000000000e-01 
3.7095313823e-10 1.3817394907e+04 7.8790452923e-01 4.2000000000e-01 
5.9881195482e-10 1.3327123365e+04 5.1380084429e-01 4.2000000000e-01 
1.9373924044e-09 1.2159022140e+04 7.9600367019e-01 4.2000000000e-01 
1.2060524941e-09 1.2016831746e+04 1.1153285618e+00 4.2000000000e-01 
4.5507206325e-11 1.4985357742e+04 2.0632669821e-01 4.2000000000e-01 
5.2015339061e-11 1.4302659058e+04 1.2330879924e+00 4.2000000000e-01 
2.3500000000e-07 1.8595392018e+04 6.2629584487e-01 4.2000000000e-01 
2.1125129080e-09 1.9571362155e+04 9.4383537374e-01 4.2000000000e-01 
3.9352816954e-09 1.4346981928e+04 2.2212035856e-01 4.2000000000e-01 
