Mass [kg]        Velocity [m s-1]    Theta [rad]    CO2 [frac]    
1.0704783128e-08 1.3171278244e+04 5.7358754899e-01 7.2000000000e-01 
4.2628359039e-09 1.3643979723e+04 9.9203189963e-01 7.2000000000e-01 
2.3038664056e-07 1.3871149080e+04 1.1755823732e+00 7.2000000000e-01 
1.1760554147e-10 1.1609898643e+04 8.2332898027e-01 7.2000000000e-01 
7.4651363960e-09 1.2592172678e+04 1.3756162818e+00 7.2000000000e-01 
1.1422635492e-08 1.1286732845e+04 5.0828934601e-01 7.2000000000e-01 
2.3500000000e-07 1.2905744240e+04 7.1154564415e-01 7.2000000000e-01 
2.9217359248e-08 1.3146013272e+04 8.5649655891e-01 7.2000000000e-01 
6.4862048188e-11 1.3407822731e+04 7.2681870655e-01 7.2000000000e-01 
5.0627242656e-11 1.6168980642e+04 8.5352434820e-01 7.2000000000e-01 
4.8301769581e-08 1.9231728304e+04 1.1162725631e+00 7.2000000000e-01 
6.5388530812e-09 1.3336824947e+04 2.3407111108e-01 7.2000000000e-01 
9.5198264371e-10 1.3811809599e+04 3.9453647100e-01 7.2000000000e-01 
4.4575221207e-08 1.2898927151e+04 1.3494420104e+00 7.2000000000e-01 
1.0811106238e-11 1.8363971888e+04 1.0408329717e+00 7.2000000000e-01 
4.6586667142e-12 1.2128304890e+04 2.5105963186e-01 7.2000000000e-01 
3.7108807115e-09 1.6620623885e+04 5.1141516835e-01 7.2000000000e-01 
8.5110208475e-10 1.7868292549e+04 5.6406763970e-01 7.2000000000e-01 
2.3499999999e-07 1.1450942433e+04 6.0504064179e-01 7.2000000000e-01 
2.3500000000e-07 1.7347525697e+04 6.2047947165e-01 7.2000000000e-01 
1.1073290279e-09 1.1562853259e+04 1.4053995306e+00 7.2000000000e-01 
3.0946909816e-10 1.1900480473e+04 1.0911856971e+00 7.2000000000e-01 
6.6888834018e-10 1.1202096930e+04 1.1738108795e+00 7.2000000000e-01 
2.3500000000e-07 1.3444909306e+04 1.0250450983e+00 7.2000000000e-01 
2.1937898979e-09 1.2960704501e+04 1.1735236149e+00 7.2000000000e-01 
2.3500000000e-07 1.2029957707e+04 1.1350971484e+00 7.2000000000e-01 
3.6680351125e-08 1.6189253652e+04 5.3845603476e-01 7.2000000000e-01 
1.3748128402e-09 1.1704194744e+04 1.0689469214e+00 7.2000000000e-01 
3.0947271488e-09 1.4623243914e+04 3.7893811163e-01 7.2000000000e-01 
2.3499999999e-07 1.5717226192e+04 1.2644749985e+00 7.2000000000e-01 
1.5456871155e-09 1.8103985250e+04 2.5582223782e-01 7.2000000000e-01 
2.3500000000e-07 1.2263365299e+04 5.5713887973e-01 7.2000000000e-01 
6.6902742915e-11 1.1513673472e+04 8.0928210768e-01 7.2000000000e-01 
1.3878131496e-08 1.3574195304e+04 1.2523632110e+00 7.2000000000e-01 
4.2790258882e-12 1.5560527310e+04 1.2807312514e+00 7.2000000000e-01 
1.4378445337e-09 1.1912245401e+04 9.4556152372e-01 7.2000000000e-01 
2.3500000000e-07 1.1407583775e+04 9.0825164781e-01 7.2000000000e-01 
7.9802859906e-13 1.5310821150e+04 7.8543284871e-01 7.2000000000e-01 
6.8157312694e-10 1.1568107715e+04 9.4020703253e-01 7.2000000000e-01 
9.7927238629e-10 1.1922614278e+04 9.7844741825e-01 7.2000000000e-01 
1.8066709473e-10 1.5385066844e+04 1.1896228326e+00 7.2000000000e-01 
3.8346075135e-09 1.5020008509e+04 1.1299112600e+00 7.2000000000e-01 
4.8658771128e-09 1.2916555294e+04 9.4355352735e-01 7.2000000000e-01 
1.9851812064e-10 1.2797518182e+04 1.0608312010e+00 7.2000000000e-01 
1.1504073721e-07 1.1899617868e+04 7.3319693386e-01 7.2000000000e-01 
1.3177651824e-09 1.8447987840e+04 1.1380356843e+00 7.2000000000e-01 
2.9131513030e-11 1.1617013284e+04 1.0666314628e+00 7.2000000000e-01 
2.3499999999e-07 1.6766978680e+04 4.7095490664e-01 7.2000000000e-01 
5.1650838889e-09 1.4442398471e+04 9.8254602926e-01 7.2000000000e-01 
9.3009308247e-11 1.3369251419e+04 8.6482709395e-01 7.2000000000e-01 
4.7958014253e-10 1.7281675876e+04 1.1204576411e+00 7.2000000000e-01 
1.9360670748e-07 1.4822567539e+04 2.9065894579e-01 7.2000000000e-01 
9.8942119663e-09 1.7324792795e+04 8.5791223872e-01 7.2000000000e-01 
1.9638382048e-08 1.1340368423e+04 7.1568185047e-01 7.2000000000e-01 
6.0535719372e-10 1.8802740396e+04 1.4119293585e+00 7.2000000000e-01 
2.1593657480e-08 1.5606515732e+04 1.0368234182e+00 7.2000000000e-01 
5.9398101932e-08 1.4054041710e+04 1.1720355871e+00 7.2000000000e-01 
1.4842301036e-11 1.7619840502e+04 7.9956888554e-01 7.2000000000e-01 
2.3499999999e-07 1.1300617404e+04 7.2366951320e-01 7.2000000000e-01 
2.3500000000e-07 1.3719295524e+04 1.2369412225e+00 7.2000000000e-01 
2.3499999999e-07 2.0000000000e+04 3.7182477950e-01 7.2000000000e-01 
2.3499999999e-07 1.1355017536e+04 9.7776812115e-01 7.2000000000e-01 
1.7832468470e-10 1.4755644469e+04 1.2260256270e+00 7.2000000000e-01 
2.3499999999e-07 1.2330617010e+04 6.2182176623e-01 7.2000000000e-01 
3.5061674737e-09 1.3523522383e+04 4.1612189146e-01 7.2000000000e-01 
5.8042219548e-10 1.5177154104e+04 1.0868997842e+00 7.2000000000e-01 
1.7499908387e-10 1.9166171572e+04 1.1842505330e+00 7.2000000000e-01 
2.4185377381e-09 1.1240429666e+04 6.9984834220e-01 7.2000000000e-01 
2.3499999999e-07 1.6677580871e+04 8.4684904064e-01 7.2000000000e-01 
2.3499999999e-07 1.3646799910e+04 6.5680861325e-01 7.2000000000e-01 
2.3499999999e-07 1.2801006834e+04 3.2901467509e-01 7.2000000000e-01 
6.9159275318e-10 1.1534690377e+04 1.2076358402e+00 7.2000000000e-01 
6.9093284567e-12 1.3265968518e+04 1.5536430240e-01 7.2000000000e-01 
7.1947657653e-09 1.1417377078e+04 1.1474629095e+00 7.2000000000e-01 
7.2856369176e-09 1.3346516257e+04 2.1955067177e-01 7.2000000000e-01 
2.3499999999e-07 1.4186812250e+04 8.8883438146e-01 7.2000000000e-01 
2.3499999999e-07 1.1328507996e+04 6.9473288196e-01 7.2000000000e-01 
1.5687879109e-12 1.2714112974e+04 1.0847088457e+00 7.2000000000e-01 
2.3500000000e-07 1.2844487459e+04 3.7821384960e-01 7.2000000000e-01 
2.6698596079e-09 1.2924660820e+04 6.5271026411e-01 7.2000000000e-01 
2.1158096889e-07 2.0000000000e+04 1.3848567250e+00 7.2000000000e-01 
4.2968927246e-11 1.3043241283e+04 8.1644630135e-01 7.2000000000e-01 
9.5438088284e-10 1.7586984135e+04 6.0285213811e-01 7.2000000000e-01 
2.9436349173e-09 1.2329808924e+04 9.9113344450e-01 7.2000000000e-01 
2.8644541140e-10 1.2561383765e+04 9.6264056638e-01 7.2000000000e-01 
1.6221247830e-07 1.1981686495e+04 1.0726102550e+00 7.2000000000e-01 
7.3327851408e-08 1.3552201629e+04 1.2047536024e+00 7.2000000000e-01 
1.4276072764e-09 1.1367540661e+04 1.1111864682e+00 7.2000000000e-01 
6.3142059380e-11 1.2630754049e+04 6.6655070414e-01 7.2000000000e-01 
2.8561302730e-09 1.5812541413e+04 1.0564313000e+00 7.2000000000e-01 
8.1216828684e-08 1.7300407528e+04 5.3087031918e-01 7.2000000000e-01 
2.3834632520e-08 1.5153263351e+04 6.7203648762e-01 7.2000000000e-01 
4.9806763402e-08 1.8328030941e+04 8.8013575151e-01 7.2000000000e-01 
1.0273537575e-09 1.3780751823e+04 7.9659078061e-01 7.2000000000e-01 
1.0846790369e-08 1.2006076974e+04 1.1076876765e+00 7.2000000000e-01 
2.7807131355e-11 1.3685204080e+04 3.5635283035e-01 7.2000000000e-01 
7.1218191701e-08 1.6327440910e+04 7.6782806472e-01 7.2000000000e-01 
1.3029869513e-08 1.2051934972e+04 1.1228626403e+00 7.2000000000e-01 
2.3499999999e-07 1.1952522582e+04 5.3843441152e-01 7.2000000000e-01 
1.5951905182e-08 1.1427967704e+04 1.0218209364e+00 7.2000000000e-01 
4.9918139968e-12 1.3334103793e+04 1.0575448293e+00 7.2000000000e-01 
5.8918988533e-10 1.2119868052e+04 1.1768616005e+00 7.2000000000e-01 
2.3169153107e-10 1.4262423628e+04 7.3796839219e-01 7.2000000000e-01 
1.1210863343e-09 1.5218899054e+04 8.8606998255e-01 7.2000000000e-01 
3.9551254647e-09 1.6704758523e+04 2.0938257756e-01 7.2000000000e-01 
1.4243190101e-08 1.1853855172e+04 1.3856036237e+00 7.2000000000e-01 
1.2410220628e-09 1.9545869420e+04 1.2398099623e+00 7.2000000000e-01 
2.3686283369e-08 1.3911594373e+04 3.3478732301e-01 7.2000000000e-01 
6.9047101695e-11 1.2353400176e+04 6.1550854492e-01 7.2000000000e-01 
1.2300156379e-09 1.3543513135e+04 1.0312928254e+00 7.2000000000e-01 
1.3968129649e-07 1.3133286141e+04 6.3626977980e-01 7.2000000000e-01 
9.5542495927e-08 1.9588231982e+04 5.3386457896e-01 7.2000000000e-01 
1.0642774454e-11 1.2900330546e+04 9.0719560544e-01 7.2000000000e-01 
2.3500000000e-07 1.3363823364e+04 8.1561697300e-01 7.2000000000e-01 
2.3499999999e-07 1.4733935319e+04 4.8367620916e-01 7.2000000000e-01 
4.3005633121e-11 1.1748477490e+04 7.1891108472e-01 7.2000000000e-01 
2.3500000000e-07 1.5242637365e+04 1.1707349221e+00 7.2000000000e-01 
1.4264976596e-09 1.3455093775e+04 2.4903936240e-01 7.2000000000e-01 
1.2254540708e-08 1.5440441932e+04 6.0065154374e-01 7.2000000000e-01 
2.3232999284e-10 1.3774664795e+04 6.0693805264e-01 7.2000000000e-01 
3.2620051234e-11 1.1886970392e+04 5.6858969259e-01 7.2000000000e-01 
7.8459968264e-08 1.1379677268e+04 3.5787120463e-01 7.2000000000e-01 
4.5581144061e-09 1.9952725722e+04 3.7759309493e-01 7.2000000000e-01 
4.4932204701e-09 1.1248172035e+04 8.8629111837e-01 7.2000000000e-01 
3.5334234303e-09 1.2459195850e+04 8.2312096579e-01 7.2000000000e-01 
1.1899489321e-08 1.1885059148e+04 8.5774451922e-01 7.2000000000e-01 
4.6105324103e-10 2.0000000000e+04 1.2738005087e+00 7.2000000000e-01 
6.1147946143e-10 1.1326248003e+04 9.3630678989e-01 7.2000000000e-01 
9.5991599513e-09 1.1771381430e+04 1.1515903699e+00 7.2000000000e-01 
6.3574148978e-09 1.2358277809e+04 8.0300200243e-01 7.2000000000e-01 
9.3975757579e-09 1.3512078312e+04 4.4188943908e-01 7.2000000000e-01 
2.3499999999e-07 1.2034293865e+04 8.2058750223e-01 7.2000000000e-01 
2.1456501609e-08 1.2604331110e+04 5.4754663428e-01 7.2000000000e-01 
2.4504827380e-09 1.1548487400e+04 7.2231070814e-01 7.2000000000e-01 
7.6483603958e-12 1.4616410825e+04 9.3959459333e-01 7.2000000000e-01 
2.8652174021e-09 1.3090223287e+04 7.2128232328e-01 7.2000000000e-01 
2.7873265302e-11 1.3621793712e+04 4.3095295006e-01 7.2000000000e-01 
5.0770494071e-10 1.3253495134e+04 1.1208667506e+00 7.2000000000e-01 
3.2134648721e-08 1.2853814627e+04 6.6081862663e-01 7.2000000000e-01 
2.1163909354e-08 1.1720530348e+04 8.5431560985e-01 7.2000000000e-01 
3.1890323889e-08 1.1439479816e+04 6.8214829719e-01 7.2000000000e-01 
3.1873639524e-10 1.1758957912e+04 1.2428904708e+00 7.2000000000e-01 
3.2549163707e-12 1.2035552702e+04 8.6469804532e-01 7.2000000000e-01 
1.7219199142e-10 1.2723610409e+04 6.2336982996e-01 7.2000000000e-01 
7.0296355438e-08 1.1786277518e+04 1.3472973449e+00 7.2000000000e-01 
2.3500000000e-07 1.3451839366e+04 8.6317547121e-01 7.2000000000e-01 
1.6206086235e-09 1.9411135711e+04 6.9764076643e-01 7.2000000000e-01 
2.3500000000e-07 1.2868305109e+04 8.0573873180e-01 7.2000000000e-01 
2.3499999999e-07 2.0000000000e+04 3.9830142818e-01 7.2000000000e-01 
2.3499999999e-07 1.2383921512e+04 1.4624204701e+00 7.2000000000e-01 
1.9436033600e-10 1.5116958419e+04 9.9176101883e-01 7.2000000000e-01 
1.2428229133e-10 1.5920718626e+04 2.1860690189e-01 7.2000000000e-01 
3.7403364415e-08 1.5907681846e+04 4.1732699994e-01 7.2000000000e-01 
1.4786512366e-08 1.2614253754e+04 5.0583280412e-01 7.2000000000e-01 
1.2496689980e-10 1.7286870401e+04 7.0329564098e-01 7.2000000000e-01 
8.7941302167e-09 1.1935550547e+04 6.1002367328e-01 7.2000000000e-01 
2.3500000000e-07 1.1380924327e+04 7.7556020714e-01 7.2000000000e-01 
4.5132856988e-10 1.2602977500e+04 4.6295724159e-01 7.2000000000e-01 
2.3500000000e-07 1.9187484131e+04 6.7273288549e-01 7.2000000000e-01 
2.8204891568e-08 1.2250818824e+04 1.4299262018e-01 7.2000000000e-01 
2.5988090099e-09 1.8673710737e+04 7.6278353996e-01 7.2000000000e-01 
2.1385295127e-09 1.4619205855e+04 1.0306857903e+00 7.2000000000e-01 
8.6930174698e-12 1.1481495832e+04 1.3012841724e+00 7.2000000000e-01 
1.9344787292e-09 1.1834285058e+04 1.1355842923e+00 7.2000000000e-01 
2.3879132989e-10 1.1414929962e+04 1.2477043194e+00 7.2000000000e-01 
1.3358352980e-10 1.2292627567e+04 1.2011417860e+00 7.2000000000e-01 
2.4704164068e-09 1.2089837579e+04 8.4452825943e-01 7.2000000000e-01 
2.1506137698e-09 1.1403554931e+04 9.6531321169e-01 7.2000000000e-01 
6.7054752094e-10 1.5712484006e+04 3.2711921561e-01 7.2000000000e-01 
1.2403326226e-08 1.1551509729e+04 7.5329447921e-01 7.2000000000e-01 
1.6419035255e-10 1.4411145386e+04 7.8922180546e-01 7.2000000000e-01 
2.3499999999e-07 1.3480384113e+04 1.1367865920e+00 7.2000000000e-01 
1.5257219050e-12 1.2593713932e+04 6.3556718965e-01 7.2000000000e-01 
2.9757257605e-08 1.1611622547e+04 8.9796249715e-01 7.2000000000e-01 
8.5446481074e-11 1.1505352774e+04 8.2460740215e-01 7.2000000000e-01 
2.2334587650e-07 1.6702882931e+04 9.9044501536e-01 7.2000000000e-01 
3.9420145352e-12 1.8826978318e+04 8.9742625890e-01 7.2000000000e-01 
2.3499999999e-07 2.0000000000e+04 1.0697207841e+00 7.2000000000e-01 
2.3500000000e-07 2.0000000000e+04 7.0423302879e-01 7.2000000000e-01 
1.0153872406e-08 1.1410427393e+04 4.1432971546e-01 7.2000000000e-01 
2.3499999999e-07 1.5275577907e+04 7.1611186251e-01 7.2000000000e-01 
2.3500000000e-07 1.4335452440e+04 4.9962857960e-01 7.2000000000e-01 
9.3501355732e-08 1.2645847983e+04 6.5751232137e-01 7.2000000000e-01 
2.2036632403e-08 2.0000000000e+04 1.0214019325e+00 7.2000000000e-01 
6.8624404752e-09 1.1240261293e+04 7.2225192009e-01 7.2000000000e-01 
3.0645676411e-11 1.2241883250e+04 2.2061503761e-01 7.2000000000e-01 
5.8891238736e-09 1.1301546200e+04 4.8055318423e-01 7.2000000000e-01 
2.3499999999e-07 1.7052827975e+04 6.2272257861e-01 7.2000000000e-01 
9.3003383005e-10 1.4161750590e+04 9.6580954663e-01 7.2000000000e-01 
3.5023982462e-10 1.1301176274e+04 6.1346800338e-01 7.2000000000e-01 
3.0121914016e-10 1.5801866814e+04 5.4089115250e-01 7.2000000000e-01 
2.9993089529e-08 1.3342119769e+04 3.8240504042e-01 7.2000000000e-01 
7.8938064323e-08 1.1234032132e+04 5.6181239523e-01 7.2000000000e-01 
1.1145637277e-08 1.9502327216e+04 1.1529552523e+00 7.2000000000e-01 
1.0868995365e-07 1.1931824124e+04 1.0244140612e+00 7.2000000000e-01 
4.0707655407e-10 1.2103678661e+04 1.1710586757e+00 7.2000000000e-01 
2.6806644669e-11 1.1500924979e+04 9.8579382266e-01 7.2000000000e-01 
3.3123219654e-10 1.4071985063e+04 1.3073356990e+00 7.2000000000e-01 
2.3500000000e-07 1.4165402692e+04 9.1640534445e-01 7.2000000000e-01 
