Radius [m]       Fe Area [frac]    Max Temp [k]    
8.1657668348e-06 1.0000000000e+00 1.5421486493e+03 
1.9474095567e-05 6.9180039873e-01 2.0430662688e+03 
8.4025311126e-05 8.1769297718e-01 2.4420179638e+03 
3.9021240763e-05 8.3472359413e-01 2.4003012110e+03 
7.4391378961e-05 8.1127394149e-01 2.4739562614e+03 
4.1552740686e-06 1.0000000000e+00 1.5053445277e+03 
5.3745951682e-05 8.3408821262e-01 2.3738220779e+03 
6.1626426371e-05 7.3622289047e-01 1.8279913515e+03 
6.4515372142e-05 8.1708987288e-01 2.4709061163e+03 
7.0465886400e-05 8.0962598236e-01 2.4840637463e+03 
1.1060868277e-05 8.4514690097e-01 2.4844398789e+03 
3.7436163544e-06 8.3146818768e-01 2.4013652064e+03 
5.9898226399e-05 8.3609407246e-01 2.3426203532e+03 
5.5080945741e-06 1.0000000000e+00 1.4175012587e+03 
6.7233054392e-05 8.2778682321e-01 2.4206330956e+03 
4.9918692850e-05 8.2694960567e-01 2.3780149079e+03 
5.2676785898e-06 8.4832157065e-01 2.5953715157e+03 
4.6704011516e-06 7.8569551527e-01 2.2095355477e+03 
3.8675794705e-06 8.3882858246e-01 2.4561663004e+03 
3.9874859844e-05 7.6286259107e-01 2.1751580858e+03 
7.5435248210e-06 7.3354386575e-01 1.7593612233e+03 
1.7226511809e-05 8.3689551029e-01 2.3254072261e+03 
2.9793177419e-05 7.2738092140e-01 1.9619463559e+03 
4.5940727406e-06 1.0000000000e+00 1.3182160621e+03 
2.2830045769e-05 8.3316945166e-01 2.2906831883e+03 
1.8892548668e-05 7.1516528369e-01 1.9673214722e+03 
2.6516827941e-05 7.9739881655e-01 2.2194630163e+03 
1.4537130439e-05 7.9330361242e-01 2.2129596507e+03 
1.8432736646e-05 7.0611333184e-01 1.9925176971e+03 
1.7363502059e-05 8.1764052870e-01 2.2475159357e+03 
8.5047046132e-05 8.2818230324e-01 2.2922223122e+03 
6.0800821223e-05 8.2234226152e-01 2.3828544250e+03 
4.8768981672e-05 8.0694865793e-01 2.2502454375e+03 
5.5375403365e-05 1.0000000000e+00 1.5767163931e+03 
2.4467857459e-05 8.3774106433e-01 2.4855449950e+03 
8.6534884206e-06 7.9730936905e-01 2.2190098533e+03 
2.5720515789e-05 8.0011261002e-01 1.6762340759e+03 
1.6007515030e-05 8.4132182160e-01 2.3704551492e+03 
3.5683293596e-05 8.3591428181e-01 2.3209396124e+03 
4.8294013981e-06 8.1226925200e-01 2.2796092189e+03 
3.7172353649e-05 8.3024209073e-01 2.2969030377e+03 
9.0039939379e-06 6.8742124286e-01 1.9006971461e+03 
6.1907738143e-05 8.2611664490e-01 2.4125791447e+03 
2.0587957185e-05 7.6581606701e-01 1.7497591766e+03 
1.7268427306e-05 6.9082494775e-01 1.8526408399e+03 
1.2230739494e-05 8.2884881575e-01 2.2962328315e+03 
7.8845514053e-05 8.2540747742e-01 2.4249116443e+03 
2.3658348595e-05 7.6419762021e-01 1.7667181657e+03 
1.6119071010e-04 7.5377150814e-01 2.1561221586e+03 
1.3493042802e-05 8.4370972195e-01 2.5842941939e+03 
4.2586409284e-05 8.3386959086e-01 2.3307175507e+03 
8.6933455261e-05 8.2983478157e-01 2.2907409066e+03 
5.3592654430e-06 1.0000000000e+00 1.4984556836e+03 
4.0304277491e-05 8.3124008754e-01 2.3138937845e+03 
4.4580393061e-05 8.2987412223e-01 2.2806551995e+03 
2.6538746530e-05 7.1017689011e-01 1.7999030447e+03 
3.6959698444e-05 7.7640906668e-01 2.2024407998e+03 
1.3667174712e-04 8.2884337865e-01 2.3515579544e+03 
3.5162470630e-05 1.0000000000e+00 1.5440619987e+03 
5.4440207963e-05 8.1297065170e-01 2.2466425271e+03 
1.5020087891e-05 8.4239950477e-01 2.5398684376e+03 
5.8632542005e-06 8.3343631751e-01 2.3753045051e+03 
1.4873791471e-05 6.8330740040e-01 1.9446450959e+03 
4.2775188792e-05 8.2237886746e-01 2.2647543267e+03 
3.0449431899e-05 7.9759610046e-01 2.2270650168e+03 
2.3248622619e-05 7.2748420266e-01 1.9554662229e+03 
4.4588950022e-06 8.3991462925e-01 2.4494247696e+03 
9.4439422172e-06 8.1472095561e-01 2.2574442349e+03 
1.9301054009e-05 7.0923296445e-01 1.8315399887e+03 
1.2778787789e-05 8.2186107967e-01 1.6833404784e+03 
8.2550544403e-05 8.1848134483e-01 2.4413745208e+03 
6.6916167614e-05 8.2985663358e-01 2.3462256049e+03 
2.0038436482e-05 8.2753107475e-01 2.2660408247e+03 
7.4281084835e-06 8.2916570745e-01 2.3258366723e+03 
3.9542329342e-05 7.8903860038e-01 2.1884384839e+03 
5.9601906850e-06 1.0000000000e+00 1.1996736165e+03 
7.7753941723e-05 8.2779880132e-01 2.3590653159e+03 
9.1234813139e-05 8.3146499457e-01 2.3847418016e+03 
7.3359464315e-05 8.1640262308e-01 2.4294190798e+03 
4.8216034199e-06 1.0000000000e+00 1.2070413404e+03 
1.0241949956e-05 1.0000000000e+00 6.6198208766e+02 
1.1216277427e-05 6.9142928081e-01 1.9025494064e+03 
1.5860843232e-05 1.0000000000e+00 1.5758443367e+03 
2.4667004841e-05 7.9783357946e-01 2.2185006063e+03 
1.8315560196e-05 1.0000000000e+00 1.2583210181e+03 
3.2456470831e-05 8.2487459313e-01 2.2663645963e+03 
1.9171215495e-05 8.3894797584e-01 2.3375545987e+03 
1.6264653464e-05 8.4129949592e-01 2.5444042689e+03 
6.8759406800e-05 8.0918124602e-01 2.4875481271e+03 
8.6857499159e-05 8.2751459969e-01 2.3367382182e+03 
4.8842112007e-05 8.3257512056e-01 2.3657784089e+03 
4.7446419747e-05 7.8634293414e-01 2.2137441692e+03 
3.2825628283e-05 7.7285648795e-01 2.1896181167e+03 
1.1900493291e-05 8.3263754001e-01 2.3287978831e+03 
6.9491433992e-05 1.0000000000e+00 1.5430085097e+03 
2.1825300156e-05 7.2208698348e-01 2.0508533113e+03 
1.9756089846e-04 7.8465355708e-01 2.2040312128e+03 
2.7236855265e-05 7.2584711782e-01 2.0830916580e+03 
2.7258837448e-05 7.8567985620e-01 2.1966693460e+03 
1.0392250805e-04 7.9956715363e-01 2.4720527797e+03 
3.3876196675e-05 7.3346067331e-01 1.9329571401e+03 
6.3569737566e-05 8.3006777652e-01 2.3657495503e+03 
6.3945883200e-05 8.2138352298e-01 2.3830927241e+03 
1.8743778049e-05 8.9579485019e-01 1.6560103559e+03 
7.6531634664e-06 8.4220386966e-01 2.4758336743e+03 
8.1383001538e-05 8.3623428655e-01 2.3716519098e+03 
5.6646551949e-05 8.2274553186e-01 2.4095348794e+03 
5.8409704745e-05 8.2869359257e-01 2.4437529990e+03 
4.1792312162e-05 7.9399003981e-01 2.2127955212e+03 
5.8502270602e-05 8.3580687244e-01 2.3566483212e+03 
1.1476653767e-04 8.1575530051e-01 2.4141450222e+03 
6.2193666291e-05 8.2348298761e-01 2.3951676962e+03 
8.2950141058e-06 1.0000000000e+00 1.4652908854e+03 
1.0142936140e-04 8.0951372672e-01 2.4341516620e+03 
7.9116322750e-06 1.0000000000e+00 1.5457716557e+03 
1.4316463096e-05 7.7669414652e-01 1.7163187361e+03 
3.4709568007e-05 8.2393950720e-01 2.2543216288e+03 
9.9247526708e-06 7.8718083607e-01 1.7056358090e+03 
8.6432315208e-05 8.2095897881e-01 2.3818070748e+03 
2.2263377512e-05 7.2790917349e-01 1.9783221905e+03 
6.7841087977e-05 8.2552812695e-01 2.3558341328e+03 
1.0137922510e-05 7.5010656531e-01 1.7119942942e+03 
8.9872564787e-06 8.4671354450e-01 2.5831447073e+03 
1.8410623923e-05 7.2933170128e-01 1.8598037088e+03 
3.1584124765e-05 7.1900667653e-01 2.0683535651e+03 
7.3903483562e-05 8.1637166444e-01 2.4592934241e+03 
6.7623864614e-05 8.0906795683e-01 2.4897523352e+03 
1.0314264382e-04 8.0008492748e-01 2.4713489524e+03 
3.7886214616e-05 7.3502929466e-01 2.1044360159e+03 
2.5103263715e-05 8.1372627550e-01 2.2453355431e+03 
4.1162759847e-05 8.2979561942e-01 2.2810393064e+03 
5.9100308545e-05 8.2284496499e-01 2.3689444722e+03 
1.4382358158e-05 8.4370779066e-01 1.6741941093e+03 
4.7230251283e-05 8.3066750256e-01 2.4568404554e+03 
1.0221259011e-04 8.2862922169e-01 2.3466921672e+03 
7.1376144994e-06 1.0000000000e+00 1.6235290905e+03 
3.4254553370e-05 8.3572793902e-01 2.3077713692e+03 
1.7383506037e-05 8.1869597686e-01 2.2485671358e+03 
1.2614019457e-04 8.1231278282e-01 2.4181993415e+03 
9.7954919199e-06 1.0000000000e+00 5.0559305988e+02 
4.5311937721e-05 8.0012335370e-01 2.2373733275e+03 
1.1781473368e-04 8.2776280181e-01 2.2869918408e+03 
2.8665684641e-05 8.3587362382e-01 2.4808428156e+03 
5.2852288088e-05 8.1904498874e-01 2.2548458409e+03 
6.2719368581e-05 9.0045060433e-01 1.6549745704e+03 
5.1260719674e-05 8.3108428814e-01 2.3117621723e+03 
3.4081492720e-05 1.0000000000e+00 1.2263449481e+03 
6.8352734601e-05 8.1656696061e-01 2.4667990521e+03 
2.3728333401e-05 8.4360905276e-01 2.4306865400e+03 
4.7560574483e-05 8.2979518305e-01 2.3827283514e+03 
9.3725409107e-06 8.0240987610e-01 1.6910044408e+03 
1.7244129404e-05 7.5873172465e-01 1.7603670997e+03 
2.0010462524e-04 1.0000000000e+00 1.4392245351e+03 
2.4043503215e-05 8.2508851508e-01 2.2581584324e+03 
2.2257009244e-05 7.3026105165e-01 2.0943992871e+03 
9.8242692820e-05 8.1611053446e-01 2.4321042963e+03 
4.7933988807e-06 8.4828479522e-01 2.5716475413e+03 
5.2603004021e-05 7.3520029428e-01 1.8886273068e+03 
4.6697857065e-05 8.3384926789e-01 2.3119829660e+03 
1.5541990126e-05 7.2496835160e-01 2.1187354595e+03 
8.7940431094e-06 8.0176496113e-01 2.2276124581e+03 
2.8888538985e-05 8.3613254878e-01 2.3356393408e+03 
1.2033677333e-05 7.9606508852e-01 1.7111527209e+03 
5.4780884239e-05 8.2814004186e-01 2.2952772208e+03 
3.0464179548e-05 8.3691575095e-01 2.4196974907e+03 
2.1176666921e-05 8.1440137708e-01 2.2436318395e+03 
6.7998495727e-05 7.9720248439e-01 2.2148795027e+03 
5.9124379609e-05 8.2202723379e-01 2.4640269636e+03 
1.4308998598e-04 8.2754732878e-01 2.2982173945e+03 
1.8161111977e-05 7.2801571846e-01 1.9313438483e+03 
6.8817855786e-06 1.0000000000e+00 1.6443570429e+03 
2.9181124424e-05 7.5095219030e-01 2.1531945446e+03 
6.8206905729e-06 6.4494122178e-01 1.9324920642e+03 
3.1603880429e-05 7.2094017878e-01 1.9624595928e+03 
1.5766182843e-04 8.3104417208e-01 2.3152797924e+03 
6.3526430115e-05 8.2993254531e-01 2.3175678733e+03 
3.3886825963e-05 8.3233624469e-01 2.2913488190e+03 
1.9303039372e-05 7.2216028525e-01 2.1030224677e+03 
2.0012149456e-04 1.0000000000e+00 3.2899408707e+02 
2.5277777105e-05 8.3949171191e-01 2.3592231723e+03 
5.5141785420e-06 8.4787465116e-01 2.6068443878e+03 
6.8797875872e-05 8.1112455115e-01 2.4824589623e+03 
1.5915588507e-04 8.2492534637e-01 2.3492120291e+03 
2.1149792820e-05 7.2669718789e-01 1.9479901875e+03 
1.0385273582e-05 1.0000000000e+00 1.6189209737e+03 
1.3282564092e-05 7.9239785438e-01 2.2086512060e+03 
4.5592958309e-06 8.4218471011e-01 2.5051764472e+03 
2.6193842655e-05 8.3754492801e-01 2.3387964632e+03 
6.6224475566e-06 8.2869240237e-01 2.3248138855e+03 
1.7993912562e-05 7.4153112452e-01 1.8385996744e+03 
7.7454916161e-05 8.0734490765e-01 2.4812545945e+03 
3.7668555395e-05 7.4711063959e-01 2.1219452836e+03 
3.0796646052e-05 8.3740988731e-01 2.3927098449e+03 
6.8082131288e-06 8.0177204034e-01 2.2257874861e+03 
3.1760883258e-05 8.3293975045e-01 2.4856713544e+03 
5.7159934463e-05 8.2973341574e-01 2.3676378877e+03 
2.9771418855e-05 1.0000000000e+00 1.4253762230e+03 
6.0819285354e-05 8.2249569031e-01 2.3865541100e+03 
4.5469210120e-05 7.6099248639e-01 2.1700450121e+03 
7.4772105543e-05 8.1919682060e-01 2.4145342816e+03 
